epoch,step,train/loss_epoch,train/loss_step,val/error_T,val/loss,val/loss_best
0,0,10478.560546875,,,,
1,1,10333.6669921875,,,,
2,2,10191.1484375,,,,
3,3,10050.49609375,,,,
4,4,9911.2734375,,,,
5,5,9773.0341796875,,,,
6,6,9635.294921875,,,,
7,7,9497.974609375,,,,
8,8,9361.1279296875,,,,
9,9,,9225.095703125,,,
9,9,9225.095703125,,,,
10,10,9090.0146484375,,,,
11,11,8956.4794921875,,,,
12,12,8824.970703125,,,,
13,13,8696.2255859375,,,,
14,14,8571.0283203125,,,,
15,15,8449.9091796875,,,,
16,16,8333.6064453125,,,,
17,17,8222.689453125,,,,
18,18,8117.53466796875,,,,
19,19,,8018.35791015625,,,
19,19,8018.35791015625,,,,
20,20,7925.58056640625,,,,
21,21,7838.97900390625,,,,
22,22,7758.572265625,,,,
23,23,7684.26708984375,,,,
24,24,7615.6708984375,,,,
25,25,7552.56396484375,,,,
26,26,7494.5908203125,,,,
27,27,7441.31298828125,,,,
28,28,7392.35205078125,,,,
29,29,,7347.3310546875,,,
29,29,7347.3310546875,,,,
30,30,7305.8671875,,,,
31,31,7267.62060546875,,,,
32,32,7232.19921875,,,,
33,33,7199.37890625,,,,
34,34,7168.84619140625,,,,
35,35,7140.375,,,,
36,36,7113.72021484375,,,,
37,37,7088.7021484375,,,,
38,38,7065.1259765625,,,,
39,39,,7042.82275390625,,,
39,39,7042.82275390625,,,,
40,40,7021.63134765625,,,,
41,41,7001.4296875,,,,
42,42,6982.08935546875,,,,
43,43,6963.501953125,,,,
44,44,6945.56982421875,,,,
45,45,6928.22607421875,,,,
46,46,6911.39501953125,,,,
47,47,6895.0068359375,,,,
48,48,6879.03076171875,,,,
49,49,,6863.41015625,,,
49,49,6863.41015625,,,,
50,50,6848.11328125,,,,
51,51,6833.09912109375,,,,
52,52,6818.35791015625,,,,
53,53,6803.8408203125,,,,
54,54,6789.55078125,,,,
55,55,6775.453125,,,,
56,56,6761.5400390625,,,,
57,57,6747.79345703125,,,,
58,58,6734.20166015625,,,,
59,59,,6720.75341796875,,,
59,59,6720.75341796875,,,,
60,60,6707.44189453125,,,,
61,61,6694.25927734375,,,,
62,62,6681.1962890625,,,,
63,63,6668.24755859375,,,,
64,64,6655.4072265625,,,,
65,65,6642.6728515625,,,,
66,66,6630.03466796875,,,,
67,67,6617.49560546875,,,,
68,68,6605.0478515625,,,,
69,69,,6592.68896484375,,,
69,69,6592.68896484375,,,,
70,70,6580.41455078125,,,,
71,71,6568.22314453125,,,,
72,72,6556.11328125,,,,
73,73,6544.076171875,,,,
74,74,6532.11865234375,,,,
75,75,6520.2333984375,,,,
76,76,6508.416015625,,,,
77,77,6496.67138671875,,,,
78,78,6484.99072265625,,,,
79,79,,6473.37841796875,,,
79,79,6473.37841796875,,,,
80,80,6461.82763671875,,,,
81,81,6450.3388671875,,,,
82,82,6438.912109375,,,,
83,83,6427.54248046875,,,,
84,84,6416.23291015625,,,,
85,85,6404.98095703125,,,,
86,86,6393.7822265625,,,,
87,87,6382.6376953125,,,,
88,88,6371.54931640625,,,,
89,89,,6360.51220703125,,,
89,89,6360.51220703125,,,,
90,90,6349.52490234375,,,,
91,91,6338.58837890625,,,,
92,92,6327.7041015625,,,,
93,93,6316.8671875,,,,
94,94,6306.07861328125,,,,
95,95,6295.337890625,,,,
96,96,6284.6416015625,,,,
97,97,6273.9951171875,,,,
98,98,6263.39013671875,,,,
99,99,,6252.8310546875,,,
99,99,6252.8310546875,,,,
100,100,6242.3173828125,,,,
101,101,6231.845703125,,,,
102,102,6221.416015625,,,,
103,103,6211.0302734375,,,,
104,104,6200.68701171875,,,,
105,105,6190.3837890625,,,,
106,106,6180.12109375,,,,
107,107,6169.8994140625,,,,
108,108,6159.71826171875,,,,
109,109,,6149.57470703125,,,
109,109,6149.57470703125,,,,
110,110,6139.47265625,,,,
111,111,6129.40625,,,,
112,112,6119.3798828125,,,,
113,113,6109.39208984375,,,,
114,114,6099.44091796875,,,,
115,115,6089.5263671875,,,,
116,116,6079.64990234375,,,,
117,117,6069.80712890625,,,,
118,118,6060.00341796875,,,,
119,119,,6050.2333984375,,,
119,119,6050.2333984375,,,,
120,120,6040.5,,,,
121,121,6030.80029296875,,,,
122,122,6021.13720703125,,,,
123,123,6011.50732421875,,,,
124,124,6001.91259765625,,,,
125,125,5992.3515625,,,,
126,126,5982.82421875,,,,
127,127,5973.330078125,,,,
128,128,5963.869140625,,,,
129,129,,5954.44189453125,,,
129,129,5954.44189453125,,,,
130,130,5945.04541015625,,,,
131,131,5935.68359375,,,,
132,132,5926.35302734375,,,,
133,133,5917.0546875,,,,
134,134,5907.78759765625,,,,
135,135,5898.55224609375,,,,
136,136,5889.34716796875,,,,
137,137,5880.173828125,,,,
138,138,5871.03369140625,,,,
139,139,,5861.9228515625,,,
139,139,5861.9228515625,,,,
140,140,5852.841796875,,,,
141,141,5843.791015625,,,,
142,142,5834.77197265625,,,,
143,143,5825.78076171875,,,,
144,144,5816.82080078125,,,,
145,145,5807.8896484375,,,,
146,146,5798.98876953125,,,,
147,147,5790.11767578125,,,,
148,148,5781.2734375,,,,
149,149,,5772.4599609375,,,
149,149,5772.4599609375,,,,
150,150,5763.6748046875,,,,
151,151,5754.91845703125,,,,
152,152,5746.18896484375,,,,
153,153,5737.48974609375,,,,
154,154,5728.81787109375,,,,
155,155,5720.17431640625,,,,
156,156,5711.55810546875,,,,
157,157,5702.97021484375,,,,
158,158,5694.41015625,,,,
159,159,,5685.8779296875,,,
159,159,5685.8779296875,,,,
160,160,5677.37158203125,,,,
161,161,5668.89306640625,,,,
162,162,5660.44189453125,,,,
163,163,5652.01708984375,,,,
164,164,5643.61865234375,,,,
165,165,5635.2470703125,,,,
166,166,5626.90283203125,,,,
167,167,5618.5849609375,,,,
168,168,5610.2939453125,,,,
169,169,,5602.02783203125,,,
169,169,5602.02783203125,,,,
170,170,5593.78759765625,,,,
171,171,5585.57470703125,,,,
172,172,5577.38720703125,,,,
173,173,5569.2236328125,,,,
174,174,5561.087890625,,,,
175,175,5552.9775390625,,,,
176,176,5544.89208984375,,,,
177,177,5536.83203125,,,,
178,178,5528.79638671875,,,,
179,179,,5520.78662109375,,,
179,179,5520.78662109375,,,,
180,180,5512.80078125,,,,
181,181,5504.84228515625,,,,
182,182,5496.90625,,,,
183,183,5488.99658203125,,,,
184,184,5481.109375,,,,
185,185,5473.24853515625,,,,
186,186,5465.4111328125,,,,
187,187,5457.59912109375,,,,
188,188,5449.81005859375,,,,
189,189,,5442.044921875,,,
189,189,5442.044921875,,,,
190,190,5434.30517578125,,,,
191,191,5426.58984375,,,,
192,192,5418.89599609375,,,,
193,193,5411.22802734375,,,,
194,194,5403.58251953125,,,,
195,195,5395.9609375,,,,
196,196,5388.36279296875,,,,
197,197,5380.78857421875,,,,
198,198,5373.2373046875,,,,
199,199,,5365.70849609375,,,
199,199,5365.70849609375,,,,
200,200,5358.2041015625,,,,
201,201,5350.72216796875,,,,
202,202,5343.26416015625,,,,
203,203,5335.828125,,,,
204,204,5328.41552734375,,,,
205,205,5321.02490234375,,,,
206,206,5313.658203125,,,,
207,207,5306.3134765625,,,,
208,208,5298.99072265625,,,,
209,209,,5291.6923828125,,,
209,209,5291.6923828125,,,,
210,210,5284.41455078125,,,,
211,211,5277.15966796875,,,,
212,212,5269.92724609375,,,,
213,213,5262.71630859375,,,,
214,214,5255.5283203125,,,,
215,215,5248.36181640625,,,,
216,216,5241.21728515625,,,,
217,217,5234.09521484375,,,,
218,218,5226.994140625,,,,
219,219,,5219.91650390625,,,
219,219,5219.91650390625,,,,
220,220,5212.859375,,,,
221,221,5205.82373046875,,,,
222,222,5198.8095703125,,,,
223,223,5191.8173828125,,,,
224,224,5184.8466796875,,,,
225,225,5177.8974609375,,,,
226,226,5170.96923828125,,,,
227,227,5164.0625,,,,
228,228,5157.1767578125,,,,
229,229,,5150.31103515625,,,
229,229,5150.31103515625,,,,
230,230,5143.4677734375,,,,
231,231,5136.6455078125,,,,
232,232,5129.84375,,,,
233,233,5123.06298828125,,,,
234,234,5116.302734375,,,,
235,235,5109.56396484375,,,,
236,236,5102.8447265625,,,,
237,237,5096.1474609375,,,,
238,238,5089.46923828125,,,,
239,239,,5082.81298828125,,,
239,239,5082.81298828125,,,,
240,240,5076.1767578125,,,,
241,241,5069.56005859375,,,,
242,242,5062.96484375,,,,
243,243,5056.388671875,,,,
244,244,5049.83447265625,,,,
245,245,5043.298828125,,,,
246,246,5036.78369140625,,,,
247,247,5030.28955078125,,,,
248,248,5023.8134765625,,,,
249,249,,5017.359375,,,
249,249,5017.359375,,,,
250,250,5010.9248046875,,,,
251,251,5004.50927734375,,,,
252,252,4998.11328125,,,,
253,253,4991.73779296875,,,,
254,254,4985.38134765625,,,,
255,255,4979.044921875,,,,
256,256,4972.72802734375,,,,
257,257,4966.43017578125,,,,
258,258,4960.15185546875,,,,
259,259,,4953.8935546875,,,
259,259,4953.8935546875,,,,
260,260,4947.654296875,,,,
261,261,4941.43408203125,,,,
262,262,4935.2333984375,,,,
263,263,4929.0517578125,,,,
264,264,4922.88916015625,,,,
265,265,4916.74658203125,,,,
266,266,4910.62109375,,,,
267,267,4904.51611328125,,,,
268,268,4898.4296875,,,,
269,269,,4892.361328125,,,
269,269,4892.361328125,,,,
270,270,4886.31298828125,,,,
271,271,4880.28369140625,,,,
272,272,4874.271484375,,,,
273,273,4868.279296875,,,,
274,274,4862.3046875,,,,
275,275,4856.349609375,,,,
276,276,4850.412109375,,,,
277,277,4844.49462890625,,,,
278,278,4838.5947265625,,,,
279,279,,4832.71240234375,,,
279,279,4832.71240234375,,,,
280,280,4826.849609375,,,,
281,281,4821.00439453125,,,,
282,282,4815.177734375,,,,
283,283,4809.36865234375,,,,
284,284,4803.57861328125,,,,
285,285,4797.806640625,,,,
286,286,4792.05224609375,,,,
287,287,4786.31640625,,,,
288,288,4780.59814453125,,,,
289,289,,4774.89697265625,,,
289,289,4774.89697265625,,,,
290,290,4769.21484375,,,,
291,291,4763.5498046875,,,,
292,292,4757.90380859375,,,,
293,293,4752.2744140625,,,,
294,294,4746.6630859375,,,,
295,295,4741.06884765625,,,,
296,296,4735.49267578125,,,,
297,297,4729.93408203125,,,,
298,298,4724.39306640625,,,,
299,299,,4718.86962890625,,,
299,299,4718.86962890625,,,,
300,300,4713.36279296875,,,,
301,301,4707.87451171875,,,,
302,302,4702.40283203125,,,,
303,303,4696.9482421875,,,,
304,304,4691.51171875,,,,
305,305,4686.09130859375,,,,
306,306,4680.68896484375,,,,
307,307,4675.302734375,,,,
308,308,4669.93408203125,,,,
309,309,,4664.58251953125,,,
309,309,4664.58251953125,,,,
310,310,4659.24853515625,,,,
311,311,4653.9306640625,,,,
312,312,4648.6298828125,,,,
313,313,4643.345703125,,,,
314,314,4638.0791015625,,,,
315,315,4632.82958984375,,,,
316,316,4627.59521484375,,,,
317,317,4622.37890625,,,,
318,318,4617.17919921875,,,,
319,319,,4611.99560546875,,,
319,319,4611.99560546875,,,,
320,320,4606.828125,,,,
321,321,4601.677734375,,,,
322,322,4596.54296875,,,,
323,323,4591.42578125,,,,
324,324,4586.32470703125,,,,
325,325,4581.240234375,,,,
326,326,4576.171875,,,,
327,327,4571.11865234375,,,,
328,328,4566.08349609375,,,,
329,329,,4561.0634765625,,,
329,329,4561.0634765625,,,,
330,330,4556.0595703125,,,,
331,331,4551.07275390625,,,,
332,332,4546.1005859375,,,,
333,333,4541.1455078125,,,,
334,334,4536.2060546875,,,,
335,335,4531.2822265625,,,,
336,336,4526.37451171875,,,,
337,337,4521.48291015625,,,,
338,338,4516.607421875,,,,
339,339,,4511.7470703125,,,
339,339,4511.7470703125,,,,
340,340,4506.90234375,,,,
341,341,4502.07470703125,,,,
342,342,4497.26171875,,,,
343,343,4492.4638671875,,,,
344,344,4487.681640625,,,,
345,345,4482.916015625,,,,
346,346,4478.16552734375,,,,
347,347,4473.4306640625,,,,
348,348,4468.7109375,,,,
349,349,,4464.00634765625,,,
349,349,4464.00634765625,,,,
350,350,4459.31689453125,,,,
351,351,4454.6435546875,,,,
352,352,4449.9853515625,,,,
353,353,4445.341796875,,,,
354,354,4440.7138671875,,,,
355,355,4436.1005859375,,,,
356,356,4431.50390625,,,,
357,357,4426.92138671875,,,,
358,358,4422.353515625,,,,
359,359,,4417.80224609375,,,
359,359,4417.80224609375,,,,
360,360,4413.2646484375,,,,
361,361,4408.74169921875,,,,
362,362,4404.23486328125,,,,
363,363,4399.7421875,,,,
364,364,4395.2646484375,,,,
365,365,4390.80078125,,,,
366,366,4386.3525390625,,,,
367,367,4381.9189453125,,,,
368,368,4377.5009765625,,,,
369,369,,4373.0966796875,,,
369,369,4373.0966796875,,,,
370,370,4368.70703125,,,,
371,371,4364.33154296875,,,,
372,372,4359.97119140625,,,,
373,373,4355.62548828125,,,,
374,374,4351.29443359375,,,,
375,375,4346.9775390625,,,,
376,376,4342.6748046875,,,,
377,377,4338.38623046875,,,,
378,378,4334.11279296875,,,,
379,379,,4329.853515625,,,
379,379,4329.853515625,,,,
380,380,4325.607421875,,,,
381,381,4321.37646484375,,,,
382,382,4317.15966796875,,,,
383,383,4312.95703125,,,,
384,384,4308.767578125,,,,
385,385,4304.5927734375,,,,
386,386,4300.4326171875,,,,
387,387,4296.28564453125,,,,
388,388,4292.1533203125,,,,
389,389,,4288.03466796875,,,
389,389,4288.03466796875,,,,
390,390,4283.93017578125,,,,
391,391,4279.83935546875,,,,
392,392,4275.76220703125,,,,
393,393,4271.69873046875,,,,
394,394,4267.64892578125,,,,
395,395,4263.61376953125,,,,
396,396,4259.591796875,,,,
397,397,4255.5830078125,,,,
398,398,4251.58837890625,,,,
399,399,,4247.60693359375,,,
399,399,4247.60693359375,,,,
400,400,4243.6396484375,,,,
401,401,4239.685546875,,,,
402,402,4235.7451171875,,,,
403,403,4231.81787109375,,,,
404,404,4227.904296875,,,,
405,405,4224.00341796875,,,,
406,406,4220.1162109375,,,,
407,407,4216.2431640625,,,,
408,408,4212.38232421875,,,,
409,409,,4208.53515625,,,
409,409,4208.53515625,,,,
410,410,4204.70166015625,,,,
411,411,4200.880859375,,,,
412,412,4197.0732421875,,,,
413,413,4193.2783203125,,,,
414,414,4189.49755859375,,,,
415,415,4185.728515625,,,,
416,416,4181.97265625,,,,
417,417,4178.23095703125,,,,
418,418,4174.50146484375,,,,
419,419,,4170.78466796875,,,
419,419,4170.78466796875,,,,
420,420,4167.0810546875,,,,
421,421,4163.39013671875,,,,
422,422,4159.7119140625,,,,
423,423,4156.04736328125,,,,
424,424,4152.39453125,,,,
425,425,4148.7548828125,,,,
426,426,4145.12744140625,,,,
427,427,4141.51318359375,,,,
428,428,4137.91162109375,,,,
429,429,,4134.322265625,,,
429,429,4134.322265625,,,,
430,430,4130.74560546875,,,,
431,431,4127.18115234375,,,,
432,432,4123.62939453125,,,,
433,433,4120.0908203125,,,,
434,434,4116.56396484375,,,,
435,435,4113.04931640625,,,,
436,436,4109.54736328125,,,,
437,437,4106.0576171875,,,,
438,438,4102.580078125,,,,
439,439,,4099.11474609375,,,
439,439,4099.11474609375,,,,
440,440,4095.662109375,,,,
441,441,4092.22119140625,,,,
442,442,4088.792724609375,,,,
443,443,4085.37646484375,,,,
444,444,4081.971923828125,,,,
445,445,4078.57958984375,,,,
446,446,4075.19873046875,,,,
447,447,4071.8310546875,,,,
448,448,4068.474609375,,,,
449,449,,4065.13037109375,,,
449,449,4065.13037109375,,,,
450,450,4061.798095703125,,,,
451,451,4058.4775390625,,,,
452,452,4055.168701171875,,,,
453,453,4051.871826171875,,,,
454,454,4048.5869140625,,,,
455,455,4045.313720703125,,,,
456,456,4042.0517578125,,,,
457,457,4038.8017578125,,,,
458,458,4035.5634765625,,,,
459,459,,4032.3369140625,,,
459,459,4032.3369140625,,,,
460,460,4029.1220703125,,,,
461,461,4025.918212890625,,,,
462,462,4022.7265625,,,,
463,463,4019.546142578125,,,,
464,464,4016.376953125,,,,
465,465,4013.219970703125,,,,
466,466,4010.07373046875,,,,
467,467,4006.93896484375,,,,
468,468,4003.81591796875,,,,
469,469,,4000.70361328125,,,
469,469,4000.70361328125,,,,
470,470,3997.60302734375,,,,
471,471,3994.513671875,,,,
472,472,3991.435302734375,,,,
473,473,3988.368408203125,,,,
474,474,3985.3125,,,,
475,475,3982.267578125,,,,
476,476,3979.234130859375,,,,
477,477,3976.21142578125,,,,
478,478,3973.2001953125,,,,
479,479,,3970.19970703125,,,
479,479,3970.19970703125,,,,
480,480,3967.210205078125,,,,
481,481,3964.231689453125,,,,
482,482,3961.263916015625,,,,
483,483,3958.307373046875,,,,
484,484,3955.36181640625,,,,
485,485,3952.426513671875,,,,
486,486,3949.502685546875,,,,
487,487,3946.5888671875,,,,
488,488,3943.6865234375,,,,
489,489,,3940.794677734375,,,
489,489,3940.794677734375,,,,
490,490,3937.913818359375,,,,
491,491,3935.043212890625,,,,
492,492,3932.18310546875,,,,
493,493,3929.333984375,,,,
494,494,3926.495361328125,,,,
495,495,3923.667236328125,,,,
496,496,3920.849365234375,,,,
497,497,3918.0419921875,,,,
498,498,3915.24560546875,,,,
499,499,,3912.459228515625,,,
499,499,,,0.5079311728477478,1577.9786376953125,1577.9786376953125
499,499,3912.459228515625,,,,
500,500,3909.683349609375,,,,
501,501,3906.917724609375,,,,
502,502,3904.16259765625,,,,
503,503,3901.41796875,,,,
504,504,3898.68359375,,,,
505,505,3895.95947265625,,,,
506,506,3893.2451171875,,,,
507,507,3890.54150390625,,,,
508,508,3887.84765625,,,,
509,509,,3885.16455078125,,,
509,509,3885.16455078125,,,,
510,510,3882.49072265625,,,,
511,511,3879.82763671875,,,,
512,512,3877.17431640625,,,,
513,513,3874.53125,,,,
514,514,3871.897705078125,,,,
515,515,3869.2744140625,,,,
516,516,3866.6611328125,,,,
517,517,3864.05810546875,,,,
518,518,3861.464111328125,,,,
519,519,,3858.881103515625,,,
519,519,3858.881103515625,,,,
520,520,3856.306640625,,,,
521,521,3853.7431640625,,,,
522,522,3851.18896484375,,,,
523,523,3848.644775390625,,,,
524,524,3846.10986328125,,,,
525,525,3843.584716796875,,,,
526,526,3841.0693359375,,,,
527,527,3838.5634765625,,,,
528,528,3836.0673828125,,,,
529,529,,3833.5810546875,,,
529,529,3833.5810546875,,,,
530,530,3831.10400390625,,,,
531,531,3828.63623046875,,,,
532,532,3826.1787109375,,,,
533,533,3823.730224609375,,,,
534,534,3821.291015625,,,,
535,535,3818.861328125,,,,
536,536,3816.44140625,,,,
537,537,3814.0302734375,,,,
538,538,3811.62890625,,,,
539,539,,3809.23681640625,,,
539,539,3809.23681640625,,,,
540,540,3806.853759765625,,,,
541,541,3804.48046875,,,,
542,542,3802.115478515625,,,,
543,543,3799.760498046875,,,,
544,544,3797.41455078125,,,,
545,545,3795.07763671875,,,,
546,546,3792.74951171875,,,,
547,547,3790.43115234375,,,,
548,548,3788.12158203125,,,,
549,549,,3785.8212890625,,,
549,549,3785.8212890625,,,,
550,550,3783.529541015625,,,,
551,551,3781.2470703125,,,,
552,552,3778.97314453125,,,,
553,553,3776.708740234375,,,,
554,554,3774.452880859375,,,,
555,555,3772.2060546875,,,,
556,556,3769.96826171875,,,,
557,557,3767.73876953125,,,,
558,558,3765.518310546875,,,,
559,559,,3763.30712890625,,,
559,559,3763.30712890625,,,,
560,560,3761.104248046875,,,,
561,561,3758.909912109375,,,,
562,562,3756.724609375,,,,
563,563,3754.5478515625,,,,
564,564,3752.3798828125,,,,
565,565,3750.220458984375,,,,
566,566,3748.069580078125,,,,
567,567,3745.9267578125,,,,
568,568,3743.793212890625,,,,
569,569,,3741.66796875,,,
569,569,3741.66796875,,,,
570,570,3739.551513671875,,,,
571,571,3737.443115234375,,,,
572,572,3735.34326171875,,,,
573,573,3733.25244140625,,,,
574,574,3731.1689453125,,,,
575,575,3729.09423828125,,,,
576,576,3727.028076171875,,,,
577,577,3724.969970703125,,,,
578,578,3722.920166015625,,,,
579,579,,3720.87890625,,,
579,579,3720.87890625,,,,
580,580,3718.845703125,,,,
581,581,3716.8203125,,,,
582,582,3714.8037109375,,,,
583,583,3712.795166015625,,,,
584,584,3710.79443359375,,,,
585,585,3708.80224609375,,,,
586,586,3706.81787109375,,,,
587,587,3704.841796875,,,,
588,588,3702.87353515625,,,,
589,589,,3700.913330078125,,,
589,589,3700.913330078125,,,,
590,590,3698.9609375,,,,
591,591,3697.016845703125,,,,
592,592,3695.08056640625,,,,
593,593,3693.15234375,,,,
594,594,3691.23193359375,,,,
595,595,3689.3193359375,,,,
596,596,3687.414306640625,,,,
597,597,3685.517333984375,,,,
598,598,3683.628662109375,,,,
599,599,,3681.74658203125,,,
599,599,3681.74658203125,,,,
600,600,3679.873291015625,,,,
601,601,3678.00732421875,,,,
602,602,3676.149169921875,,,,
603,603,3674.298828125,,,,
604,604,3672.45556640625,,,,
605,605,3670.62060546875,,,,
606,606,3668.79296875,,,,
607,607,3666.972900390625,,,,
608,608,3665.16015625,,,,
609,609,,3663.355224609375,,,
609,609,3663.355224609375,,,,
610,610,3661.5576171875,,,,
611,611,3659.767578125,,,,
612,612,3657.985107421875,,,,
613,613,3656.2099609375,,,,
614,614,3654.442138671875,,,,
615,615,3652.681640625,,,,
616,616,3650.9287109375,,,,
617,617,3649.182861328125,,,,
618,618,3647.44482421875,,,,
619,619,,3645.713623046875,,,
619,619,3645.713623046875,,,,
620,620,3643.990234375,,,,
621,621,3642.273681640625,,,,
622,622,3640.56396484375,,,,
623,623,3638.8623046875,,,,
624,624,3637.1669921875,,,,
625,625,3635.47900390625,,,,
626,626,3633.798828125,,,,
627,627,3632.125244140625,,,,
628,628,3630.45849609375,,,,
629,629,,3628.799072265625,,,
629,629,3628.799072265625,,,,
630,630,3627.14697265625,,,,
631,631,3625.50146484375,,,,
632,632,3623.86328125,,,,
633,633,3622.231689453125,,,,
634,634,3620.607177734375,,,,
635,635,3618.98974609375,,,,
636,636,3617.37890625,,,,
637,637,3615.77490234375,,,,
638,638,3614.17822265625,,,,
639,639,,3612.588134765625,,,
639,639,3612.588134765625,,,,
640,640,3611.0048828125,,,,
641,641,3609.42822265625,,,,
642,642,3607.8583984375,,,,
643,643,3606.295654296875,,,,
644,644,3604.7392578125,,,,
645,645,3603.189697265625,,,,
646,646,3601.64697265625,,,,
647,647,3600.11083984375,,,,
648,648,3598.5810546875,,,,
649,649,,3597.057861328125,,,
649,649,3597.057861328125,,,,
650,650,3595.541748046875,,,,
651,651,3594.03173828125,,,,
652,652,3592.528564453125,,,,
653,653,3591.031982421875,,,,
654,654,3589.54150390625,,,,
655,655,3588.0576171875,,,,
656,656,3586.580322265625,,,,
657,657,3585.109375,,,,
658,658,3583.64501953125,,,,
659,659,,3582.1865234375,,,
659,659,3582.1865234375,,,,
660,660,3580.735107421875,,,,
661,661,3579.289306640625,,,,
662,662,3577.850341796875,,,,
663,663,3576.41796875,,,,
664,664,3574.9912109375,,,,
665,665,3573.571044921875,,,,
666,666,3572.15673828125,,,,
667,667,3570.749267578125,,,,
668,668,3569.34765625,,,,
669,669,,3567.9521484375,,,
669,669,3567.9521484375,,,,
670,670,3566.5634765625,,,,
671,671,3565.1796875,,,,
672,672,3563.802490234375,,,,
673,673,3562.431640625,,,,
674,674,3561.0673828125,,,,
675,675,3559.7080078125,,,,
676,676,3558.355224609375,,,,
677,677,3557.008544921875,,,,
678,678,3555.66796875,,,,
679,679,,3554.3330078125,,,
679,679,3554.3330078125,,,,
680,680,3553.004150390625,,,,
681,681,3551.681396484375,,,,
682,682,3550.3642578125,,,,
683,683,3549.05322265625,,,,
684,684,3547.748291015625,,,,
685,685,3546.448486328125,,,,
686,686,3545.155029296875,,,,
687,687,3543.867431640625,,,,
688,688,3542.585205078125,,,,
689,689,,3541.308837890625,,,
689,689,3541.308837890625,,,,
690,690,3540.03857421875,,,,
691,691,3538.7734375,,,,
692,692,3537.5146484375,,,,
693,693,3536.2607421875,,,,
694,694,3535.01318359375,,,,
695,695,3533.770751953125,,,,
696,696,3532.53466796875,,,,
697,697,3531.303466796875,,,,
698,698,3530.078125,,,,
699,699,,3528.858154296875,,,
699,699,3528.858154296875,,,,
700,700,3527.64404296875,,,,
701,701,3526.435791015625,,,,
702,702,3525.232177734375,,,,
703,703,3524.034912109375,,,,
704,704,3522.842529296875,,,,
705,705,3521.655029296875,,,,
706,706,3520.473876953125,,,,
707,707,3519.2978515625,,,,
708,708,3518.12744140625,,,,
709,709,,3516.9619140625,,,
709,709,3516.9619140625,,,,
710,710,3515.80224609375,,,,
711,711,3514.6474609375,,,,
712,712,3513.49853515625,,,,
713,713,3512.354248046875,,,,
714,714,3511.215576171875,,,,
715,715,3510.081787109375,,,,
716,716,3508.953857421875,,,,
717,717,3507.830810546875,,,,
718,718,3506.713134765625,,,,
719,719,,3505.599853515625,,,
719,719,3505.599853515625,,,,
720,720,3504.492431640625,,,,
721,721,3503.39013671875,,,,
722,722,3502.29296875,,,,
723,723,3501.200927734375,,,,
724,724,3500.113525390625,,,,
725,725,3499.031494140625,,,,
726,726,3497.954345703125,,,,
727,727,3496.88232421875,,,,
728,728,3495.815185546875,,,,
729,729,,3494.75341796875,,,
729,729,3494.75341796875,,,,
730,730,3493.696044921875,,,,
731,731,3492.643798828125,,,,
732,732,3491.596923828125,,,,
733,733,3490.554931640625,,,,
734,734,3489.517333984375,,,,
735,735,3488.485107421875,,,,
736,736,3487.457763671875,,,,
737,737,3486.4345703125,,,,
738,738,3485.416748046875,,,,
739,739,,3484.4033203125,,,
739,739,3484.4033203125,,,,
740,740,3483.394775390625,,,,
741,741,3482.3916015625,,,,
742,742,3481.392333984375,,,,
743,743,3480.398193359375,,,,
744,744,3479.40869140625,,,,
745,745,3478.423828125,,,,
746,746,3477.444091796875,,,,
747,747,3476.468017578125,,,,
748,748,3475.497314453125,,,,
749,749,,3474.53173828125,,,
749,749,3474.53173828125,,,,
750,750,3473.570068359375,,,,
751,751,3472.613037109375,,,,
752,752,3471.66064453125,,,,
753,753,3470.71240234375,,,,
754,754,3469.769287109375,,,,
755,755,3468.830810546875,,,,
756,756,3467.896240234375,,,,
757,757,3466.966552734375,,,,
758,758,3466.041015625,,,,
759,759,,3465.120361328125,,,
759,759,3465.120361328125,,,,
760,760,3464.20361328125,,,,
761,761,3463.29150390625,,,,
762,762,3462.3837890625,,,,
763,763,3461.48046875,,,,
764,764,3460.581787109375,,,,
765,765,3459.68701171875,,,,
766,766,3458.796630859375,,,,
767,767,3457.9111328125,,,,
768,768,3457.029296875,,,,
769,769,,3456.15234375,,,
769,769,3456.15234375,,,,
770,770,3455.279052734375,,,,
771,771,3454.40966796875,,,,
772,772,3453.54541015625,,,,
773,773,3452.6845703125,,,,
774,774,3451.82861328125,,,,
775,775,3450.976318359375,,,,
776,776,3450.128173828125,,,,
777,777,3449.28466796875,,,,
778,778,3448.44482421875,,,,
779,779,,3447.609130859375,,,
779,779,3447.609130859375,,,,
780,780,3446.77783203125,,,,
781,781,3445.950439453125,,,,
782,782,3445.12744140625,,,,
783,783,3444.307861328125,,,,
784,784,3443.49267578125,,,,
785,785,3442.681640625,,,,
786,786,3441.874267578125,,,,
787,787,3441.07080078125,,,,
788,788,3440.271484375,,,,
789,789,,3439.476318359375,,,
789,789,3439.476318359375,,,,
790,790,3438.68505859375,,,,
791,791,3437.8974609375,,,,
792,792,3437.113525390625,,,,
793,793,3436.333984375,,,,
794,794,3435.55810546875,,,,
795,795,3434.7861328125,,,,
796,796,3434.017578125,,,,
797,797,3433.25390625,,,,
798,798,3432.4931640625,,,,
799,799,,3431.736328125,,,
799,799,3431.736328125,,,,
800,800,3430.9833984375,,,,
801,801,3430.234375,,,,
802,802,3429.488525390625,,,,
803,803,3428.7470703125,,,,
804,804,3428.009033203125,,,,
805,805,3427.274658203125,,,,
806,806,3426.544189453125,,,,
807,807,3425.81689453125,,,,
808,808,3425.093505859375,,,,
809,809,,3424.3740234375,,,
809,809,3424.3740234375,,,,
810,810,3423.657470703125,,,,
811,811,3422.945068359375,,,,
812,812,3422.236083984375,,,,
813,813,3421.531005859375,,,,
814,814,3420.828857421875,,,,
815,815,3420.130615234375,,,,
816,816,3419.435791015625,,,,
817,817,3418.744384765625,,,,
818,818,3418.05712890625,,,,
819,819,,3417.372802734375,,,
819,819,3417.372802734375,,,,
820,820,3416.692138671875,,,,
821,821,3416.0146484375,,,,
822,822,3415.340576171875,,,,
823,823,3414.670166015625,,,,
824,824,3414.0029296875,,,,
825,825,3413.33984375,,,,
826,826,3412.67919921875,,,,
827,827,3412.0224609375,,,,
828,828,3411.369140625,,,,
829,829,,3410.71875,,,
829,829,3410.71875,,,,
830,830,3410.071533203125,,,,
831,831,3409.42822265625,,,,
832,832,3408.78759765625,,,,
833,833,3408.15087890625,,,,
834,834,3407.5166015625,,,,
835,835,3406.88623046875,,,,
836,836,3406.25830078125,,,,
837,837,3405.634765625,,,,
838,838,3405.013671875,,,,
839,839,,3404.39599609375,,,
839,839,3404.39599609375,,,,
840,840,3403.781494140625,,,,
841,841,3403.170166015625,,,,
842,842,3402.561767578125,,,,
843,843,3401.95654296875,,,,
844,844,3401.354248046875,,,,
845,845,3400.755615234375,,,,
846,846,3400.159912109375,,,,
847,847,3399.566650390625,,,,
848,848,3398.976806640625,,,,
849,849,,3398.390380859375,,,
849,849,3398.390380859375,,,,
850,850,3397.806396484375,,,,
851,851,3397.226318359375,,,,
852,852,3396.6484375,,,,
853,853,3396.07373046875,,,,
854,854,3395.501953125,,,,
855,855,3394.93310546875,,,,
856,856,3394.36767578125,,,,
857,857,3393.80419921875,,,,
858,858,3393.24462890625,,,,
859,859,,3392.6875,,,
859,859,3392.6875,,,,
860,860,3392.13330078125,,,,
861,861,3391.582275390625,,,,
862,862,3391.033447265625,,,,
863,863,3390.48779296875,,,,
864,864,3389.94482421875,,,,
865,865,3389.40478515625,,,,
866,866,3388.86767578125,,,,
867,867,3388.3330078125,,,,
868,868,3387.80126953125,,,,
869,869,,3387.2724609375,,,
869,869,3387.2724609375,,,,
870,870,3386.745849609375,,,,
871,871,3386.222412109375,,,,
872,872,3385.701904296875,,,,
873,873,3385.183349609375,,,,
874,874,3384.667724609375,,,,
875,875,3384.155029296875,,,,
876,876,3383.644775390625,,,,
877,877,3383.1376953125,,,,
878,878,3382.63232421875,,,,
879,879,,3382.1298828125,,,
879,879,3382.1298828125,,,,
880,880,3381.630126953125,,,,
881,881,3381.132568359375,,,,
882,882,3380.637939453125,,,,
883,883,3380.146240234375,,,,
884,884,3379.65625,,,,
885,885,3379.16943359375,,,,
886,886,3378.6845703125,,,,
887,887,3378.202392578125,,,,
888,888,3377.72216796875,,,,
889,889,,3377.244873046875,,,
889,889,3377.244873046875,,,,
890,890,3376.770263671875,,,,
891,891,3376.29736328125,,,,
892,892,3375.82763671875,,,,
893,893,3375.359375,,,,
894,894,3374.893798828125,,,,
895,895,3374.4306640625,,,,
896,896,3373.96923828125,,,,
897,897,3373.510986328125,,,,
898,898,3373.05419921875,,,,
899,899,,3372.60009765625,,,
899,899,3372.60009765625,,,,
900,900,3372.14794921875,,,,
901,901,3371.6982421875,,,,
902,902,3371.25048828125,,,,
903,903,3370.8046875,,,,
904,904,3370.361572265625,,,,
905,905,3369.919921875,,,,
906,906,3369.480712890625,,,,
907,907,3369.04296875,,,,
908,908,3368.607666015625,,,,
909,909,,3368.174072265625,,,
909,909,3368.174072265625,,,,
910,910,3367.742431640625,,,,
911,911,3367.312744140625,,,,
912,912,3366.88525390625,,,,
913,913,3366.458984375,,,,
914,914,3366.034912109375,,,,
915,915,3365.6123046875,,,,
916,916,3365.191650390625,,,,
917,917,3364.772705078125,,,,
918,918,3364.355224609375,,,,
919,919,,3363.939453125,,,
919,919,3363.939453125,,,,
920,920,3363.5244140625,,,,
921,921,3363.11181640625,,,,
922,922,3362.69970703125,,,,
923,923,3362.28955078125,,,,
924,924,3361.880126953125,,,,
925,925,3361.47216796875,,,,
926,926,3361.065185546875,,,,
927,927,3360.6591796875,,,,
928,928,3360.253662109375,,,,
929,929,,3359.84912109375,,,
929,929,3359.84912109375,,,,
930,930,3359.445068359375,,,,
931,931,3359.04150390625,,,,
932,932,3358.638916015625,,,,
933,933,3358.23583984375,,,,
934,934,3357.83251953125,,,,
935,935,3357.429931640625,,,,
936,936,3357.026123046875,,,,
937,937,3356.622314453125,,,,
938,938,3356.216552734375,,,,
939,939,,3355.809814453125,,,
939,939,3355.809814453125,,,,
940,940,3355.402099609375,,,,
941,941,3354.9912109375,,,,
942,942,3354.578369140625,,,,
943,943,3354.16259765625,,,,
944,944,3353.7431640625,,,,
945,945,3353.319091796875,,,,
946,946,3352.8896484375,,,,
947,947,3352.453857421875,,,,
948,948,3352.01171875,,,,
949,949,,3351.559814453125,,,
949,949,3351.559814453125,,,,
950,950,3351.098388671875,,,,
951,951,3350.625,,,,
952,952,3350.13720703125,,,,
953,953,3349.632568359375,,,,
954,954,3349.109375,,,,
955,955,3348.562255859375,,,,
956,956,3347.9873046875,,,,
957,957,3347.381103515625,,,,
958,958,3346.73779296875,,,,
959,959,,3346.052490234375,,,
959,959,3346.052490234375,,,,
960,960,3345.318115234375,,,,
961,961,3344.5322265625,,,,
962,962,3343.69384765625,,,,
963,963,3342.811767578125,,,,
964,964,3341.901611328125,,,,
965,965,3340.99658203125,,,,
966,966,3340.140625,,,,
967,967,3339.35986328125,,,,
968,968,3338.603759765625,,,,
969,969,,3337.730712890625,,,
969,969,3337.730712890625,,,,
970,970,3336.5625,,,,
971,971,3335.035888671875,,,,
972,972,3333.23388671875,,,,
973,973,3331.240966796875,,,,
974,974,3329.06884765625,,,,
975,975,3326.607177734375,,,,
976,976,3323.66064453125,,,,
977,977,3319.960693359375,,,,
978,978,3315.1171875,,,,
979,979,,3308.5810546875,,,
979,979,3308.5810546875,,,,
980,980,3299.49072265625,,,,
981,981,3286.435791015625,,,,
982,982,3266.85400390625,,,,
983,983,3236.252197265625,,,,
984,984,3187.18798828125,,,,
985,985,3110.81689453125,,,,
986,986,3002.3173828125,,,,
987,987,2869.2900390625,,,,
988,988,2749.888671875,,,,
989,989,,2720.26416015625,,,
989,989,2720.26416015625,,,,
990,990,2746.727294921875,,,,
991,991,2688.058837890625,,,,
992,992,2617.16455078125,,,,
993,993,2578.11083984375,,,,
994,994,2527.041748046875,,,,
995,995,2426.743896484375,,,,
996,996,2316.9755859375,,,,
997,997,2306.879150390625,,,,
998,998,2223.59228515625,,,,
999,999,,2246.180419921875,,,
999,999,,,0.36290159821510315,805.506591796875,805.506591796875
999,999,2246.180419921875,,,,
1000,1000,2243.582275390625,,,,
1001,1001,2174.653076171875,,,,
1002,1002,2173.14599609375,,,,
1003,1003,2110.953369140625,,,,
1004,1004,2138.0126953125,,,,
1005,1005,2126.75830078125,,,,
1006,1006,2134.8349609375,,,,
1007,1007,2099.369140625,,,,
1008,1008,2088.195556640625,,,,
1009,1009,,2065.453369140625,,,
1009,1009,2065.453369140625,,,,
1010,1010,2078.353759765625,,,,
1011,1011,2070.40771484375,,,,
1012,1012,2069.95556640625,,,,
1013,1013,2048.145263671875,,,,
1014,1014,2040.9991455078125,,,,
1015,1015,2030.0645751953125,,,,
1016,1016,2032.2413330078125,,,,
1017,1017,2022.889404296875,,,,
1018,1018,2018.1123046875,,,,
1019,1019,,2000.9376220703125,,,
1019,1019,2000.9376220703125,,,,
1020,1020,1994.87744140625,,,,
1021,1021,1983.8377685546875,,,,
1022,1022,1983.82568359375,,,,
1023,1023,1973.082275390625,,,,
1024,1024,1967.62109375,,,,
1025,1025,1954.32177734375,,,,
1026,1026,1950.417236328125,,,,
1027,1027,1941.111328125,,,,
1028,1028,1938.7874755859375,,,,
1029,1029,,1928.815185546875,,,
1029,1029,1928.815185546875,,,,
1030,1030,1923.748779296875,,,,
1031,1031,1913.4520263671875,,,,
1032,1032,1909.3167724609375,,,,
1033,1033,1902.0096435546875,,,,
1034,1034,1897.5860595703125,,,,
1035,1035,1889.322021484375,,,,
1036,1036,1883.0595703125,,,,
1037,1037,1876.0823974609375,,,,
1038,1038,1870.58935546875,,,,
1039,1039,,1864.815673828125,,,
1039,1039,1864.815673828125,,,,
1040,1040,1857.94970703125,,,,
1041,1041,1851.83251953125,,,,
1042,1042,1844.594970703125,,,,
1043,1043,1839.4266357421875,,,,
1044,1044,1832.8973388671875,,,,
1045,1045,1827.144287109375,,,,
1046,1046,1820.428955078125,,,,
1047,1047,1814.118408203125,,,,
1048,1048,1808.53466796875,,,,
1049,1049,,1802.1778564453125,,,
1049,1049,1802.1778564453125,,,,
1050,1050,1796.4537353515625,,,,
1051,1051,1790.0535888671875,,,,
1052,1052,1783.876708984375,,,,
1053,1053,1778.2781982421875,,,,
1054,1054,1772.190185546875,,,,
1055,1055,1766.3350830078125,,,,
1056,1056,1760.3870849609375,,,,
1057,1057,1754.3114013671875,,,,
1058,1058,1748.6788330078125,,,,
1059,1059,,1742.9718017578125,,,
1059,1059,1742.9718017578125,,,,
1060,1060,1736.9693603515625,,,,
1061,1061,1731.2398681640625,,,,
1062,1062,1725.563720703125,,,,
1063,1063,1719.7880859375,,,,
1064,1064,1714.104736328125,,,,
1065,1065,1708.47900390625,,,,
1066,1066,1702.75927734375,,,,
1067,1067,1697.0650634765625,,,,
1068,1068,1691.5284423828125,,,,
1069,1069,,1686.010986328125,,,
1069,1069,1686.010986328125,,,,
1070,1070,1680.3782958984375,,,,
1071,1071,1674.711669921875,,,,
1072,1072,1669.1939697265625,,,,
1073,1073,1663.7396240234375,,,,
1074,1074,1658.2884521484375,,,,
1075,1075,1652.756591796875,,,,
1076,1076,1647.2559814453125,,,,
1077,1077,1641.793212890625,,,,
1078,1078,1636.3472900390625,,,,
1079,1079,,1630.931884765625,,,
1079,1079,1630.931884765625,,,,
1080,1080,1625.622314453125,,,,
1081,1081,1620.3092041015625,,,,
1082,1082,1614.99169921875,,,,
1083,1083,1609.7010498046875,,,,
1084,1084,1604.45166015625,,,,
1085,1085,1599.2542724609375,,,,
1086,1086,1594.24853515625,,,,
1087,1087,1589.5513916015625,,,,
1088,1088,1585.8563232421875,,,,
1089,1089,,1583.9781494140625,,,
1089,1089,1583.9781494140625,,,,
1090,1090,1587.447509765625,,,,
1091,1091,1590.5499267578125,,,,
1092,1092,1592.89990234375,,,,
1093,1093,1566.0980224609375,,,,
1094,1094,1552.978515625,,,,
1095,1095,1560.1473388671875,,,,
1096,1096,1555.9149169921875,,,,
1097,1097,1540.6365966796875,,,,
1098,1098,1534.0037841796875,,,,
1099,1099,,1536.863037109375,,,
1099,1099,1536.863037109375,,,,
1100,1100,1530.279541015625,,,,
1101,1101,1517.8626708984375,,,,
1102,1102,1518.084228515625,,,,
1103,1103,1516.439208984375,,,,
1104,1104,1504.0902099609375,,,,
1105,1105,1500.81787109375,,,,
1106,1106,1500.422607421875,,,,
1107,1107,1490.3544921875,,,,
1108,1108,1484.8028564453125,,,,
1109,1109,,1484.11279296875,,,
1109,1109,1484.11279296875,,,,
1110,1110,1476.553955078125,,,,
1111,1111,1469.61865234375,,,,
1112,1112,1467.552001953125,,,,
1113,1113,1462.541748046875,,,,
1114,1114,1455.4776611328125,,,,
1115,1115,1451.6195068359375,,,,
1116,1116,1448.1925048828125,,,,
1117,1117,1442.1595458984375,,,,
1118,1118,1436.6356201171875,,,,
1119,1119,,1433.1934814453125,,,
1119,1119,1433.1934814453125,,,,
1120,1120,1428.843017578125,,,,
1121,1121,1422.945556640625,,,,
1122,1122,1418.2744140625,,,,
1123,1123,1414.62060546875,,,,
1124,1124,1409.863037109375,,,,
1125,1125,1404.4727783203125,,,,
1126,1126,1399.872314453125,,,,
1127,1127,1395.910888671875,,,,
1128,1128,1391.5445556640625,,,,
1129,1129,,1386.503173828125,,,
1129,1129,1386.503173828125,,,,
1130,1130,1381.6932373046875,,,,
1131,1131,1377.3883056640625,,,,
1132,1132,1373.243896484375,,,,
1133,1133,1368.864990234375,,,,
1134,1134,1364.136474609375,,,,
1135,1135,1359.4749755859375,,,,
1136,1136,1354.96630859375,,,,
1137,1137,1350.7613525390625,,,,
1138,1138,1346.565185546875,,,,
1139,1139,,1342.2955322265625,,,
1139,1139,1342.2955322265625,,,,
1140,1140,1337.927490234375,,,,
1141,1141,1333.4710693359375,,,,
1142,1142,1329.0238037109375,,,,
1143,1143,1324.6356201171875,,,,
1144,1144,1320.241455078125,,,,
1145,1145,1315.954833984375,,,,
1146,1146,1311.6693115234375,,,,
1147,1147,1307.4530029296875,,,,
1148,1148,1303.2738037109375,,,,
1149,1149,,1299.16943359375,,,
1149,1149,1299.16943359375,,,,
1150,1150,1295.19677734375,,,,
1151,1151,1291.4859619140625,,,,
1152,1152,1288.4027099609375,,,,
1153,1153,1287.29443359375,,,,
1154,1154,1290.0404052734375,,,,
1155,1155,1303.5467529296875,,,,
1156,1156,1312.1217041015625,,,,
1157,1157,1312.2735595703125,,,,
1158,1158,1269.30908203125,,,,
1159,1159,,1263.8140869140625,,,
1159,1159,1263.8140869140625,,,,
1160,1160,1285.4638671875,,,,
1161,1161,1263.9776611328125,,,,
1162,1162,1246.3077392578125,,,,
1163,1163,1257.1072998046875,,,,
1164,1164,1248.3399658203125,,,,
1165,1165,1234.28955078125,,,,
1166,1166,1238.95849609375,,,,
1167,1167,1233.1090087890625,,,,
1168,1168,1222.60498046875,,,,
1169,1169,,1224.2559814453125,,,
1169,1169,1224.2559814453125,,,,
1170,1170,1218.8673095703125,,,,
1171,1171,1211.0750732421875,,,,
1172,1172,1211.263427734375,,,,
1173,1173,1205.8302001953125,,,,
1174,1174,1199.583984375,,,,
1175,1175,1198.698486328125,,,,
1176,1176,1193.500732421875,,,,
1177,1177,1188.150634765625,,,,
1178,1178,1186.4681396484375,,,,
1179,1179,,1181.672607421875,,,
1179,1179,1181.672607421875,,,,
1180,1180,1176.7547607421875,,,,
1181,1181,1174.4375,,,,
1182,1182,1170.142822265625,,,,
1183,1183,1165.4049072265625,,,,
1184,1184,1162.6700439453125,,,,
1185,1185,1158.7799072265625,,,,
1186,1186,1154.255859375,,,,
1187,1187,1151.1107177734375,,,,
1188,1188,1147.5540771484375,,,,
1189,1189,,1143.2606201171875,,,
1189,1189,1143.2606201171875,,,,
1190,1190,1139.7857666015625,,,,
1191,1191,1136.431640625,,,,
1192,1192,1132.3963623046875,,,,
1193,1193,1128.6776123046875,,,,
1194,1194,1125.3846435546875,,,,
1195,1195,1121.7001953125,,,,
1196,1196,1117.8067626953125,,,,
1197,1197,1114.3232421875,,,,
1198,1198,1110.912841796875,,,,
1199,1199,,1107.1424560546875,,,
1199,1199,1107.1424560546875,,,,
1200,1200,1103.52392578125,,,,
1201,1201,1100.123046875,,,,
1202,1202,1096.635009765625,,,,
1203,1203,1092.9937744140625,,,,
1204,1204,1089.3975830078125,,,,
1205,1205,1085.97998046875,,,,
1206,1206,1082.5941162109375,,,,
1207,1207,1079.0169677734375,,,,
1208,1208,1075.4776611328125,,,,
1209,1209,,1072.0316162109375,,,
1209,1209,1072.0316162109375,,,,
1210,1210,1068.6634521484375,,,,
1211,1211,1065.27001953125,,,,
1212,1212,1061.803955078125,,,,
1213,1213,1058.353271484375,,,,
1214,1214,1054.97216796875,,,,
1215,1215,1051.6358642578125,,,,
1216,1216,1048.2694091796875,,,,
1217,1217,1044.867431640625,,,,
1218,1218,1041.4708251953125,,,,
1219,1219,,1038.1329345703125,,,
1219,1219,1038.1329345703125,,,,
1220,1220,1034.845947265625,,,,
1221,1221,1031.5728759765625,,,,
1222,1222,1028.2667236328125,,,,
1223,1223,1024.9072265625,,,,
1224,1224,1021.6297607421875,,,,
1225,1225,1018.3397216796875,,,,
1226,1226,1015.0549926757812,,,,
1227,1227,1011.8175659179688,,,,
1228,1228,1008.6005859375,,,,
1229,1229,,1005.3693237304688,,,
1229,1229,1005.3693237304688,,,,
1230,1230,1002.2371826171875,,,,
1231,1231,999.0825805664062,,,,
1232,1232,996.0055541992188,,,,
1233,1233,993.0127563476562,,,,
1234,1234,990.273193359375,,,,
1235,1235,987.7115478515625,,,,
1236,1236,985.9078369140625,,,,
1237,1237,985.3624267578125,,,,
1238,1238,987.760009765625,,,,
1239,1239,,992.4581298828125,,,
1239,1239,992.4581298828125,,,,
1240,1240,1001.5442504882812,,,,
1241,1241,997.8521728515625,,,,
1242,1242,985.6322021484375,,,,
1243,1243,964.8002319335938,,,,
1244,1244,960.0186767578125,,,,
1245,1245,968.4879760742188,,,,
1246,1246,967.1282958984375,,,,
1247,1247,954.5294799804688,,,,
1248,1248,946.4365844726562,,,,
1249,1249,,950.4520263671875,,,
1249,1249,950.4520263671875,,,,
1250,1250,950.72705078125,,,,
1251,1251,939.8416748046875,,,,
1252,1252,935.130859375,,,,
1253,1253,937.8682861328125,,,,
1254,1254,933.4994506835938,,,,
1255,1255,925.6863403320312,,,,
1256,1256,924.6294555664062,,,,
1257,1257,924.4014892578125,,,,
1258,1258,918.5242919921875,,,,
1259,1259,,913.8936767578125,,,
1259,1259,913.8936767578125,,,,
1260,1260,913.5259399414062,,,,
1261,1261,910.5181884765625,,,,
1262,1262,905.1546020507812,,,,
1263,1263,903.216064453125,,,,
1264,1264,901.76123046875,,,,
1265,1265,897.3057250976562,,,,
1266,1266,893.607421875,,,,
1267,1267,892.1574096679688,,,,
1268,1268,889.4049682617188,,,,
1269,1269,,885.212158203125,,,
1269,1269,885.212158203125,,,,
1270,1270,882.5223388671875,,,,
1271,1271,880.5735473632812,,,,
1272,1272,877.2720336914062,,,,
1273,1273,873.7756958007812,,,,
1274,1274,871.4664916992188,,,,
1275,1275,868.9811401367188,,,,
1276,1276,865.5726318359375,,,,
1277,1277,862.6555786132812,,,,
1278,1278,860.378662109375,,,,
1279,1279,,857.5917358398438,,,
1279,1279,857.5917358398438,,,,
1280,1280,854.3864135742188,,,,
1281,1281,851.6939086914062,,,,
1282,1282,849.3196411132812,,,,
1283,1283,846.5311889648438,,,,
1284,1284,843.5012817382812,,,,
1285,1285,840.8001098632812,,,,
1286,1286,838.379150390625,,,,
1287,1287,835.764404296875,,,,
1288,1288,832.791748046875,,,,
1289,1289,,830.0009155273438,,,
1289,1289,830.0009155273438,,,,
1290,1290,827.4935302734375,,,,
1291,1291,824.9158935546875,,,,
1292,1292,822.171630859375,,,,
1293,1293,819.4237060546875,,,,
1294,1294,816.778564453125,,,,
1295,1295,814.24169921875,,,,
1296,1296,811.6846923828125,,,,
1297,1297,809.0146484375,,,,
1298,1298,806.3010864257812,,,,
1299,1299,,803.7651977539062,,,
1299,1299,803.7651977539062,,,,
1300,1300,801.2662963867188,,,,
1301,1301,798.7137451171875,,,,
1302,1302,796.0814208984375,,,,
1303,1303,793.4706420898438,,,,
1304,1304,790.9039306640625,,,,
1305,1305,788.409912109375,,,,
1306,1306,785.9155883789062,,,,
1307,1307,783.3515625,,,,
1308,1308,780.806884765625,,,,
1309,1309,,778.2985229492188,,,
1309,1309,778.2985229492188,,,,
1310,1310,775.8037109375,,,,
1311,1311,773.3699340820312,,,,
1312,1312,770.8809814453125,,,,
1313,1313,768.4061279296875,,,,
1314,1314,765.9356689453125,,,,
1315,1315,763.4625244140625,,,,
1316,1316,760.9946899414062,,,,
1317,1317,758.51171875,,,,
1318,1318,756.05908203125,,,,
1319,1319,,753.6188354492188,,,
1319,1319,753.6188354492188,,,,
1320,1320,751.1705932617188,,,,
1321,1321,748.773681640625,,,,
1322,1322,746.3532104492188,,,,
1323,1323,743.9571533203125,,,,
1324,1324,741.5541381835938,,,,
1325,1325,739.2069091796875,,,,
1326,1326,736.8258056640625,,,,
1327,1327,734.5372924804688,,,,
1328,1328,732.260009765625,,,,
1329,1329,,730.1073608398438,,,
1329,1329,730.1073608398438,,,,
1330,1330,727.9254760742188,,,,
1331,1331,725.99609375,,,,
1332,1332,724.1194458007812,,,,
1333,1333,722.5888061523438,,,,
1334,1334,721.4034423828125,,,,
1335,1335,720.5859375,,,,
1336,1336,720.3114013671875,,,,
1337,1337,720.11865234375,,,,
1338,1338,719.8868408203125,,,,
1339,1339,,717.8243408203125,,,
1339,1339,717.8243408203125,,,,
1340,1340,713.9589233398438,,,,
1341,1341,707.584228515625,,,,
1342,1342,701.397705078125,,,,
1343,1343,697.5100708007812,,,,
1344,1344,696.5797729492188,,,,
1345,1345,696.6895751953125,,,,
1346,1346,695.3232421875,,,,
1347,1347,691.8186645507812,,,,
1348,1348,687.3567504882812,,,,
1349,1349,,684.1898193359375,,,
1349,1349,684.1898193359375,,,,
1350,1350,682.8434448242188,,,,
1351,1351,681.9630737304688,,,,
1352,1352,679.9696044921875,,,,
1353,1353,676.7291870117188,,,,
1354,1354,673.4310302734375,,,,
1355,1355,671.1553955078125,,,,
1356,1356,669.5958251953125,,,,
1357,1357,667.9692993164062,,,,
1358,1358,665.6142578125,,,,
1359,1359,,662.8355102539062,,,
1359,1359,662.8355102539062,,,,
1360,1360,660.301513671875,,,,
1361,1361,658.3468627929688,,,,
1362,1362,656.64794921875,,,,
1363,1363,654.7142333984375,,,,
1364,1364,652.480712890625,,,,
1365,1365,649.9956665039062,,,,
1366,1366,647.6298217773438,,,,
1367,1367,645.5919189453125,,,,
1368,1368,643.6831665039062,,,,
1369,1369,,641.7628173828125,,,
1369,1369,641.7628173828125,,,,
1370,1370,639.7821655273438,,,,
1371,1371,637.5432739257812,,,,
1372,1372,635.2979736328125,,,,
1373,1373,633.124755859375,,,,
1374,1374,631.1046142578125,,,,
1375,1375,629.203125,,,,
1376,1376,627.2794189453125,,,,
1377,1377,625.2218627929688,,,,
1378,1378,623.101318359375,,,,
1379,1379,,620.9691162109375,,,
1379,1379,620.9691162109375,,,,
1380,1380,618.877685546875,,,,
1381,1381,616.8824462890625,,,,
1382,1382,614.9827880859375,,,,
1383,1383,613.03076171875,,,,
1384,1384,611.0454711914062,,,,
1385,1385,609.0067749023438,,,,
1386,1386,606.9950561523438,,,,
1387,1387,604.9957885742188,,,,
1388,1388,603.025146484375,,,,
1389,1389,,601.0673217773438,,,
1389,1389,601.0673217773438,,,,
1390,1390,599.1437377929688,,,,
1391,1391,597.2180786132812,,,,
1392,1392,595.3312377929688,,,,
1393,1393,593.3536376953125,,,,
1394,1394,591.4409790039062,,,,
1395,1395,589.474609375,,,,
1396,1396,587.5550537109375,,,,
1397,1397,585.6675415039062,,,,
1398,1398,583.7814331054688,,,,
1399,1399,,581.9271240234375,,,
1399,1399,581.9271240234375,,,,
1400,1400,580.11865234375,,,,
1401,1401,578.30810546875,,,,
1402,1402,576.5125122070312,,,,
1403,1403,574.6982421875,,,,
1404,1404,572.8663940429688,,,,
1405,1405,571.0018310546875,,,,
1406,1406,569.1810913085938,,,,
1407,1407,567.397216796875,,,,
1408,1408,565.5880126953125,,,,
1409,1409,,563.8167724609375,,,
1409,1409,563.8167724609375,,,,
1410,1410,562.0882568359375,,,,
1411,1411,560.3700561523438,,,,
1412,1412,558.7843017578125,,,,
1413,1413,557.1458129882812,,,,
1414,1414,555.4772338867188,,,,
1415,1415,553.7213134765625,,,,
1416,1416,551.8474731445312,,,,
1417,1417,550.0109252929688,,,,
1418,1418,548.1011962890625,,,,
1419,1419,,546.2637939453125,,,
1419,1419,546.2637939453125,,,,
1420,1420,544.343017578125,,,,
1421,1421,542.4708862304688,,,,
1422,1422,540.5935668945312,,,,
1423,1423,538.6693115234375,,,,
1424,1424,536.8489990234375,,,,
1425,1425,534.98046875,,,,
1426,1426,533.1052856445312,,,,
1427,1427,531.2329711914062,,,,
1428,1428,529.4856567382812,,,,
1429,1429,,527.697265625,,,
1429,1429,527.697265625,,,,
1430,1430,525.97705078125,,,,
1431,1431,524.3135375976562,,,,
1432,1432,522.6249389648438,,,,
1433,1433,520.9778442382812,,,,
1434,1434,519.3285522460938,,,,
1435,1435,517.7081909179688,,,,
1436,1436,516.1570434570312,,,,
1437,1437,514.6838989257812,,,,
1438,1438,513.28662109375,,,,
1439,1439,,512.0086059570312,,,
1439,1439,512.0086059570312,,,,
1440,1440,510.9122619628906,,,,
1441,1441,510.0101318359375,,,,
1442,1442,509.2464294433594,,,,
1443,1443,508.8483581542969,,,,
1444,1444,508.4139404296875,,,,
1445,1445,508.0533447265625,,,,
1446,1446,506.84100341796875,,,,
1447,1447,504.75958251953125,,,,
1448,1448,501.104736328125,,,,
1449,1449,,497.0968017578125,,,
1449,1449,497.0968017578125,,,,
1450,1450,493.4273681640625,,,,
1451,1451,491.1104431152344,,,,
1452,1452,490.10406494140625,,,,
1453,1453,489.6974792480469,,,,
1454,1454,488.7373046875,,,,
1455,1455,486.8083190917969,,,,
1456,1456,484.1287841796875,,,,
1457,1457,481.6847229003906,,,,
1458,1458,480.10699462890625,,,,
1459,1459,,479.1764221191406,,,
1459,1459,479.1764221191406,,,,
1460,1460,477.98089599609375,,,,
1461,1461,476.1497497558594,,,,
1462,1462,473.990234375,,,,
1463,1463,472.17144775390625,,,,
1464,1464,470.8594665527344,,,,
1465,1465,469.6829528808594,,,,
1466,1466,468.10565185546875,,,,
1467,1467,466.32659912109375,,,,
1468,1468,464.5567626953125,,,,
1469,1469,,462.9894714355469,,,
1469,1469,462.9894714355469,,,,
1470,1470,461.6060485839844,,,,
1471,1471,460.1918029785156,,,,
1472,1472,458.63641357421875,,,,
1473,1473,456.9766540527344,,,,
1474,1474,455.4143371582031,,,,
1475,1475,453.99407958984375,,,,
1476,1476,452.5980224609375,,,,
1477,1477,451.1396179199219,,,,
1478,1478,449.5662536621094,,,,
1479,1479,,448.0718688964844,,,
1479,1479,448.0718688964844,,,,
1480,1480,446.58758544921875,,,,
1481,1481,445.1595153808594,,,,
1482,1482,443.7398986816406,,,,
1483,1483,442.2588806152344,,,,
1484,1484,440.7987365722656,,,,
1485,1485,439.338623046875,,,,
1486,1486,437.9288635253906,,,,
1487,1487,436.471923828125,,,,
1488,1488,435.0704345703125,,,,
1489,1489,,433.62115478515625,,,
1489,1489,433.62115478515625,,,,
1490,1490,432.2057189941406,,,,
1491,1491,430.71533203125,,,,
1492,1492,429.2696228027344,,,,
1493,1493,427.875244140625,,,,
1494,1494,426.52154541015625,,,,
1495,1495,425.11572265625,,,,
1496,1496,423.70135498046875,,,,
1497,1497,422.30963134765625,,,,
1498,1498,420.9036865234375,,,,
1499,1499,,419.51983642578125,,,
1499,1499,,,0.265821248292923,432.18603515625,432.18603515625
1499,1499,419.51983642578125,,,,
1500,1500,418.1221008300781,,,,
1501,1501,416.8106994628906,,,,
1502,1502,415.40478515625,,,,
1503,1503,414.0452880859375,,,,
1504,1504,412.6446838378906,,,,
1505,1505,411.3055419921875,,,,
1506,1506,409.96368408203125,,,,
1507,1507,408.637451171875,,,,
1508,1508,407.30072021484375,,,,
1509,1509,,405.9591979980469,,,
1509,1509,405.9591979980469,,,,
1510,1510,404.5879821777344,,,,
1511,1511,403.2470397949219,,,,
1512,1512,401.8995361328125,,,,
1513,1513,400.57379150390625,,,,
1514,1514,399.2419128417969,,,,
1515,1515,397.9420166015625,,,,
1516,1516,396.6383361816406,,,,
1517,1517,395.3292236328125,,,,
1518,1518,394.0224304199219,,,,
1519,1519,,392.7377014160156,,,
1519,1519,392.7377014160156,,,,
1520,1520,391.4349670410156,,,,
1521,1521,390.1821594238281,,,,
1522,1522,388.87139892578125,,,,
1523,1523,387.59918212890625,,,,
1524,1524,386.3099365234375,,,,
1525,1525,385.02496337890625,,,,
1526,1526,383.7881774902344,,,,
1527,1527,382.5400085449219,,,,
1528,1528,381.27655029296875,,,,
1529,1529,,380.0249938964844,,,
1529,1529,380.0249938964844,,,,
1530,1530,378.81085205078125,,,,
1531,1531,377.5506896972656,,,,
1532,1532,376.24530029296875,,,,
1533,1533,374.9713439941406,,,,
1534,1534,373.7753601074219,,,,
1535,1535,372.52178955078125,,,,
1536,1536,371.3441467285156,,,,
1537,1537,370.09283447265625,,,,
1538,1538,368.87017822265625,,,,
1539,1539,,367.6700439453125,,,
1539,1539,367.6700439453125,,,,
1540,1540,366.4546203613281,,,,
1541,1541,365.2358093261719,,,,
1542,1542,364.0148620605469,,,,
1543,1543,362.8524169921875,,,,
1544,1544,361.6233825683594,,,,
1545,1545,360.44256591796875,,,,
1546,1546,359.26373291015625,,,,
1547,1547,358.0693054199219,,,,
1548,1548,356.8829040527344,,,,
1549,1549,,355.7308044433594,,,
1549,1549,355.7308044433594,,,,
1550,1550,354.5536193847656,,,,
1551,1551,353.3309326171875,,,,
1552,1552,352.16302490234375,,,,
1553,1553,351.0049133300781,,,,
1554,1554,349.8450012207031,,,,
1555,1555,348.7187805175781,,,,
1556,1556,347.5605163574219,,,,
1557,1557,346.3885803222656,,,,
1558,1558,345.2438049316406,,,,
1559,1559,,344.1011657714844,,,
1559,1559,344.1011657714844,,,,
1560,1560,342.96563720703125,,,,
1561,1561,341.8429260253906,,,,
1562,1562,340.7139892578125,,,,
1563,1563,339.6044616699219,,,,
1564,1564,338.49920654296875,,,,
1565,1565,337.3908996582031,,,,
1566,1566,336.2718505859375,,,,
1567,1567,335.19000244140625,,,,
1568,1568,334.068603515625,,,,
1569,1569,,332.9482727050781,,,
1569,1569,332.9482727050781,,,,
1570,1570,331.8464660644531,,,,
1571,1571,330.7603454589844,,,,
1572,1572,329.6109619140625,,,,
1573,1573,328.5187072753906,,,,
1574,1574,327.4196472167969,,,,
1575,1575,326.3387451171875,,,,
1576,1576,325.2619934082031,,,,
1577,1577,324.18853759765625,,,,
1578,1578,323.11602783203125,,,,
1579,1579,,322.0753479003906,,,
1579,1579,322.0753479003906,,,,
1580,1580,321.01727294921875,,,,
1581,1581,319.927978515625,,,,
1582,1582,318.8696594238281,,,,
1583,1583,317.7933349609375,,,,
1584,1584,316.7283935546875,,,,
1585,1585,315.6797790527344,,,,
1586,1586,314.64471435546875,,,,
1587,1587,313.6235046386719,,,,
1588,1588,312.59088134765625,,,,
1589,1589,,311.51190185546875,,,
1589,1589,311.51190185546875,,,,
1590,1590,310.4546203613281,,,,
1591,1591,309.4237060546875,,,,
1592,1592,308.38458251953125,,,,
1593,1593,307.38916015625,,,,
1594,1594,306.3666687011719,,,,
1595,1595,305.3522033691406,,,,
1596,1596,304.33953857421875,,,,
1597,1597,303.30133056640625,,,,
1598,1598,302.3106994628906,,,,
1599,1599,,301.3224182128906,,,
1599,1599,301.3224182128906,,,,
1600,1600,300.2977294921875,,,,
1601,1601,299.328857421875,,,,
1602,1602,298.3592834472656,,,,
1603,1603,297.41461181640625,,,,
1604,1604,296.418701171875,,,,
1605,1605,295.4119873046875,,,,
1606,1606,294.4401550292969,,,,
1607,1607,293.4468994140625,,,,
1608,1608,292.4600830078125,,,,
1609,1609,,291.4754638671875,,,
1609,1609,291.4754638671875,,,,
1610,1610,290.5200500488281,,,,
1611,1611,289.5495300292969,,,,
1612,1612,288.5536193847656,,,,
1613,1613,287.5658874511719,,,,
1614,1614,286.65673828125,,,,
1615,1615,285.7127990722656,,,,
1616,1616,284.7668762207031,,,,
1617,1617,283.83380126953125,,,,
1618,1618,282.9137268066406,,,,
1619,1619,,281.951416015625,,,
1619,1619,281.951416015625,,,,
1620,1620,281.0116271972656,,,,
1621,1621,280.0697937011719,,,,
1622,1622,279.1396484375,,,,
1623,1623,278.20111083984375,,,,
1624,1624,277.25201416015625,,,,
1625,1625,276.3458557128906,,,,
1626,1626,275.4298400878906,,,,
1627,1627,274.5404052734375,,,,
1628,1628,273.62652587890625,,,,
1629,1629,,272.6997985839844,,,
1629,1629,272.6997985839844,,,,
1630,1630,271.79168701171875,,,,
1631,1631,270.8407287597656,,,,
1632,1632,269.9490051269531,,,,
1633,1633,269.0518798828125,,,,
1634,1634,268.1536560058594,,,,
1635,1635,267.2684326171875,,,,
1636,1636,266.33349609375,,,,
1637,1637,265.4701232910156,,,,
1638,1638,264.5693664550781,,,,
1639,1639,,263.6966552734375,,,
1639,1639,263.6966552734375,,,,
1640,1640,262.8281555175781,,,,
1641,1641,261.9852294921875,,,,
1642,1642,261.09820556640625,,,,
1643,1643,260.2098083496094,,,,
1644,1644,259.3441162109375,,,,
1645,1645,258.4657897949219,,,,
1646,1646,257.6114196777344,,,,
1647,1647,256.7513427734375,,,,
1648,1648,255.87257385253906,,,,
1649,1649,,255.02285766601562,,,
1649,1649,255.02285766601562,,,,
1650,1650,254.18585205078125,,,,
1651,1651,253.35060119628906,,,,
1652,1652,252.5154266357422,,,,
1653,1653,251.65554809570312,,,,
1654,1654,250.79469299316406,,,,
1655,1655,249.95452880859375,,,,
1656,1656,249.11863708496094,,,,
1657,1657,248.29953002929688,,,,
1658,1658,247.46646118164062,,,,
1659,1659,,246.60003662109375,,,
1659,1659,246.60003662109375,,,,
1660,1660,245.816162109375,,,,
1661,1661,244.9988555908203,,,,
1662,1662,244.15469360351562,,,,
1663,1663,243.33694458007812,,,,
1664,1664,242.50987243652344,,,,
1665,1665,241.7117462158203,,,,
1666,1666,240.91395568847656,,,,
1667,1667,240.11373901367188,,,,
1668,1668,239.2870635986328,,,,
1669,1669,,238.45787048339844,,,
1669,1669,238.45787048339844,,,,
1670,1670,237.66868591308594,,,,
1671,1671,236.84930419921875,,,,
1672,1672,236.07394409179688,,,,
1673,1673,235.32012939453125,,,,
1674,1674,234.47882080078125,,,,
1675,1675,233.7141876220703,,,,
1676,1676,232.92308044433594,,,,
1677,1677,232.16632080078125,,,,
1678,1678,231.4301300048828,,,,
1679,1679,,230.65077209472656,,,
1679,1679,230.65077209472656,,,,
1680,1680,229.8772430419922,,,,
1681,1681,229.083740234375,,,,
1682,1682,228.30564880371094,,,,
1683,1683,227.54043579101562,,,,
1684,1684,226.7787628173828,,,,
1685,1685,226.01873779296875,,,,
1686,1686,225.2611846923828,,,,
1687,1687,224.48291015625,,,,
1688,1688,223.7328643798828,,,,
1689,1689,,222.966552734375,,,
1689,1689,222.966552734375,,,,
1690,1690,222.2453155517578,,,,
1691,1691,221.49961853027344,,,,
1692,1692,220.74781799316406,,,,
1693,1693,219.9669952392578,,,,
1694,1694,219.22317504882812,,,,
1695,1695,218.4730987548828,,,,
1696,1696,217.7571563720703,,,,
1697,1697,217.05247497558594,,,,
1698,1698,216.34901428222656,,,,
1699,1699,,215.64224243164062,,,
1699,1699,215.64224243164062,,,,
1700,1700,214.86924743652344,,,,
1701,1701,214.1483154296875,,,,
1702,1702,213.40994262695312,,,,
1703,1703,212.7074737548828,,,,
1704,1704,212.01014709472656,,,,
1705,1705,211.2985076904297,,,,
1706,1706,210.61643981933594,,,,
1707,1707,209.87997436523438,,,,
1708,1708,209.1643524169922,,,,
1709,1709,,208.42567443847656,,,
1709,1709,208.42567443847656,,,,
1710,1710,207.7587432861328,,,,
1711,1711,207.0355224609375,,,,
1712,1712,206.3567352294922,,,,
1713,1713,205.65078735351562,,,,
1714,1714,204.95469665527344,,,,
1715,1715,204.2664794921875,,,,
1716,1716,203.56626892089844,,,,
1717,1717,202.84295654296875,,,,
1718,1718,202.19020080566406,,,,
1719,1719,,201.49343872070312,,,
1719,1719,201.49343872070312,,,,
1720,1720,200.81619262695312,,,,
1721,1721,200.16285705566406,,,,
1722,1722,199.51348876953125,,,,
1723,1723,198.81727600097656,,,,
1724,1724,198.15457153320312,,,,
1725,1725,197.50697326660156,,,,
1726,1726,196.8025665283203,,,,
1727,1727,196.16090393066406,,,,
1728,1728,195.4444122314453,,,,
1729,1729,,194.7896728515625,,,
1729,1729,194.7896728515625,,,,
1730,1730,194.1655731201172,,,,
1731,1731,193.4944610595703,,,,
1732,1732,192.83428955078125,,,,
1733,1733,192.20286560058594,,,,
1734,1734,191.51734924316406,,,,
1735,1735,190.8560333251953,,,,
1736,1736,190.19435119628906,,,,
1737,1737,189.57908630371094,,,,
1738,1738,188.95016479492188,,,,
1739,1739,,188.32040405273438,,,
1739,1739,188.32040405273438,,,,
1740,1740,187.7047576904297,,,,
1741,1741,187.0393829345703,,,,
1742,1742,186.43528747558594,,,,
1743,1743,185.79124450683594,,,,
1744,1744,185.17813110351562,,,,
1745,1745,184.52658081054688,,,,
1746,1746,183.89901733398438,,,,
1747,1747,183.283203125,,,,
1748,1748,182.6715087890625,,,,
1749,1749,,182.03460693359375,,,
1749,1749,182.03460693359375,,,,
1750,1750,181.41476440429688,,,,
1751,1751,180.8231658935547,,,,
1752,1752,180.213623046875,,,,
1753,1753,179.60572814941406,,,,
1754,1754,178.95909118652344,,,,
1755,1755,178.35804748535156,,,,
1756,1756,177.75296020507812,,,,
1757,1757,177.11328125,,,,
1758,1758,176.56591796875,,,,
1759,1759,,175.9720458984375,,,
1759,1759,175.9720458984375,,,,
1760,1760,175.38577270507812,,,,
1761,1761,174.7982177734375,,,,
1762,1762,174.19000244140625,,,,
1763,1763,173.63180541992188,,,,
1764,1764,173.03921508789062,,,,
1765,1765,172.44451904296875,,,,
1766,1766,171.89732360839844,,,,
1767,1767,171.2916259765625,,,,
1768,1768,170.7070770263672,,,,
1769,1769,,170.11119079589844,,,
1769,1769,170.11119079589844,,,,
1770,1770,169.53086853027344,,,,
1771,1771,168.99160766601562,,,,
1772,1772,168.39613342285156,,,,
1773,1773,167.80921936035156,,,,
1774,1774,167.24501037597656,,,,
1775,1775,166.6775665283203,,,,
1776,1776,166.13246154785156,,,,
1777,1777,165.55088806152344,,,,
1778,1778,165.0176239013672,,,,
1779,1779,,164.44491577148438,,,
1779,1779,164.44491577148438,,,,
1780,1780,163.8855743408203,,,,
1781,1781,163.3271484375,,,,
1782,1782,162.74916076660156,,,,
1783,1783,162.20477294921875,,,,
1784,1784,161.67283630371094,,,,
1785,1785,161.14344787597656,,,,
1786,1786,160.60650634765625,,,,
1787,1787,160.06874084472656,,,,
1788,1788,159.5089874267578,,,,
1789,1789,,158.94581604003906,,,
1789,1789,158.94581604003906,,,,
1790,1790,158.44239807128906,,,,
1791,1791,157.8907012939453,,,,
1792,1792,157.39393615722656,,,,
1793,1793,156.85458374023438,,,,
1794,1794,156.32322692871094,,,,
1795,1795,155.80740356445312,,,,
1796,1796,155.28269958496094,,,,
1797,1797,154.78353881835938,,,,
1798,1798,154.24142456054688,,,,
1799,1799,,153.7001190185547,,,
1799,1799,153.7001190185547,,,,
1800,1800,153.16641235351562,,,,
1801,1801,152.648681640625,,,,
1802,1802,152.1514129638672,,,,
1803,1803,151.61795043945312,,,,
1804,1804,151.1040802001953,,,,
1805,1805,150.60137939453125,,,,
1806,1806,150.1215362548828,,,,
1807,1807,149.6004638671875,,,,
1808,1808,149.07119750976562,,,,
1809,1809,,148.55941772460938,,,
1809,1809,148.55941772460938,,,,
1810,1810,148.07113647460938,,,,
1811,1811,147.6078338623047,,,,
1812,1812,147.11045837402344,,,,
1813,1813,146.57656860351562,,,,
1814,1814,146.0890350341797,,,,
1815,1815,145.6029510498047,,,,
1816,1816,145.10862731933594,,,,
1817,1817,144.62075805664062,,,,
1818,1818,144.1129913330078,,,,
1819,1819,,143.6238250732422,,,
1819,1819,143.6238250732422,,,,
1820,1820,143.13414001464844,,,,
1821,1821,142.69908142089844,,,,
1822,1822,142.27145385742188,,,,
1823,1823,141.74057006835938,,,,
1824,1824,141.22825622558594,,,,
1825,1825,140.7896728515625,,,,
1826,1826,140.3199005126953,,,,
1827,1827,139.89012145996094,,,,
1828,1828,139.3738555908203,,,,
1829,1829,,138.90879821777344,,,
1829,1829,138.90879821777344,,,,
1830,1830,138.46505737304688,,,,
1831,1831,137.99761962890625,,,,
1832,1832,137.51707458496094,,,,
1833,1833,137.05203247070312,,,,
1834,1834,136.5804901123047,,,,
1835,1835,136.1242218017578,,,,
1836,1836,135.70765686035156,,,,
1837,1837,135.2473602294922,,,,
1838,1838,134.7799072265625,,,,
1839,1839,,134.33778381347656,,,
1839,1839,134.33778381347656,,,,
1840,1840,133.9082794189453,,,,
1841,1841,133.47137451171875,,,,
1842,1842,133.04244995117188,,,,
1843,1843,132.6060028076172,,,,
1844,1844,132.17385864257812,,,,
1845,1845,131.7070770263672,,,,
1846,1846,131.25833129882812,,,,
1847,1847,130.79150390625,,,,
1848,1848,130.3648681640625,,,,
1849,1849,,129.93414306640625,,,
1849,1849,129.93414306640625,,,,
1850,1850,129.48606872558594,,,,
1851,1851,129.0883331298828,,,,
1852,1852,128.6730499267578,,,,
1853,1853,128.2312774658203,,,,
1854,1854,127.83650207519531,,,,
1855,1855,127.41134643554688,,,,
1856,1856,126.98371887207031,,,,
1857,1857,126.54405975341797,,,,
1858,1858,126.16952514648438,,,,
1859,1859,,125.73934173583984,,,
1859,1859,125.73934173583984,,,,
1860,1860,125.30704498291016,,,,
1861,1861,124.89971160888672,,,,
1862,1862,124.44037628173828,,,,
1863,1863,124.04537200927734,,,,
1864,1864,123.6290512084961,,,,
1865,1865,123.25182342529297,,,,
1866,1866,122.85521697998047,,,,
1867,1867,122.45281219482422,,,,
1868,1868,122.08866119384766,,,,
1869,1869,,121.69868469238281,,,
1869,1869,121.69868469238281,,,,
1870,1870,121.2580337524414,,,,
1871,1871,120.8451919555664,,,,
1872,1872,120.44520568847656,,,,
1873,1873,120.07917785644531,,,,
1874,1874,119.69601440429688,,,,
1875,1875,119.32547760009766,,,,
1876,1876,118.93514251708984,,,,
1877,1877,118.53688049316406,,,,
1878,1878,118.12407684326172,,,,
1879,1879,,117.7701416015625,,,
1879,1879,117.7701416015625,,,,
1880,1880,117.37422943115234,,,,
1881,1881,117.00350952148438,,,,
1882,1882,116.64048767089844,,,,
1883,1883,116.27470397949219,,,,
1884,1884,115.87202453613281,,,,
1885,1885,115.50066375732422,,,,
1886,1886,115.11730194091797,,,,
1887,1887,114.75299835205078,,,,
1888,1888,114.40033721923828,,,,
1889,1889,,114.0306396484375,,,
1889,1889,114.0306396484375,,,,
1890,1890,113.68122863769531,,,,
1891,1891,113.2747802734375,,,,
1892,1892,112.9149169921875,,,,
1893,1893,112.55016326904297,,,,
1894,1894,112.18876647949219,,,,
1895,1895,111.84122467041016,,,,
1896,1896,111.4926528930664,,,,
1897,1897,111.1407699584961,,,,
1898,1898,110.77969360351562,,,,
1899,1899,,110.42674255371094,,,
1899,1899,110.42674255371094,,,,
1900,1900,110.06419372558594,,,,
1901,1901,109.7263412475586,,,,
1902,1902,109.34898376464844,,,,
1903,1903,109.02915954589844,,,,
1904,1904,108.67729949951172,,,,
1905,1905,108.34867095947266,,,,
1906,1906,107.98336029052734,,,,
1907,1907,107.64997100830078,,,,
1908,1908,107.3370132446289,,,,
1909,1909,,106.96184539794922,,,
1909,1909,106.96184539794922,,,,
1910,1910,106.6561279296875,,,,
1911,1911,106.31693267822266,,,,
1912,1912,106.02896881103516,,,,
1913,1913,105.68798065185547,,,,
1914,1914,105.32186889648438,,,,
1915,1915,104.97388458251953,,,,
1916,1916,104.66645812988281,,,,
1917,1917,104.29556274414062,,,,
1918,1918,103.97657775878906,,,,
1919,1919,,103.67948150634766,,,
1919,1919,103.67948150634766,,,,
1920,1920,103.38379669189453,,,,
1921,1921,103.04415893554688,,,,
1922,1922,102.76363372802734,,,,
1923,1923,102.42035675048828,,,,
1924,1924,102.11103057861328,,,,
1925,1925,101.78784942626953,,,,
1926,1926,101.43269348144531,,,,
1927,1927,101.14228057861328,,,,
1928,1928,100.84281921386719,,,,
1929,1929,,100.46794891357422,,,
1929,1929,100.46794891357422,,,,
1930,1930,100.17485046386719,,,,
1931,1931,99.84675598144531,,,,
1932,1932,99.5282974243164,,,,
1933,1933,99.19476318359375,,,,
1934,1934,98.90800476074219,,,,
1935,1935,98.6005859375,,,,
1936,1936,98.28608703613281,,,,
1937,1937,98.00564575195312,,,,
1938,1938,97.71533966064453,,,,
1939,1939,,97.3977279663086,,,
1939,1939,97.3977279663086,,,,
1940,1940,97.10160827636719,,,,
1941,1941,96.8299789428711,,,,
1942,1942,96.56483459472656,,,,
1943,1943,96.27059936523438,,,,
1944,1944,95.94853210449219,,,,
1945,1945,95.6173324584961,,,,
1946,1946,95.35419464111328,,,,
1947,1947,95.0723876953125,,,,
1948,1948,94.78919982910156,,,,
1949,1949,,94.50592041015625,,,
1949,1949,94.50592041015625,,,,
1950,1950,94.20893859863281,,,,
1951,1951,93.93172454833984,,,,
1952,1952,93.61588287353516,,,,
1953,1953,93.3167953491211,,,,
1954,1954,93.03550720214844,,,,
1955,1955,92.7546615600586,,,,
1956,1956,92.49610137939453,,,,
1957,1957,92.22542572021484,,,,
1958,1958,91.91805267333984,,,,
1959,1959,,91.66879272460938,,,
1959,1959,91.66879272460938,,,,
1960,1960,91.37174987792969,,,,
1961,1961,91.13706970214844,,,,
1962,1962,90.84100341796875,,,,
1963,1963,90.56564331054688,,,,
1964,1964,90.25663757324219,,,,
1965,1965,90.00733184814453,,,,
1966,1966,89.7497329711914,,,,
1967,1967,89.4819564819336,,,,
1968,1968,89.22322845458984,,,,
1969,1969,,88.9207534790039,,,
1969,1969,88.9207534790039,,,,
1970,1970,88.70440673828125,,,,
1971,1971,88.44853210449219,,,,
1972,1972,88.18450164794922,,,,
1973,1973,87.88693237304688,,,,
1974,1974,87.62683868408203,,,,
1975,1975,87.35990142822266,,,,
1976,1976,87.14727020263672,,,,
1977,1977,86.90807342529297,,,,
1978,1978,86.65699005126953,,,,
1979,1979,,86.371337890625,,,
1979,1979,86.371337890625,,,,
1980,1980,86.14636993408203,,,,
1981,1981,85.85843658447266,,,,
1982,1982,85.62259674072266,,,,
1983,1983,85.30823516845703,,,,
1984,1984,85.04541015625,,,,
1985,1985,84.78984832763672,,,,
1986,1986,84.57383728027344,,,,
1987,1987,84.33416748046875,,,,
1988,1988,84.1021957397461,,,,
1989,1989,,83.85102844238281,,,
1989,1989,83.85102844238281,,,,
1990,1990,83.61236572265625,,,,
1991,1991,83.34073638916016,,,,
1992,1992,83.10590362548828,,,,
1993,1993,82.86359405517578,,,,
1994,1994,82.61421203613281,,,,
1995,1995,82.37850189208984,,,,
1996,1996,82.13143920898438,,,,
1997,1997,81.87714385986328,,,,
1998,1998,81.64212799072266,,,,
1999,1999,,81.392578125,,,
1999,1999,,,0.32299599051475525,638.0953979492188,432.18603515625
1999,1999,81.392578125,,,,
2000,2000,81.15025329589844,,,,
2001,2001,80.93728637695312,,,,
2002,2002,80.69334411621094,,,,
2003,2003,80.50189971923828,,,,
2004,2004,80.27637481689453,,,,
2005,2005,80.02488708496094,,,,
2006,2006,79.80213928222656,,,,
2007,2007,79.58370208740234,,,,
2008,2008,79.34606170654297,,,,
2009,2009,,79.1261215209961,,,
2009,2009,79.1261215209961,,,,
2010,2010,78.86465454101562,,,,
2011,2011,78.61725616455078,,,,
2012,2012,78.40526580810547,,,,
2013,2013,78.20315551757812,,,,
2014,2014,77.98263549804688,,,,
2015,2015,77.78917694091797,,,,
2016,2016,77.50753021240234,,,,
2017,2017,77.27749633789062,,,,
2018,2018,77.06857299804688,,,,
2019,2019,,76.85682678222656,,,
2019,2019,76.85682678222656,,,,
2020,2020,76.66947174072266,,,,
2021,2021,76.45447540283203,,,,
2022,2022,76.24729919433594,,,,
2023,2023,75.99778747558594,,,,
2024,2024,75.76964569091797,,,,
2025,2025,75.60424041748047,,,,
2026,2026,75.4081802368164,,,,
2027,2027,75.19254302978516,,,,
2028,2028,74.96153259277344,,,,
2029,2029,,74.7138900756836,,,
2029,2029,74.7138900756836,,,,
2030,2030,74.50178527832031,,,,
2031,2031,74.30211639404297,,,,
2032,2032,74.15304565429688,,,,
2033,2033,73.91368103027344,,,,
2034,2034,73.722412109375,,,,
2035,2035,73.51077270507812,,,,
2036,2036,73.2940673828125,,,,
2037,2037,73.07817077636719,,,,
2038,2038,72.85061645507812,,,,
2039,2039,,72.6138687133789,,,
2039,2039,72.6138687133789,,,,
2040,2040,72.42367553710938,,,,
2041,2041,72.24830627441406,,,,
2042,2042,72.01051330566406,,,,
2043,2043,71.84642791748047,,,,
2044,2044,71.62532043457031,,,,
2045,2045,71.41255950927734,,,,
2046,2046,71.22034454345703,,,,
2047,2047,71.04023742675781,,,,
2048,2048,70.88483428955078,,,,
2049,2049,,70.6691665649414,,,
2049,2049,70.6691665649414,,,,
2050,2050,70.47215270996094,,,,
2051,2051,70.33403015136719,,,,
2052,2052,70.11341857910156,,,,
2053,2053,69.94609069824219,,,,
2054,2054,69.76307678222656,,,,
2055,2055,69.57909393310547,,,,
2056,2056,69.39759063720703,,,,
2057,2057,69.2142333984375,,,,
2058,2058,68.99916076660156,,,,
2059,2059,,68.80992889404297,,,
2059,2059,68.80992889404297,,,,
2060,2060,68.62073516845703,,,,
2061,2061,68.4324951171875,,,,
2062,2062,68.22884368896484,,,,
2063,2063,68.01377868652344,,,,
2064,2064,67.88475799560547,,,,
2065,2065,67.68968200683594,,,,
2066,2066,67.46873474121094,,,,
2067,2067,67.29432678222656,,,,
2068,2068,67.0979232788086,,,,
2069,2069,,66.92278289794922,,,
2069,2069,66.92278289794922,,,,
2070,2070,66.71849060058594,,,,
2071,2071,66.62169647216797,,,,
2072,2072,66.4507827758789,,,,
2073,2073,66.25724029541016,,,,
2074,2074,66.1013412475586,,,,
2075,2075,65.91024780273438,,,,
2076,2076,65.75619506835938,,,,
2077,2077,65.51828002929688,,,,
2078,2078,65.3620834350586,,,,
2079,2079,,65.19874572753906,,,
2079,2079,65.19874572753906,,,,
2080,2080,65.03707885742188,,,,
2081,2081,64.85279083251953,,,,
2082,2082,64.69914245605469,,,,
2083,2083,64.45763397216797,,,,
2084,2084,64.24871826171875,,,,
2085,2085,64.14228820800781,,,,
2086,2086,63.96827697753906,,,,
2087,2087,63.80690383911133,,,,
2088,2088,63.640892028808594,,,,
2089,2089,,63.47078323364258,,,
2089,2089,63.47078323364258,,,,
2090,2090,63.319122314453125,,,,
2091,2091,63.15369415283203,,,,
2092,2092,62.992820739746094,,,,
2093,2093,62.848960876464844,,,,
2094,2094,62.68328094482422,,,,
2095,2095,62.527320861816406,,,,
2096,2096,62.36221694946289,,,,
2097,2097,62.19574737548828,,,,
2098,2098,62.03400802612305,,,,
2099,2099,,61.86597442626953,,,
2099,2099,61.86597442626953,,,,
2100,2100,61.70622634887695,,,,
2101,2101,61.567012786865234,,,,
2102,2102,61.38262939453125,,,,
2103,2103,61.23321533203125,,,,
2104,2104,61.10406494140625,,,,
2105,2105,60.91846466064453,,,,
2106,2106,60.756072998046875,,,,
2107,2107,60.57065963745117,,,,
2108,2108,60.438228607177734,,,,
2109,2109,,60.30949020385742,,,
2109,2109,60.30949020385742,,,,
2110,2110,60.15818786621094,,,,
2111,2111,60.02154541015625,,,,
2112,2112,59.86394119262695,,,,
2113,2113,59.75257110595703,,,,
2114,2114,59.62512969970703,,,,
2115,2115,59.45573043823242,,,,
2116,2116,59.31161117553711,,,,
2117,2117,59.188621520996094,,,,
2118,2118,59.011898040771484,,,,
2119,2119,,58.888282775878906,,,
2119,2119,58.888282775878906,,,,
2120,2120,58.75160598754883,,,,
2121,2121,58.61173629760742,,,,
2122,2122,58.432308197021484,,,,
2123,2123,58.248897552490234,,,,
2124,2124,58.11135482788086,,,,
2125,2125,57.992340087890625,,,,
2126,2126,57.84693145751953,,,,
2127,2127,57.710914611816406,,,,
2128,2128,57.53653335571289,,,,
2129,2129,,57.40455627441406,,,
2129,2129,57.40455627441406,,,,
2130,2130,57.254878997802734,,,,
2131,2131,57.11009979248047,,,,
2132,2132,56.96053695678711,,,,
2133,2133,56.78390121459961,,,,
2134,2134,56.65950012207031,,,,
2135,2135,56.526268005371094,,,,
2136,2136,56.40841293334961,,,,
2137,2137,56.269554138183594,,,,
2138,2138,56.153202056884766,,,,
2139,2139,,56.00830078125,,,
2139,2139,56.00830078125,,,,
2140,2140,55.87390899658203,,,,
2141,2141,55.75930404663086,,,,
2142,2142,55.63747787475586,,,,
2143,2143,55.503807067871094,,,,
2144,2144,55.3568229675293,,,,
2145,2145,55.271697998046875,,,,
2146,2146,55.134368896484375,,,,
2147,2147,54.9983024597168,,,,
2148,2148,54.848751068115234,,,,
2149,2149,,54.70179748535156,,,
2149,2149,54.70179748535156,,,,
2150,2150,54.57449722290039,,,,
2151,2151,54.46744918823242,,,,
2152,2152,54.29319381713867,,,,
2153,2153,54.16762161254883,,,,
2154,2154,54.05560302734375,,,,
2155,2155,53.93687057495117,,,,
2156,2156,53.774192810058594,,,,
2157,2157,53.63509750366211,,,,
2158,2158,53.538063049316406,,,,
2159,2159,,53.44652557373047,,,
2159,2159,53.44652557373047,,,,
2160,2160,53.300540924072266,,,,
2161,2161,53.190147399902344,,,,
2162,2162,53.08604049682617,,,,
2163,2163,52.91637420654297,,,,
2164,2164,52.83156967163086,,,,
2165,2165,52.702396392822266,,,,
2166,2166,52.58108901977539,,,,
2167,2167,52.452762603759766,,,,
2168,2168,52.36482238769531,,,,
2169,2169,,52.22745895385742,,,
2169,2169,52.22745895385742,,,,
2170,2170,52.09931182861328,,,,
2171,2171,51.975616455078125,,,,
2172,2172,51.88020324707031,,,,
2173,2173,51.76504135131836,,,,
2174,2174,51.628074645996094,,,,
2175,2175,51.509986877441406,,,,
2176,2176,51.427982330322266,,,,
2177,2177,51.28829574584961,,,,
2178,2178,51.168601989746094,,,,
2179,2179,,51.04248046875,,,
2179,2179,51.04248046875,,,,
2180,2180,50.9356803894043,,,,
2181,2181,50.852088928222656,,,,
2182,2182,50.723297119140625,,,,
2183,2183,50.63121032714844,,,,
2184,2184,50.50981140136719,,,,
2185,2185,50.41747283935547,,,,
2186,2186,50.2935791015625,,,,
2187,2187,50.19135284423828,,,,
2188,2188,50.091060638427734,,,,
2189,2189,,49.981197357177734,,,
2189,2189,49.981197357177734,,,,
2190,2190,49.86447525024414,,,,
2191,2191,49.76156997680664,,,,
2192,2192,49.6579704284668,,,,
2193,2193,49.55070114135742,,,,
2194,2194,49.458709716796875,,,,
2195,2195,49.334495544433594,,,,
2196,2196,49.218040466308594,,,,
2197,2197,49.11362838745117,,,,
2198,2198,49.02922439575195,,,,
2199,2199,,48.90176010131836,,,
2199,2199,48.90176010131836,,,,
2200,2200,48.82297134399414,,,,
2201,2201,48.73440933227539,,,,
2202,2202,48.594993591308594,,,,
2203,2203,48.482791900634766,,,,
2204,2204,48.38523864746094,,,,
2205,2205,48.29430389404297,,,,
2206,2206,48.16542053222656,,,,
2207,2207,48.080833435058594,,,,
2208,2208,47.94047927856445,,,,
2209,2209,,47.84161376953125,,,
2209,2209,47.84161376953125,,,,
2210,2210,47.69324493408203,,,,
2211,2211,47.61773681640625,,,,
2212,2212,47.515689849853516,,,,
2213,2213,47.407569885253906,,,,
2214,2214,47.307273864746094,,,,
2215,2215,47.21531677246094,,,,
2216,2216,47.13755798339844,,,,
2217,2217,47.02101516723633,,,,
2218,2218,46.916053771972656,,,,
2219,2219,,46.80760192871094,,,
2219,2219,46.80760192871094,,,,
2220,2220,46.711761474609375,,,,
2221,2221,46.64400100708008,,,,
2222,2222,46.540531158447266,,,,
2223,2223,46.44880676269531,,,,
2224,2224,46.35982131958008,,,,
2225,2225,46.23859786987305,,,,
2226,2226,46.20303726196289,,,,
2227,2227,46.12193298339844,,,,
2228,2228,46.02701187133789,,,,
2229,2229,,45.92123794555664,,,
2229,2229,45.92123794555664,,,,
2230,2230,45.84029769897461,,,,
2231,2231,45.761505126953125,,,,
2232,2232,45.66767883300781,,,,
2233,2233,45.58033752441406,,,,
2234,2234,45.50007247924805,,,,
2235,2235,45.42634582519531,,,,
2236,2236,45.35504913330078,,,,
2237,2237,45.25611114501953,,,,
2238,2238,45.19689178466797,,,,
2239,2239,,45.16413879394531,,,
2239,2239,45.16413879394531,,,,
2240,2240,45.131595611572266,,,,
2241,2241,45.15415954589844,,,,
2242,2242,45.18393325805664,,,,
2243,2243,45.343482971191406,,,,
2244,2244,45.5959587097168,,,,
2245,2245,45.962242126464844,,,,
2246,2246,46.47727966308594,,,,
2247,2247,46.56405258178711,,,,
2248,2248,46.61470413208008,,,,
2249,2249,,45.82988357543945,,,
2249,2249,45.82988357543945,,,,
2250,2250,44.973716735839844,,,,
2251,2251,44.222259521484375,,,,
2252,2252,43.96399688720703,,,,
2253,2253,44.18515396118164,,,,
2254,2254,44.50861358642578,,,,
2255,2255,44.64613723754883,,,,
2256,2256,44.35725402832031,,,,
2257,2257,43.85618209838867,,,,
2258,2258,43.487361907958984,,,,
2259,2259,,43.35886001586914,,,
2259,2259,43.35886001586914,,,,
2260,2260,43.46258544921875,,,,
2261,2261,43.62543487548828,,,,
2262,2262,43.67896270751953,,,,
2263,2263,43.5184211730957,,,,
2264,2264,43.231197357177734,,,,
2265,2265,43.015960693359375,,,,
2266,2266,42.800018310546875,,,,
2267,2267,42.74824905395508,,,,
2268,2268,42.8199348449707,,,,
2269,2269,,42.773658752441406,,,
2269,2269,42.773658752441406,,,,
2270,2270,42.82573318481445,,,,
2271,2271,42.66892623901367,,,,
2272,2272,42.57573318481445,,,,
2273,2273,42.387359619140625,,,,
2274,2274,42.28560256958008,,,,
2275,2275,42.13974380493164,,,,
2276,2276,42.07275390625,,,,
2277,2277,42.00276184082031,,,,
2278,2278,41.945892333984375,,,,
2279,2279,,41.883636474609375,,,
2279,2279,41.883636474609375,,,,
2280,2280,41.86123275756836,,,,
2281,2281,41.74236297607422,,,,
2282,2282,41.682395935058594,,,,
2283,2283,41.55491256713867,,,,
2284,2284,41.48108673095703,,,,
2285,2285,41.4099006652832,,,,
2286,2286,41.35077667236328,,,,
2287,2287,41.25639343261719,,,,
2288,2288,41.187721252441406,,,,
2289,2289,,41.131649017333984,,,
2289,2289,41.131649017333984,,,,
2290,2290,41.059226989746094,,,,
2291,2291,41.01081466674805,,,,
2292,2292,40.91059112548828,,,,
2293,2293,40.88032531738281,,,,
2294,2294,40.79918670654297,,,,
2295,2295,40.74451446533203,,,,
2296,2296,40.66184616088867,,,,
2297,2297,40.583091735839844,,,,
2298,2298,40.55348587036133,,,,
2299,2299,,40.47378921508789,,,
2299,2299,40.47378921508789,,,,
2300,2300,40.40397262573242,,,,
2301,2301,40.33190155029297,,,,
2302,2302,40.23789978027344,,,,
2303,2303,40.23197555541992,,,,
2304,2304,40.131744384765625,,,,
2305,2305,40.08855438232422,,,,
2306,2306,40.01503372192383,,,,
2307,2307,39.964874267578125,,,,
2308,2308,39.8891716003418,,,,
2309,2309,,39.889549255371094,,,
2309,2309,39.889549255371094,,,,
2310,2310,39.859954833984375,,,,
2311,2311,39.84767532348633,,,,
2312,2312,39.84242248535156,,,,
2313,2313,39.868553161621094,,,,
2314,2314,39.91568374633789,,,,
2315,2315,39.973392486572266,,,,
2316,2316,40.09695816040039,,,,
2317,2317,40.330875396728516,,,,
2318,2318,40.628746032714844,,,,
2319,2319,,41.10337829589844,,,
2319,2319,41.10337829589844,,,,
2320,2320,41.46601486206055,,,,
2321,2321,42.009456634521484,,,,
2322,2322,41.9149055480957,,,,
2323,2323,41.87123107910156,,,,
2324,2324,40.8599739074707,,,,
2325,2325,39.693023681640625,,,,
2326,2326,38.93702697753906,,,,
2327,2327,38.74596405029297,,,,
2328,2328,38.97382354736328,,,,
2329,2329,,39.60383987426758,,,
2329,2329,39.60383987426758,,,,
2330,2330,39.71839904785156,,,,
2331,2331,39.48247146606445,,,,
2332,2332,38.90441131591797,,,,
2333,2333,38.517818450927734,,,,
2334,2334,38.307701110839844,,,,
2335,2335,38.33003616333008,,,,
2336,2336,38.494056701660156,,,,
2337,2337,38.55887222290039,,,,
2338,2338,38.54058074951172,,,,
2339,2339,,38.352783203125,,,
2339,2339,38.352783203125,,,,
2340,2340,38.173667907714844,,,,
2341,2341,37.964359283447266,,,,
2342,2342,37.816043853759766,,,,
2343,2343,37.82715606689453,,,,
2344,2344,37.8330078125,,,,
2345,2345,37.8392219543457,,,,
2346,2346,37.74838638305664,,,,
2347,2347,37.735076904296875,,,,
2348,2348,37.59479522705078,,,,
2349,2349,,37.52860641479492,,,
2349,2349,37.52860641479492,,,,
2350,2350,37.40321731567383,,,,
2351,2351,37.34288024902344,,,,
2352,2352,37.319332122802734,,,,
2353,2353,37.257198333740234,,,,
2354,2354,37.234031677246094,,,,
2355,2355,37.21339797973633,,,,
2356,2356,37.091278076171875,,,,
2357,2357,37.08561706542969,,,,
2358,2358,36.92647933959961,,,,
2359,2359,,36.93190383911133,,,
2359,2359,36.93190383911133,,,,
2360,2360,36.837013244628906,,,,
2361,2361,36.80186080932617,,,,
2362,2362,36.72075653076172,,,,
2363,2363,36.691104888916016,,,,
2364,2364,36.637027740478516,,,,
2365,2365,36.57588195800781,,,,
2366,2366,36.575103759765625,,,,
2367,2367,36.479835510253906,,,,
2368,2368,36.50299072265625,,,,
2369,2369,,36.453792572021484,,,
2369,2369,36.453792572021484,,,,
2370,2370,36.46788024902344,,,,
2371,2371,36.45934295654297,,,,
2372,2372,36.48078536987305,,,,
2373,2373,36.536338806152344,,,,
2374,2374,36.70155715942383,,,,
2375,2375,36.893280029296875,,,,
2376,2376,37.27083969116211,,,,
2377,2377,37.51631164550781,,,,
2378,2378,37.96546936035156,,,,
2379,2379,,38.13603591918945,,,
2379,2379,38.13603591918945,,,,
2380,2380,38.635353088378906,,,,
2381,2381,38.348148345947266,,,,
2382,2382,38.249507904052734,,,,
2383,2383,37.31097412109375,,,,
2384,2384,36.472084045410156,,,,
2385,2385,35.74790573120117,,,,
2386,2386,35.59308624267578,,,,
2387,2387,35.89842224121094,,,,
2388,2388,36.21821594238281,,,,
2389,2389,,36.3629264831543,,,
2389,2389,36.3629264831543,,,,
2390,2390,36.18611526489258,,,,
2391,2391,35.827423095703125,,,,
2392,2392,35.472007751464844,,,,
2393,2393,35.28361129760742,,,,
2394,2394,35.2835693359375,,,,
2395,2395,35.372371673583984,,,,
2396,2396,35.45875930786133,,,,
2397,2397,35.58151626586914,,,,
2398,2398,35.5650634765625,,,,
2399,2399,,35.45899963378906,,,
2399,2399,35.45899963378906,,,,
2400,2400,35.24568176269531,,,,
2401,2401,35.074039459228516,,,,
2402,2402,34.863800048828125,,,,
2403,2403,34.8138542175293,,,,
2404,2404,34.794410705566406,,,,
2405,2405,34.804439544677734,,,,
2406,2406,34.873348236083984,,,,
2407,2407,34.8454475402832,,,,
2408,2408,34.840553283691406,,,,
2409,2409,,34.75533676147461,,,
2409,2409,34.75533676147461,,,,
2410,2410,34.69423294067383,,,,
2411,2411,34.59516525268555,,,,
2412,2412,34.49381637573242,,,,
2413,2413,34.3973503112793,,,,
2414,2414,34.38359451293945,,,,
2415,2415,34.3382453918457,,,,
2416,2416,34.26228332519531,,,,
2417,2417,34.314510345458984,,,,
2418,2418,34.212337493896484,,,,
2419,2419,,34.21430206298828,,,
2419,2419,34.21430206298828,,,,
2420,2420,34.159786224365234,,,,
2421,2421,34.1199951171875,,,,
2422,2422,34.09553909301758,,,,
2423,2423,34.02970504760742,,,,
2424,2424,33.952579498291016,,,,
2425,2425,33.970027923583984,,,,
2426,2426,33.873985290527344,,,,
2427,2427,33.88330078125,,,,
2428,2428,33.79155731201172,,,,
2429,2429,,33.77939987182617,,,
2429,2429,33.77939987182617,,,,
2430,2430,33.719058990478516,,,,
2431,2431,33.702327728271484,,,,
2432,2432,33.649169921875,,,,
2433,2433,33.619903564453125,,,,
2434,2434,33.56945037841797,,,,
2435,2435,33.54138946533203,,,,
2436,2436,33.49531173706055,,,,
2437,2437,33.43492889404297,,,,
2438,2438,33.413944244384766,,,,
2439,2439,,33.376068115234375,,,
2439,2439,33.376068115234375,,,,
2440,2440,33.321434020996094,,,,
2441,2441,33.306663513183594,,,,
2442,2442,33.24949264526367,,,,
2443,2443,33.298736572265625,,,,
2444,2444,33.27655792236328,,,,
2445,2445,33.36003875732422,,,,
2446,2446,33.61469268798828,,,,
2447,2447,33.98619079589844,,,,
2448,2448,35.001747131347656,,,,
2449,2449,,36.464176177978516,,,
2449,2449,36.464176177978516,,,,
2450,2450,39.946964263916016,,,,
2451,2451,42.77030563354492,,,,
2452,2452,49.3042106628418,,,,
2453,2453,44.37496566772461,,,,
2454,2454,39.45670700073242,,,,
2455,2455,33.27187728881836,,,,
2456,2456,35.276241302490234,,,,
2457,2457,40.09304428100586,,,,
2458,2458,36.35054016113281,,,,
2459,2459,,32.96950912475586,,,
2459,2459,32.96950912475586,,,,
2460,2460,35.03459167480469,,,,
2461,2461,36.222007751464844,,,,
2462,2462,34.037269592285156,,,,
2463,2463,32.83701705932617,,,,
2464,2464,34.81577682495117,,,,
2465,2465,35.04308319091797,,,,
2466,2466,32.78908920288086,,,,
2467,2467,33.25886154174805,,,,
2468,2468,34.787498474121094,,,,
2469,2469,,33.55883026123047,,,
2469,2469,33.55883026123047,,,,
2470,2470,32.39992904663086,,,,
2471,2471,33.208370208740234,,,,
2472,2472,33.651397705078125,,,,
2473,2473,32.81764602661133,,,,
2474,2474,32.254947662353516,,,,
2475,2475,32.96552276611328,,,,
2476,2476,33.14088821411133,,,,
2477,2477,32.39698791503906,,,,
2478,2478,32.22813415527344,,,,
2479,2479,,32.78717803955078,,,
2479,2479,32.78717803955078,,,,
2480,2480,32.60198211669922,,,,
2481,2481,32.067649841308594,,,,
2482,2482,32.1258430480957,,,,
2483,2483,32.354026794433594,,,,
2484,2484,32.15899658203125,,,,
2485,2485,31.910743713378906,,,,
2486,2486,32.02373123168945,,,,
2487,2487,32.1001091003418,,,,
2488,2488,31.84040069580078,,,,
2489,2489,,31.786945343017578,,,
2489,2489,31.786945343017578,,,,
2490,2490,31.949827194213867,,,,
2491,2491,31.833086013793945,,,,
2492,2492,31.69209098815918,,,,
2493,2493,31.706758499145508,,,,
2494,2494,31.737468719482422,,,,
2495,2495,31.645227432250977,,,,
2496,2496,31.517406463623047,,,,
2497,2497,31.542858123779297,,,,
2498,2498,31.564311981201172,,,,
2499,2499,,31.53172492980957,,,
2499,2499,,,0.3469168245792389,736.10888671875,432.18603515625
2499,2499,31.53172492980957,,,,
2500,2500,31.39681625366211,,,,
2501,2501,31.368188858032227,,,,
2502,2502,31.40546226501465,,,,
2503,2503,31.339399337768555,,,,
2504,2504,31.26451301574707,,,,
2505,2505,31.241809844970703,,,,
2506,2506,31.23373794555664,,,,
2507,2507,31.213525772094727,,,,
2508,2508,31.169294357299805,,,,
2509,2509,,31.125106811523438,,,
2509,2509,31.125106811523438,,,,
2510,2510,31.075681686401367,,,,
2511,2511,31.08258056640625,,,,
2512,2512,31.02371597290039,,,,
2513,2513,30.990262985229492,,,,
2514,2514,30.970182418823242,,,,
2515,2515,30.917530059814453,,,,
2516,2516,30.912824630737305,,,,
2517,2517,30.893009185791016,,,,
2518,2518,30.83501625061035,,,,
2519,2519,,30.785913467407227,,,
2519,2519,30.785913467407227,,,,
2520,2520,30.801956176757812,,,,
2521,2521,30.76287841796875,,,,
2522,2522,30.730709075927734,,,,
2523,2523,30.708906173706055,,,,
2524,2524,30.657594680786133,,,,
2525,2525,30.65662956237793,,,,
2526,2526,30.60704803466797,,,,
2527,2527,30.567943572998047,,,,
2528,2528,30.51747703552246,,,,
2529,2529,,30.482267379760742,,,
2529,2529,30.482267379760742,,,,
2530,2530,30.447998046875,,,,
2531,2531,30.417076110839844,,,,
2532,2532,30.418846130371094,,,,
2533,2533,30.40818214416504,,,,
2534,2534,30.33399200439453,,,,
2535,2535,30.286794662475586,,,,
2536,2536,30.284061431884766,,,,
2537,2537,30.28606414794922,,,,
2538,2538,30.2879695892334,,,,
2539,2539,,30.26201820373535,,,
2539,2539,30.26201820373535,,,,
2540,2540,30.234521865844727,,,,
2541,2541,30.21636962890625,,,,
2542,2542,30.185535430908203,,,,
2543,2543,30.155563354492188,,,,
2544,2544,30.12544822692871,,,,
2545,2545,30.07963752746582,,,,
2546,2546,30.04244613647461,,,,
2547,2547,30.010690689086914,,,,
2548,2548,29.99517822265625,,,,
2549,2549,,29.965587615966797,,,
2549,2549,29.965587615966797,,,,
2550,2550,29.914932250976562,,,,
2551,2551,29.911954879760742,,,,
2552,2552,29.923128128051758,,,,
2553,2553,29.890851974487305,,,,
2554,2554,29.880496978759766,,,,
2555,2555,29.8798828125,,,,
2556,2556,29.794708251953125,,,,
2557,2557,29.832128524780273,,,,
2558,2558,29.740615844726562,,,,
2559,2559,,29.76187515258789,,,
2559,2559,29.76187515258789,,,,
2560,2560,29.7322940826416,,,,
2561,2561,29.673192977905273,,,,
2562,2562,29.65604591369629,,,,
2563,2563,29.621498107910156,,,,
2564,2564,29.584178924560547,,,,
2565,2565,29.59136199951172,,,,
2566,2566,29.559465408325195,,,,
2567,2567,29.55662727355957,,,,
2568,2568,29.49123191833496,,,,
2569,2569,,29.481584548950195,,,
2569,2569,29.481584548950195,,,,
2570,2570,29.431903839111328,,,,
2571,2571,29.411396026611328,,,,
2572,2572,29.412099838256836,,,,
2573,2573,29.363340377807617,,,,
2574,2574,29.361465454101562,,,,
2575,2575,29.309608459472656,,,,
2576,2576,29.30548095703125,,,,
2577,2577,29.317731857299805,,,,
2578,2578,29.286073684692383,,,,
2579,2579,,29.253402709960938,,,
2579,2579,29.253402709960938,,,,
2580,2580,29.241796493530273,,,,
2581,2581,29.23114776611328,,,,
2582,2582,29.21541976928711,,,,
2583,2583,29.180612564086914,,,,
2584,2584,29.14568328857422,,,,
2585,2585,29.12186622619629,,,,
2586,2586,29.100830078125,,,,
2587,2587,29.067686080932617,,,,
2588,2588,29.085050582885742,,,,
2589,2589,,29.02028465270996,,,
2589,2589,29.02028465270996,,,,
2590,2590,29.054588317871094,,,,
2591,2591,28.977170944213867,,,,
2592,2592,29.08603858947754,,,,
2593,2593,29.12518310546875,,,,
2594,2594,29.46339988708496,,,,
2595,2595,29.956483840942383,,,,
2596,2596,30.72856903076172,,,,
2597,2597,32.41325759887695,,,,
2598,2598,33.89259719848633,,,,
2599,2599,,37.43604278564453,,,
2599,2599,37.43604278564453,,,,
2600,2600,37.21044158935547,,,,
2601,2601,38.179874420166016,,,,
2602,2602,32.95256423950195,,,,
2603,2603,29.522130966186523,,,,
2604,2604,29.097442626953125,,,,
2605,2605,31.1198787689209,,,,
2606,2606,32.77997970581055,,,,
2607,2607,30.8428897857666,,,,
2608,2608,28.97859764099121,,,,
2609,2609,,29.088638305664062,,,
2609,2609,29.088638305664062,,,,
2610,2610,30.42067527770996,,,,
2611,2611,30.982948303222656,,,,
2612,2612,29.64862060546875,,,,
2613,2613,28.61650848388672,,,,
2614,2614,29.12144660949707,,,,
2615,2615,29.94858169555664,,,,
2616,2616,30.067771911621094,,,,
2617,2617,29.054462432861328,,,,
2618,2618,28.507415771484375,,,,
2619,2619,,29.04454231262207,,,
2619,2619,29.04454231262207,,,,
2620,2620,29.45526123046875,,,,
2621,2621,29.297664642333984,,,,
2622,2622,28.64202880859375,,,,
2623,2623,28.50951385498047,,,,
2624,2624,28.902616500854492,,,,
2625,2625,29.084802627563477,,,,
2626,2626,28.903493881225586,,,,
2627,2627,28.432998657226562,,,,
2628,2628,28.387126922607422,,,,
2629,2629,,28.562728881835938,,,
2629,2629,28.562728881835938,,,,
2630,2630,28.693973541259766,,,,
2631,2631,28.419124603271484,,,,
2632,2632,28.26073455810547,,,,
2633,2633,28.31140899658203,,,,
2634,2634,28.361989974975586,,,,
2635,2635,28.388647079467773,,,,
2636,2636,28.269481658935547,,,,
2637,2637,28.200265884399414,,,,
2638,2638,28.19907569885254,,,,
2639,2639,,28.23784637451172,,,
2639,2639,28.23784637451172,,,,
2640,2640,28.237552642822266,,,,
2641,2641,28.174049377441406,,,,
2642,2642,28.101032257080078,,,,
2643,2643,28.063552856445312,,,,
2644,2644,28.033140182495117,,,,
2645,2645,28.085590362548828,,,,
2646,2646,28.11036491394043,,,,
2647,2647,28.096712112426758,,,,
2648,2648,28.010488510131836,,,,
2649,2649,,27.941553115844727,,,
2649,2649,27.941553115844727,,,,
2650,2650,27.93743133544922,,,,
2651,2651,27.930400848388672,,,,
2652,2652,27.94504737854004,,,,
2653,2653,27.916175842285156,,,,
2654,2654,27.86897087097168,,,,
2655,2655,27.83625602722168,,,,
2656,2656,27.79082489013672,,,,
2657,2657,27.784685134887695,,,,
2658,2658,27.771883010864258,,,,
2659,2659,,27.751487731933594,,,
2659,2659,27.751487731933594,,,,
2660,2660,27.745328903198242,,,,
2661,2661,27.7132625579834,,,,
2662,2662,27.67359161376953,,,,
2663,2663,27.66014862060547,,,,
2664,2664,27.670135498046875,,,,
2665,2665,27.628049850463867,,,,
2666,2666,27.642417907714844,,,,
2667,2667,27.617273330688477,,,,
2668,2668,27.57770347595215,,,,
2669,2669,,27.589111328125,,,
2669,2669,27.589111328125,,,,
2670,2670,27.548625946044922,,,,
2671,2671,27.56191062927246,,,,
2672,2672,27.5502986907959,,,,
2673,2673,27.501222610473633,,,,
2674,2674,27.446788787841797,,,,
2675,2675,27.45070457458496,,,,
2676,2676,27.41673469543457,,,,
2677,2677,27.407590866088867,,,,
2678,2678,27.39303970336914,,,,
2679,2679,,27.37403106689453,,,
2679,2679,27.37403106689453,,,,
2680,2680,27.382749557495117,,,,
2681,2681,27.371139526367188,,,,
2682,2682,27.388755798339844,,,,
2683,2683,27.33439064025879,,,,
2684,2684,27.376239776611328,,,,
2685,2685,27.3066349029541,,,,
2686,2686,27.37422752380371,,,,
2687,2687,27.346044540405273,,,,
2688,2688,27.434619903564453,,,,
2689,2689,,27.471572875976562,,,
2689,2689,27.471572875976562,,,,
2690,2690,27.555095672607422,,,,
2691,2691,27.6143798828125,,,,
2692,2692,27.778078079223633,,,,
2693,2693,27.924083709716797,,,,
2694,2694,28.253231048583984,,,,
2695,2695,28.39716148376465,,,,
2696,2696,28.588417053222656,,,,
2697,2697,28.47210121154785,,,,
2698,2698,28.32354736328125,,,,
2699,2699,,27.92072105407715,,,
2699,2699,27.92072105407715,,,,
2700,2700,27.65964698791504,,,,
2701,2701,27.23286247253418,,,,
2702,2702,27.165908813476562,,,,
2703,2703,26.976987838745117,,,,
2704,2704,26.972272872924805,,,,
2705,2705,27.147857666015625,,,,
2706,2706,27.293163299560547,,,,
2707,2707,27.524885177612305,,,,
2708,2708,27.54430389404297,,,,
2709,2709,,27.63496971130371,,,
2709,2709,27.63496971130371,,,,
2710,2710,27.486961364746094,,,,
2711,2711,27.357555389404297,,,,
2712,2712,27.146465301513672,,,,
2713,2713,27.029827117919922,,,,
2714,2714,26.892330169677734,,,,
2715,2715,26.855186462402344,,,,
2716,2716,26.7719669342041,,,,
2717,2717,26.748371124267578,,,,
2718,2718,26.766429901123047,,,,
2719,2719,,26.79085350036621,,,
2719,2719,26.79085350036621,,,,
2720,2720,26.87889862060547,,,,
2721,2721,26.899494171142578,,,,
2722,2722,27.066978454589844,,,,
2723,2723,27.111553192138672,,,,
2724,2724,27.447364807128906,,,,
2725,2725,27.623327255249023,,,,
2726,2726,28.07944679260254,,,,
2727,2727,28.14980125427246,,,,
2728,2728,28.58552360534668,,,,
2729,2729,,28.276201248168945,,,
2729,2729,28.276201248168945,,,,
2730,2730,28.251976013183594,,,,
2731,2731,27.612831115722656,,,,
2732,2732,27.242149353027344,,,,
2733,2733,26.792558670043945,,,,
2734,2734,26.638450622558594,,,,
2735,2735,26.497711181640625,,,,
2736,2736,26.492843627929688,,,,
2737,2737,26.601211547851562,,,,
2738,2738,26.73206901550293,,,,
2739,2739,,26.957080841064453,,,
2739,2739,26.957080841064453,,,,
2740,2740,27.051681518554688,,,,
2741,2741,27.230159759521484,,,,
2742,2742,27.04572296142578,,,,
2743,2743,27.006404876708984,,,,
2744,2744,26.704315185546875,,,,
2745,2745,26.568023681640625,,,,
2746,2746,26.400415420532227,,,,
2747,2747,26.439058303833008,,,,
2748,2748,26.290281295776367,,,,
2749,2749,,26.343292236328125,,,
2749,2749,26.343292236328125,,,,
2750,2750,26.236520767211914,,,,
2751,2751,26.277973175048828,,,,
2752,2752,26.234661102294922,,,,
2753,2753,26.267629623413086,,,,
2754,2754,26.223983764648438,,,,
2755,2755,26.29095458984375,,,,
2756,2756,26.311498641967773,,,,
2757,2757,26.393198013305664,,,,
2758,2758,26.365819931030273,,,,
2759,2759,,26.469036102294922,,,
2759,2759,26.469036102294922,,,,
2760,2760,26.42847442626953,,,,
2761,2761,26.524072647094727,,,,
2762,2762,26.498001098632812,,,,
2763,2763,26.533815383911133,,,,
2764,2764,26.495702743530273,,,,
2765,2765,26.522459030151367,,,,
2766,2766,26.477523803710938,,,,
2767,2767,26.484222412109375,,,,
2768,2768,26.44376564025879,,,,
2769,2769,,26.427242279052734,,,
2769,2769,26.427242279052734,,,,
2770,2770,26.41847801208496,,,,
2771,2771,26.377864837646484,,,,
2772,2772,26.317302703857422,,,,
2773,2773,26.287052154541016,,,,
2774,2774,26.24728775024414,,,,
2775,2775,26.24994468688965,,,,
2776,2776,26.153810501098633,,,,
2777,2777,26.219120025634766,,,,
2778,2778,26.114225387573242,,,,
2779,2779,,26.219451904296875,,,
2779,2779,26.219451904296875,,,,
2780,2780,26.19036293029785,,,,
2781,2781,26.337377548217773,,,,
2782,2782,26.32533073425293,,,,
2783,2783,26.566043853759766,,,,
2784,2784,26.608928680419922,,,,
2785,2785,26.926158905029297,,,,
2786,2786,26.971506118774414,,,,
2787,2787,27.35213279724121,,,,
2788,2788,27.28790855407715,,,,
2789,2789,,27.534107208251953,,,
2789,2789,27.534107208251953,,,,
2790,2790,27.1992130279541,,,,
2791,2791,27.15997314453125,,,,
2792,2792,26.59711456298828,,,,
2793,2793,26.410799026489258,,,,
2794,2794,26.005645751953125,,,,
2795,2795,25.78452491760254,,,,
2796,2796,25.664546966552734,,,,
2797,2797,25.678743362426758,,,,
2798,2798,25.643850326538086,,,,
2799,2799,,25.623126983642578,,,
2799,2799,25.623126983642578,,,,
2800,2800,25.611413955688477,,,,
2801,2801,25.63519859313965,,,,
2802,2802,25.577634811401367,,,,
2803,2803,25.717378616333008,,,,
2804,2804,25.708646774291992,,,,
2805,2805,26.12725830078125,,,,
2806,2806,26.35186004638672,,,,
2807,2807,26.911293029785156,,,,
2808,2808,27.1193790435791,,,,
2809,2809,,27.622089385986328,,,
2809,2809,27.622089385986328,,,,
2810,2810,27.262292861938477,,,,
2811,2811,27.207387924194336,,,,
2812,2812,26.38411521911621,,,,
2813,2813,25.926986694335938,,,,
2814,2814,25.416515350341797,,,,
2815,2815,25.259279251098633,,,,
2816,2816,25.44410514831543,,,,
2817,2817,25.708465576171875,,,,
2818,2818,26.075899124145508,,,,
2819,2819,,26.181201934814453,,,
2819,2819,26.181201934814453,,,,
2820,2820,26.395477294921875,,,,
2821,2821,26.22287368774414,,,,
2822,2822,26.09070587158203,,,,
2823,2823,25.708547592163086,,,,
2824,2824,25.446792602539062,,,,
2825,2825,25.22374725341797,,,,
2826,2826,25.1535701751709,,,,
2827,2827,25.179283142089844,,,,
2828,2828,25.19361114501953,,,,
2829,2829,,25.360353469848633,,,
2829,2829,25.360353469848633,,,,
2830,2830,25.521869659423828,,,,
2831,2831,25.74901008605957,,,,
2832,2832,25.836713790893555,,,,
2833,2833,25.949188232421875,,,,
2834,2834,25.90642547607422,,,,
2835,2835,25.87613296508789,,,,
2836,2836,25.63423728942871,,,,
2837,2837,25.502260208129883,,,,
2838,2838,25.23423194885254,,,,
2839,2839,,25.07196044921875,,,
2839,2839,25.07196044921875,,,,
2840,2840,24.946115493774414,,,,
2841,2841,24.924104690551758,,,,
2842,2842,24.87143325805664,,,,
2843,2843,24.899761199951172,,,,
2844,2844,24.917949676513672,,,,
2845,2845,24.915903091430664,,,,
2846,2846,24.932798385620117,,,,
2847,2847,24.951919555664062,,,,
2848,2848,24.961069107055664,,,,
2849,2849,,24.995847702026367,,,
2849,2849,24.995847702026367,,,,
2850,2850,25.032163619995117,,,,
2851,2851,25.047800064086914,,,,
2852,2852,25.075841903686523,,,,
2853,2853,25.10157585144043,,,,
2854,2854,25.140289306640625,,,,
2855,2855,25.120250701904297,,,,
2856,2856,25.18672752380371,,,,
2857,2857,25.088699340820312,,,,
2858,2858,25.14911460876465,,,,
2859,2859,,25.097442626953125,,,
2859,2859,25.097442626953125,,,,
2860,2860,25.181182861328125,,,,
2861,2861,25.118101119995117,,,,
2862,2862,25.27223777770996,,,,
2863,2863,25.1749210357666,,,,
2864,2864,25.340044021606445,,,,
2865,2865,25.241291046142578,,,,
2866,2866,25.36264991760254,,,,
2867,2867,25.24382781982422,,,,
2868,2868,25.230791091918945,,,,
2869,2869,,24.9987850189209,,,
2869,2869,24.9987850189209,,,,
2870,2870,24.91929817199707,,,,
2871,2871,24.71580696105957,,,,
2872,2872,24.68025779724121,,,,
2873,2873,24.572568893432617,,,,
2874,2874,24.614927291870117,,,,
2875,2875,24.474721908569336,,,,
2876,2876,24.47239112854004,,,,
2877,2877,24.433300018310547,,,,
2878,2878,24.41661834716797,,,,
2879,2879,,24.414731979370117,,,
2879,2879,24.414731979370117,,,,
2880,2880,24.415210723876953,,,,
2881,2881,24.413393020629883,,,,
2882,2882,24.414499282836914,,,,
2883,2883,24.398277282714844,,,,
2884,2884,24.406566619873047,,,,
2885,2885,24.402925491333008,,,,
2886,2886,24.404273986816406,,,,
2887,2887,24.395341873168945,,,,
2888,2888,24.359973907470703,,,,
2889,2889,,24.43126678466797,,,
2889,2889,24.43126678466797,,,,
2890,2890,24.45901870727539,,,,
2891,2891,24.5217342376709,,,,
2892,2892,24.65667724609375,,,,
2893,2893,24.861352920532227,,,,
2894,2894,25.249113082885742,,,,
2895,2895,25.9925479888916,,,,
2896,2896,26.77005386352539,,,,
2897,2897,28.681278228759766,,,,
2898,2898,29.05390167236328,,,,
2899,2899,,31.085432052612305,,,
2899,2899,31.085432052612305,,,,
2900,2900,28.971195220947266,,,,
2901,2901,27.798660278320312,,,,
2902,2902,25.23227310180664,,,,
2903,2903,24.243417739868164,,,,
2904,2904,24.74182891845703,,,,
2905,2905,25.94700813293457,,,,
2906,2906,27.069194793701172,,,,
2907,2907,26.056116104125977,,,,
2908,2908,24.984859466552734,,,,
2909,2909,,24.165464401245117,,,
2909,2909,24.165464401245117,,,,
2910,2910,24.205568313598633,,,,
2911,2911,24.956836700439453,,,,
2912,2912,25.457733154296875,,,,
2913,2913,25.611452102661133,,,,
2914,2914,24.85592269897461,,,,
2915,2915,24.11642074584961,,,,
2916,2916,24.028547286987305,,,,
2917,2917,24.47142791748047,,,,
2918,2918,24.928571701049805,,,,
2919,2919,,24.802959442138672,,,
2919,2919,24.802959442138672,,,,
2920,2920,24.327251434326172,,,,
2921,2921,23.974998474121094,,,,
2922,2922,24.009281158447266,,,,
2923,2923,24.230201721191406,,,,
2924,2924,24.377872467041016,,,,
2925,2925,24.141433715820312,,,,
2926,2926,23.922677993774414,,,,
2927,2927,23.920698165893555,,,,
2928,2928,24.01766014099121,,,,
2929,2929,,24.0556697845459,,,
2929,2929,24.0556697845459,,,,
2930,2930,23.945571899414062,,,,
2931,2931,23.863061904907227,,,,
2932,2932,23.884044647216797,,,,
2933,2933,23.942153930664062,,,,
2934,2934,23.933618545532227,,,,
2935,2935,23.93496322631836,,,,
2936,2936,23.821674346923828,,,,
2937,2937,23.750732421875,,,,
2938,2938,23.74839973449707,,,,
2939,2939,,23.7407283782959,,,
2939,2939,23.7407283782959,,,,
2940,2940,23.83820915222168,,,,
2941,2941,23.84637451171875,,,,
2942,2942,23.92636489868164,,,,
2943,2943,23.87479591369629,,,,
2944,2944,23.871498107910156,,,,
2945,2945,23.814237594604492,,,,
2946,2946,23.76280403137207,,,,
2947,2947,23.638940811157227,,,,
2948,2948,23.611251831054688,,,,
2949,2949,,23.591838836669922,,,
2949,2949,23.591838836669922,,,,
2950,2950,23.60683822631836,,,,
2951,2951,23.602298736572266,,,,
2952,2952,23.604114532470703,,,,
2953,2953,23.565614700317383,,,,
2954,2954,23.52485466003418,,,,
2955,2955,23.49150848388672,,,,
2956,2956,23.482295989990234,,,,
2957,2957,23.49721908569336,,,,
2958,2958,23.5175724029541,,,,
2959,2959,,23.47368049621582,,,
2959,2959,23.47368049621582,,,,
2960,2960,23.484838485717773,,,,
2961,2961,23.448623657226562,,,,
2962,2962,23.449283599853516,,,,
2963,2963,23.419719696044922,,,,
2964,2964,23.39487648010254,,,,
2965,2965,23.42320442199707,,,,
2966,2966,23.43239402770996,,,,
2967,2967,23.397930145263672,,,,
2968,2968,23.426422119140625,,,,
2969,2969,,23.403440475463867,,,
2969,2969,23.403440475463867,,,,
2970,2970,23.396373748779297,,,,
2971,2971,23.375057220458984,,,,
2972,2972,23.373085021972656,,,,
2973,2973,23.318008422851562,,,,
2974,2974,23.3114013671875,,,,
2975,2975,23.280668258666992,,,,
2976,2976,23.284374237060547,,,,
2977,2977,23.23369789123535,,,,
2978,2978,23.251863479614258,,,,
2979,2979,,23.19405174255371,,,
2979,2979,23.19405174255371,,,,
2980,2980,23.181901931762695,,,,
2981,2981,23.182374954223633,,,,
2982,2982,23.17432975769043,,,,
2983,2983,23.207109451293945,,,,
2984,2984,23.188051223754883,,,,
2985,2985,23.2219181060791,,,,
2986,2986,23.248929977416992,,,,
2987,2987,23.302841186523438,,,,
2988,2988,23.447805404663086,,,,
2989,2989,,23.712507247924805,,,
2989,2989,23.712507247924805,,,,
2990,2990,24.056045532226562,,,,
2991,2991,24.85116958618164,,,,
2992,2992,25.52562713623047,,,,
2993,2993,27.390316009521484,,,,
2994,2994,27.830984115600586,,,,
2995,2995,29.99454689025879,,,,
2996,2996,28.078433990478516,,,,
2997,2997,27.267061233520508,,,,
2998,2998,24.51516342163086,,,,
2999,2999,,23.200037002563477,,,
2999,2999,,,0.3358445167541504,689.8711547851562,432.18603515625
2999,2999,23.200037002563477,,,,
3000,3000,23.413362503051758,,,,
3001,3001,24.49308204650879,,,,
3002,3002,25.571748733520508,,,,
3003,3003,25.027189254760742,,,,
3004,3004,24.177549362182617,,,,
3005,3005,23.238107681274414,,,,
3006,3006,23.130760192871094,,,,
3007,3007,23.477758407592773,,,,
3008,3008,23.893444061279297,,,,
3009,3009,,23.99680519104004,,,
3009,3009,23.99680519104004,,,,
3010,3010,23.538803100585938,,,,
3011,3011,23.03108024597168,,,,
3012,3012,22.964496612548828,,,,
3013,3013,23.198915481567383,,,,
3014,3014,23.378999710083008,,,,
3015,3015,23.35174560546875,,,,
3016,3016,23.098344802856445,,,,
3017,3017,23.008798599243164,,,,
3018,3018,22.99991798400879,,,,
3019,3019,,23.06453514099121,,,
3019,3019,23.06453514099121,,,,
3020,3020,23.130311965942383,,,,
3021,3021,23.071317672729492,,,,
3022,3022,22.86399269104004,,,,
3023,3023,22.838584899902344,,,,
3024,3024,22.912879943847656,,,,
3025,3025,22.918441772460938,,,,
3026,3026,23.01704978942871,,,,
3027,3027,22.878572463989258,,,,
3028,3028,22.83829116821289,,,,
3029,3029,,22.754222869873047,,,
3029,3029,22.754222869873047,,,,
3030,3030,22.736249923706055,,,,
3031,3031,22.82890510559082,,,,
3032,3032,22.800622940063477,,,,
3033,3033,22.79827308654785,,,,
3034,3034,22.70602798461914,,,,
3035,3035,22.705097198486328,,,,
3036,3036,22.670589447021484,,,,
3037,3037,22.69263458251953,,,,
3038,3038,22.708066940307617,,,,
3039,3039,,22.642271041870117,,,
3039,3039,22.642271041870117,,,,
3040,3040,22.6307315826416,,,,
3041,3041,22.571828842163086,,,,
3042,3042,22.583290100097656,,,,
3043,3043,22.571325302124023,,,,
3044,3044,22.556177139282227,,,,
3045,3045,22.540300369262695,,,,
3046,3046,22.513647079467773,,,,
3047,3047,22.523273468017578,,,,
3048,3048,22.492528915405273,,,,
3049,3049,,22.47039031982422,,,
3049,3049,22.47039031982422,,,,
3050,3050,22.457002639770508,,,,
3051,3051,22.4334659576416,,,,
3052,3052,22.490264892578125,,,,
3053,3053,22.452259063720703,,,,
3054,3054,22.457128524780273,,,,
3055,3055,22.476314544677734,,,,
3056,3056,22.461429595947266,,,,
3057,3057,22.46607208251953,,,,
3058,3058,22.455257415771484,,,,
3059,3059,,22.424083709716797,,,
3059,3059,22.424083709716797,,,,
3060,3060,22.430103302001953,,,,
3061,3061,22.415494918823242,,,,
3062,3062,22.379865646362305,,,,
3063,3063,22.376811981201172,,,,
3064,3064,22.344228744506836,,,,
3065,3065,22.344938278198242,,,,
3066,3066,22.33025550842285,,,,
3067,3067,22.30489730834961,,,,
3068,3068,22.282470703125,,,,
3069,3069,,22.270179748535156,,,
3069,3069,22.270179748535156,,,,
3070,3070,22.265403747558594,,,,
3071,3071,22.252241134643555,,,,
3072,3072,22.243396759033203,,,,
3073,3073,22.240127563476562,,,,
3074,3074,22.22233009338379,,,,
3075,3075,22.245393753051758,,,,
3076,3076,22.181201934814453,,,,
3077,3077,22.194538116455078,,,,
3078,3078,22.128070831298828,,,,
3079,3079,,22.183502197265625,,,
3079,3079,22.183502197265625,,,,
3080,3080,22.138778686523438,,,,
3081,3081,22.196237564086914,,,,
3082,3082,22.221508026123047,,,,
3083,3083,22.31109046936035,,,,
3084,3084,22.40570831298828,,,,
3085,3085,22.711606979370117,,,,
3086,3086,22.99995994567871,,,,
3087,3087,23.92920684814453,,,,
3088,3088,24.8499813079834,,,,
3089,3089,,27.902481079101562,,,
3089,3089,27.902481079101562,,,,
3090,3090,28.878080368041992,,,,
3091,3091,33.49420928955078,,,,
3092,3092,28.68339729309082,,,,
3093,3093,26.37165069580078,,,,
3094,3094,22.737627029418945,,,,
3095,3095,22.456478118896484,,,,
3096,3096,24.661211013793945,,,,
3097,3097,25.28394317626953,,,,
3098,3098,25.19470977783203,,,,
3099,3099,,22.842885971069336,,,
3099,3099,22.842885971069336,,,,
3100,3100,21.94552230834961,,,,
3101,3101,22.914941787719727,,,,
3102,3102,23.694040298461914,,,,
3103,3103,24.21074104309082,,,,
3104,3104,22.9030704498291,,,,
3105,3105,22.122392654418945,,,,
3106,3106,22.030506134033203,,,,
3107,3107,22.573871612548828,,,,
3108,3108,22.959779739379883,,,,
3109,3109,,22.477243423461914,,,
3109,3109,22.477243423461914,,,,
3110,3110,21.97342872619629,,,,
3111,3111,21.968780517578125,,,,
3112,3112,22.30711555480957,,,,
3113,3113,22.37978744506836,,,,
3114,3114,22.16309928894043,,,,
3115,3115,21.901308059692383,,,,
3116,3116,21.95406723022461,,,,
3117,3117,22.169065475463867,,,,
3118,3118,22.208053588867188,,,,
3119,3119,,22.08126449584961,,,
3119,3119,22.08126449584961,,,,
3120,3120,21.789199829101562,,,,
3121,3121,21.788801193237305,,,,
3122,3122,21.963979721069336,,,,
3123,3123,21.973953247070312,,,,
3124,3124,21.981216430664062,,,,
3125,3125,21.79749298095703,,,,
3126,3126,21.743818283081055,,,,
3127,3127,21.733884811401367,,,,
3128,3128,21.738510131835938,,,,
3129,3129,,21.768291473388672,,,
3129,3129,21.768291473388672,,,,
3130,3130,21.72163963317871,,,,
3131,3131,21.667699813842773,,,,
3132,3132,21.680347442626953,,,,
3133,3133,21.682464599609375,,,,
3134,3134,21.653356552124023,,,,
3135,3135,21.663944244384766,,,,
3136,3136,21.595232009887695,,,,
3137,3137,21.620128631591797,,,,
3138,3138,21.596778869628906,,,,
3139,3139,,21.549335479736328,,,
3139,3139,21.549335479736328,,,,
3140,3140,21.592409133911133,,,,
3141,3141,21.502111434936523,,,,
3142,3142,21.5518798828125,,,,
3143,3143,21.496456146240234,,,,
3144,3144,21.51405143737793,,,,
3145,3145,21.48330307006836,,,,
3146,3146,21.493600845336914,,,,
3147,3147,21.46002769470215,,,,
3148,3148,21.464048385620117,,,,
3149,3149,,21.452211380004883,,,
3149,3149,21.452211380004883,,,,
3150,3150,21.429412841796875,,,,
3151,3151,21.466779708862305,,,,
3152,3152,21.424911499023438,,,,
3153,3153,21.4312686920166,,,,
3154,3154,21.412466049194336,,,,
3155,3155,21.40043830871582,,,,
3156,3156,21.393417358398438,,,,
3157,3157,21.35828971862793,,,,
3158,3158,21.380395889282227,,,,
3159,3159,,21.332679748535156,,,
3159,3159,21.332679748535156,,,,
3160,3160,21.355993270874023,,,,
3161,3161,21.305225372314453,,,,
3162,3162,21.337472915649414,,,,
3163,3163,21.292999267578125,,,,
3164,3164,21.24477195739746,,,,
3165,3165,21.291778564453125,,,,
3166,3166,21.25054168701172,,,,
3167,3167,21.262189865112305,,,,
3168,3168,21.241863250732422,,,,
3169,3169,,21.248062133789062,,,
3169,3169,21.248062133789062,,,,
3170,3170,21.221311569213867,,,,
3171,3171,21.254558563232422,,,,
3172,3172,21.26071548461914,,,,
3173,3173,21.27463722229004,,,,
3174,3174,21.325586318969727,,,,
3175,3175,21.382139205932617,,,,
3176,3176,21.510122299194336,,,,
3177,3177,21.570556640625,,,,
3178,3178,21.60858726501465,,,,
3179,3179,,21.75717544555664,,,
3179,3179,21.75717544555664,,,,
3180,3180,21.8370361328125,,,,
3181,3181,22.079378128051758,,,,
3182,3182,22.199951171875,,,,
3183,3183,22.514122009277344,,,,
3184,3184,22.520795822143555,,,,
3185,3185,22.69474220275879,,,,
3186,3186,22.52393913269043,,,,
3187,3187,22.513202667236328,,,,
3188,3188,22.249202728271484,,,,
3189,3189,,22.066652297973633,,,
3189,3189,22.066652297973633,,,,
3190,3190,21.62447166442871,,,,
3191,3191,21.42766761779785,,,,
3192,3192,21.258281707763672,,,,
3193,3193,21.0974178314209,,,,
3194,3194,21.036861419677734,,,,
3195,3195,21.093486785888672,,,,
3196,3196,21.157142639160156,,,,
3197,3197,21.295169830322266,,,,
3198,3198,21.3858699798584,,,,
3199,3199,,21.567522048950195,,,
3199,3199,21.567522048950195,,,,
3200,3200,21.680374145507812,,,,
3201,3201,21.737323760986328,,,,
3202,3202,21.839351654052734,,,,
3203,3203,21.80782127380371,,,,
3204,3204,21.787443161010742,,,,
3205,3205,21.633625030517578,,,,
3206,3206,21.516300201416016,,,,
3207,3207,21.36048126220703,,,,
3208,3208,21.233089447021484,,,,
3209,3209,,21.143192291259766,,,
3209,3209,21.143192291259766,,,,
3210,3210,20.963136672973633,,,,
3211,3211,20.906150817871094,,,,
3212,3212,20.895856857299805,,,,
3213,3213,20.88666534423828,,,,
3214,3214,20.885799407958984,,,,
3215,3215,20.896448135375977,,,,
3216,3216,20.92937469482422,,,,
3217,3217,20.949140548706055,,,,
3218,3218,21.00077247619629,,,,
3219,3219,,21.004589080810547,,,
3219,3219,21.004589080810547,,,,
3220,3220,21.06329345703125,,,,
3221,3221,20.99633026123047,,,,
3222,3222,21.0102481842041,,,,
3223,3223,20.90869140625,,,,
3224,3224,20.904701232910156,,,,
3225,3225,20.796178817749023,,,,
3226,3226,20.8184757232666,,,,
3227,3227,20.696699142456055,,,,
3228,3228,20.76618194580078,,,,
3229,3229,,20.70548439025879,,,
3229,3229,20.70548439025879,,,,
3230,3230,20.730403900146484,,,,
3231,3231,20.729755401611328,,,,
3232,3232,20.698856353759766,,,,
3233,3233,20.766016006469727,,,,
3234,3234,20.69487190246582,,,,
3235,3235,20.73151397705078,,,,
3236,3236,20.654067993164062,,,,
3237,3237,20.71177864074707,,,,
3238,3238,20.635894775390625,,,,
3239,3239,,20.721342086791992,,,
3239,3239,20.721342086791992,,,,
3240,3240,20.700891494750977,,,,
3241,3241,20.78495979309082,,,,
3242,3242,20.78570556640625,,,,
3243,3243,20.92278480529785,,,,
3244,3244,21.12973976135254,,,,
3245,3245,21.475025177001953,,,,
3246,3246,22.30846405029297,,,,
3247,3247,23.237428665161133,,,,
3248,3248,25.95099639892578,,,,
3249,3249,,26.528581619262695,,,
3249,3249,26.528581619262695,,,,
3250,3250,30.61627197265625,,,,
3251,3251,26.528942108154297,,,,
3252,3252,25.004711151123047,,,,
3253,3253,21.614126205444336,,,,
3254,3254,20.634410858154297,,,,
3255,3255,21.677852630615234,,,,
3256,3256,22.999319076538086,,,,
3257,3257,24.558931350708008,,,,
3258,3258,22.83321762084961,,,,
3259,3259,,21.608823776245117,,,
3259,3259,21.608823776245117,,,,
3260,3260,20.550140380859375,,,,
3261,3261,20.714252471923828,,,,
3262,3262,21.69487190246582,,,,
3263,3263,22.03643226623535,,,,
3264,3264,21.973819732666016,,,,
3265,3265,20.89581871032715,,,,
3266,3266,20.497140884399414,,,,
3267,3267,20.741018295288086,,,,
3268,3268,21.25803565979004,,,,
3269,3269,,21.23880386352539,,,
3269,3269,21.23880386352539,,,,
3270,3270,20.690298080444336,,,,
3271,3271,20.399293899536133,,,,
3272,3272,20.610822677612305,,,,
3273,3273,20.955516815185547,,,,
3274,3274,21.00828742980957,,,,
3275,3275,20.686037063598633,,,,
3276,3276,20.35164451599121,,,,
3277,3277,20.35558319091797,,,,
3278,3278,20.573650360107422,,,,
3279,3279,,20.670516967773438,,,
3279,3279,20.670516967773438,,,,
3280,3280,20.561227798461914,,,,
3281,3281,20.346683502197266,,,,
3282,3282,20.29917335510254,,,,
3283,3283,20.4171085357666,,,,
3284,3284,20.505144119262695,,,,
3285,3285,20.437030792236328,,,,
3286,3286,20.375019073486328,,,,
3287,3287,20.278697967529297,,,,
3288,3288,20.25895118713379,,,,
3289,3289,,20.34083366394043,,,
3289,3289,20.34083366394043,,,,
3290,3290,20.319189071655273,,,,
3291,3291,20.35774803161621,,,,
3292,3292,20.215076446533203,,,,
3293,3293,20.266767501831055,,,,
3294,3294,20.221601486206055,,,,
3295,3295,20.156286239624023,,,,
3296,3296,20.26911735534668,,,,
3297,3297,20.17327880859375,,,,
3298,3298,20.192739486694336,,,,
3299,3299,,20.135847091674805,,,
3299,3299,20.135847091674805,,,,
3300,3300,20.126964569091797,,,,
3301,3301,20.12225341796875,,,,
3302,3302,20.159326553344727,,,,
3303,3303,20.078840255737305,,,,
3304,3304,20.133554458618164,,,,
3305,3305,20.06987953186035,,,,
3306,3306,20.11935806274414,,,,
3307,3307,20.058731079101562,,,,
3308,3308,20.07225227355957,,,,
3309,3309,,20.047943115234375,,,
3309,3309,20.047943115234375,,,,
3310,3310,20.083711624145508,,,,
3311,3311,20.03891944885254,,,,
3312,3312,20.06419563293457,,,,
3313,3313,20.03510856628418,,,,
3314,3314,20.087722778320312,,,,
3315,3315,20.051036834716797,,,,
3316,3316,20.142423629760742,,,,
3317,3317,20.078832626342773,,,,
3318,3318,20.1546573638916,,,,
3319,3319,,20.09220314025879,,,
3319,3319,20.09220314025879,,,,
3320,3320,20.13241195678711,,,,
3321,3321,20.07121467590332,,,,
3322,3322,20.10483169555664,,,,
3323,3323,20.07636833190918,,,,
3324,3324,20.09995460510254,,,,
3325,3325,20.03017807006836,,,,
3326,3326,20.099618911743164,,,,
3327,3327,20.057674407958984,,,,
3328,3328,20.07314682006836,,,,
3329,3329,,20.041553497314453,,,
3329,3329,20.041553497314453,,,,
3330,3330,20.053604125976562,,,,
3331,3331,20.00777816772461,,,,
3332,3332,19.992055892944336,,,,
3333,3333,19.894603729248047,,,,
3334,3334,19.8754825592041,,,,
3335,3335,19.846893310546875,,,,
3336,3336,19.811859130859375,,,,
3337,3337,19.82268714904785,,,,
3338,3338,19.851228713989258,,,,
3339,3339,,19.9061336517334,,,
3339,3339,19.9061336517334,,,,
3340,3340,19.926937103271484,,,,
3341,3341,20.00583267211914,,,,
3342,3342,20.04878044128418,,,,
3343,3343,20.341197967529297,,,,
3344,3344,20.509855270385742,,,,
3345,3345,21.17177391052246,,,,
3346,3346,21.60582733154297,,,,
3347,3347,22.89346694946289,,,,
3348,3348,23.07843589782715,,,,
3349,3349,,24.871671676635742,,,
3349,3349,24.871671676635742,,,,
3350,3350,23.55426025390625,,,,
3351,3351,23.570011138916016,,,,
3352,3352,21.53762435913086,,,,
3353,3353,20.490997314453125,,,,
3354,3354,19.780344009399414,,,,
3355,3355,19.78830337524414,,,,
3356,3356,20.33576011657715,,,,
3357,3357,21.011287689208984,,,,
3358,3358,21.908788681030273,,,,
3359,3359,,21.657920837402344,,,
3359,3359,21.657920837402344,,,,
3360,3360,21.5269775390625,,,,
3361,3361,20.485280990600586,,,,
3362,3362,19.85886001586914,,,,
3363,3363,19.663070678710938,,,,
3364,3364,19.982702255249023,,,,
3365,3365,20.309288024902344,,,,
3366,3366,20.453718185424805,,,,
3367,3367,20.372844696044922,,,,
3368,3368,20.017393112182617,,,,
3369,3369,,19.715471267700195,,,
3369,3369,19.715471267700195,,,,
3370,3370,19.59669303894043,,,,
3371,3371,19.69706153869629,,,,
3372,3372,19.85541343688965,,,,
3373,3373,20.002613067626953,,,,
3374,3374,20.066537857055664,,,,
3375,3375,19.897186279296875,,,,
3376,3376,19.735631942749023,,,,
3377,3377,19.600353240966797,,,,
3378,3378,19.579355239868164,,,,
3379,3379,,19.600942611694336,,,
3379,3379,19.600942611694336,,,,
3380,3380,19.69975471496582,,,,
3381,3381,19.773935317993164,,,,
3382,3382,19.709856033325195,,,,
3383,3383,19.636554718017578,,,,
3384,3384,19.568603515625,,,,
3385,3385,19.489971160888672,,,,
3386,3386,19.470993041992188,,,,
3387,3387,19.578474044799805,,,,
3388,3388,19.555099487304688,,,,
3389,3389,,19.60804557800293,,,
3389,3389,19.60804557800293,,,,
3390,3390,19.55469512939453,,,,
3391,3391,19.526336669921875,,,,
3392,3392,19.410781860351562,,,,
3393,3393,19.388689041137695,,,,
3394,3394,19.42879295349121,,,,
3395,3395,19.47848892211914,,,,
3396,3396,19.510000228881836,,,,
3397,3397,19.47046661376953,,,,
3398,3398,19.46143341064453,,,,
3399,3399,,19.369857788085938,,,
3399,3399,19.369857788085938,,,,
3400,3400,19.360170364379883,,,,
3401,3401,19.34421730041504,,,,
3402,3402,19.33720588684082,,,,
3403,3403,19.366804122924805,,,,
3404,3404,19.31903839111328,,,,
3405,3405,19.398828506469727,,,,
3406,3406,19.368186950683594,,,,
3407,3407,19.401229858398438,,,,
3408,3408,19.339548110961914,,,,
3409,3409,,19.349483489990234,,,
3409,3409,19.349483489990234,,,,
3410,3410,19.269306182861328,,,,
3411,3411,19.292598724365234,,,,
3412,3412,19.260549545288086,,,,
3413,3413,19.274192810058594,,,,
3414,3414,19.241186141967773,,,,
3415,3415,19.246313095092773,,,,
3416,3416,19.225006103515625,,,,
3417,3417,19.221925735473633,,,,
3418,3418,19.214887619018555,,,,
3419,3419,,19.200239181518555,,,
3419,3419,19.200239181518555,,,,
3420,3420,19.16484832763672,,,,
3421,3421,19.19293212890625,,,,
3422,3422,19.14748764038086,,,,
3423,3423,19.176807403564453,,,,
3424,3424,19.171045303344727,,,,
3425,3425,19.193950653076172,,,,
3426,3426,19.211977005004883,,,,
3427,3427,19.34082794189453,,,,
3428,3428,19.622032165527344,,,,
3429,3429,,20.01337432861328,,,
3429,3429,20.01337432861328,,,,
3430,3430,20.584896087646484,,,,
3431,3431,21.997291564941406,,,,
3432,3432,22.97794532775879,,,,
3433,3433,27.089418411254883,,,,
3434,3434,25.845691680908203,,,,
3435,3435,28.162137985229492,,,,
3436,3436,22.795242309570312,,,,
3437,3437,20.40929412841797,,,,
3438,3438,19.219921112060547,,,,
3439,3439,,19.95389175415039,,,
3439,3439,19.95389175415039,,,,
3440,3440,22.117427825927734,,,,
3441,3441,22.608461380004883,,,,
3442,3442,23.761320114135742,,,,
3443,3443,21.30388069152832,,,,
3444,3444,19.906457901000977,,,,
3445,3445,19.158584594726562,,,,
3446,3446,19.53460121154785,,,,
3447,3447,20.495136260986328,,,,
3448,3448,20.575260162353516,,,,
3449,3449,,20.355043411254883,,,
3449,3449,20.355043411254883,,,,
3450,3450,19.437231063842773,,,,
3451,3451,19.13530158996582,,,,
3452,3452,19.425037384033203,,,,
3453,3453,19.794227600097656,,,,
3454,3454,20.022628784179688,,,,
3455,3455,19.584808349609375,,,,
3456,3456,19.18901252746582,,,,
3457,3457,19.062652587890625,,,,
3458,3458,19.268783569335938,,,,
3459,3459,,19.49251937866211,,,
3459,3459,19.49251937866211,,,,
3460,3460,19.44343376159668,,,,
3461,3461,19.295610427856445,,,,
3462,3462,19.0328311920166,,,,
3463,3463,18.99118995666504,,,,
3464,3464,19.157848358154297,,,,
3465,3465,19.21996307373047,,,,
3466,3466,19.241575241088867,,,,
3467,3467,19.11313819885254,,,,
3468,3468,18.953815460205078,,,,
3469,3469,,18.966218948364258,,,
3469,3469,18.966218948364258,,,,
3470,3470,19.034791946411133,,,,
3471,3471,19.135791778564453,,,,
3472,3472,19.147626876831055,,,,
3473,3473,19.078208923339844,,,,
3474,3474,19.025005340576172,,,,
3475,3475,18.943937301635742,,,,
3476,3476,18.971818923950195,,,,
3477,3477,18.979732513427734,,,,
3478,3478,18.969554901123047,,,,
3479,3479,,19.066343307495117,,,
3479,3479,19.066343307495117,,,,
3480,3480,19.037878036499023,,,,
3481,3481,19.06438446044922,,,,
3482,3482,18.946136474609375,,,,
3483,3483,18.959474563598633,,,,
3484,3484,18.923730850219727,,,,
3485,3485,18.919965744018555,,,,
3486,3486,18.963289260864258,,,,
3487,3487,18.921695709228516,,,,
3488,3488,18.988582611083984,,,,
3489,3489,,18.890625,,,
3489,3489,18.890625,,,,
3490,3490,18.96517562866211,,,,
3491,3491,18.90300750732422,,,,
3492,3492,18.92447853088379,,,,
3493,3493,18.87884521484375,,,,
3494,3494,18.89472198486328,,,,
3495,3495,18.897018432617188,,,,
3496,3496,18.848295211791992,,,,
3497,3497,18.885784149169922,,,,
3498,3498,18.846925735473633,,,,
3499,3499,,18.90211296081543,,,
3499,3499,,,0.31729528307914734,615.7700805664062,432.18603515625
3499,3499,18.90211296081543,,,,
3500,3500,18.871721267700195,,,,
3501,3501,18.987159729003906,,,,
3502,3502,18.998083114624023,,,,
3503,3503,19.166269302368164,,,,
3504,3504,19.22846794128418,,,,
3505,3505,19.373416900634766,,,,
3506,3506,19.434463500976562,,,,
3507,3507,19.436845779418945,,,,
3508,3508,19.673940658569336,,,,
3509,3509,,19.63558578491211,,,
3509,3509,19.63558578491211,,,,
3510,3510,19.88943099975586,,,,
3511,3511,19.914142608642578,,,,
3512,3512,20.240951538085938,,,,
3513,3513,20.055015563964844,,,,
3514,3514,20.17724609375,,,,
3515,3515,19.91391944885254,,,,
3516,3516,19.954910278320312,,,,
3517,3517,19.699548721313477,,,,
3518,3518,19.654972076416016,,,,
3519,3519,,19.38172721862793,,,
3519,3519,19.38172721862793,,,,
3520,3520,19.336639404296875,,,,
3521,3521,19.104228973388672,,,,
3522,3522,19.00768280029297,,,,
3523,3523,18.855432510375977,,,,
3524,3524,18.728174209594727,,,,
3525,3525,18.636173248291016,,,,
3526,3526,18.617584228515625,,,,
3527,3527,18.649555206298828,,,,
3528,3528,18.703981399536133,,,,
3529,3529,,18.74859619140625,,,
3529,3529,18.74859619140625,,,,
3530,3530,18.745180130004883,,,,
3531,3531,18.87590217590332,,,,
3532,3532,18.852373123168945,,,,
3533,3533,18.896921157836914,,,,
3534,3534,18.805273056030273,,,,
3535,3535,18.8042049407959,,,,
3536,3536,18.713260650634766,,,,
3537,3537,18.660573959350586,,,,
3538,3538,18.623441696166992,,,,
3539,3539,,18.615467071533203,,,
3539,3539,18.615467071533203,,,,
3540,3540,18.59242820739746,,,,
3541,3541,18.5463924407959,,,,
3542,3542,18.54656982421875,,,,
3543,3543,18.53940200805664,,,,
3544,3544,18.524808883666992,,,,
3545,3545,18.553293228149414,,,,
3546,3546,18.501134872436523,,,,
3547,3547,18.58823585510254,,,,
3548,3548,18.528013229370117,,,,
3549,3549,,18.59551239013672,,,
3549,3549,18.59551239013672,,,,
3550,3550,18.50998878479004,,,,
3551,3551,18.605632781982422,,,,
3552,3552,18.59170913696289,,,,
3553,3553,18.70600128173828,,,,
3554,3554,18.76646614074707,,,,
3555,3555,18.955455780029297,,,,
3556,3556,19.18496322631836,,,,
3557,3557,19.514352798461914,,,,
3558,3558,20.401418685913086,,,,
3559,3559,,20.713693618774414,,,
3559,3559,20.713693618774414,,,,
3560,3560,22.13658332824707,,,,
3561,3561,21.619117736816406,,,,
3562,3562,22.327220916748047,,,,
3563,3563,20.62982940673828,,,,
3564,3564,19.952707290649414,,,,
3565,3565,19.03940200805664,,,,
3566,3566,18.553199768066406,,,,
3567,3567,18.485631942749023,,,,
3568,3568,18.5521297454834,,,,
3569,3569,,18.909807205200195,,,
3569,3569,18.909807205200195,,,,
3570,3570,19.389328002929688,,,,
3571,3571,20.364377975463867,,,,
3572,3572,20.48000717163086,,,,
3573,3573,21.16106414794922,,,,
3574,3574,20.01000213623047,,,,
3575,3575,19.521635055541992,,,,
3576,3576,18.71187973022461,,,,
3577,3577,18.412996292114258,,,,
3578,3578,18.379133224487305,,,,
3579,3579,,18.603748321533203,,,
3579,3579,18.603748321533203,,,,
3580,3580,19.045324325561523,,,,
3581,3581,19.309019088745117,,,,
3582,3582,19.893747329711914,,,,
3583,3583,19.71714973449707,,,,
3584,3584,19.79680824279785,,,,
3585,3585,19.1569766998291,,,,
3586,3586,18.819734573364258,,,,
3587,3587,18.46195411682129,,,,
3588,3588,18.286422729492188,,,,
3589,3589,,18.324264526367188,,,
3589,3589,18.324264526367188,,,,
3590,3590,18.403860092163086,,,,
3591,3591,18.648836135864258,,,,
3592,3592,18.822616577148438,,,,
3593,3593,19.190868377685547,,,,
3594,3594,19.126157760620117,,,,
3595,3595,19.298202514648438,,,,
3596,3596,18.955642700195312,,,,
3597,3597,18.736053466796875,,,,
3598,3598,18.42537498474121,,,,
3599,3599,,18.37337875366211,,,
3599,3599,18.37337875366211,,,,
3600,3600,18.21626091003418,,,,
3601,3601,18.24357032775879,,,,
3602,3602,18.259767532348633,,,,
3603,3603,18.226144790649414,,,,
3604,3604,18.332107543945312,,,,
3605,3605,18.328628540039062,,,,
3606,3606,18.548297882080078,,,,
3607,3607,18.56252670288086,,,,
3608,3608,18.718852996826172,,,,
3609,3609,,18.68061637878418,,,
3609,3609,18.68061637878418,,,,
3610,3610,18.80742073059082,,,,
3611,3611,18.715229034423828,,,,
3612,3612,18.793701171875,,,,
3613,3613,18.58888816833496,,,,
3614,3614,18.689661026000977,,,,
3615,3615,18.531967163085938,,,,
3616,3616,18.6265869140625,,,,
3617,3617,18.469417572021484,,,,
3618,3618,18.57939338684082,,,,
3619,3619,,18.46526336669922,,,
3619,3619,18.46526336669922,,,,
3620,3620,18.602378845214844,,,,
3621,3621,18.45308494567871,,,,
3622,3622,18.51877212524414,,,,
3623,3623,18.383506774902344,,,,
3624,3624,18.401668548583984,,,,
3625,3625,18.261308670043945,,,,
3626,3626,18.269237518310547,,,,
3627,3627,18.101741790771484,,,,
3628,3628,18.098064422607422,,,,
3629,3629,,18.01911163330078,,,
3629,3629,18.01911163330078,,,,
3630,3630,18.019046783447266,,,,
3631,3631,18.007736206054688,,,,
3632,3632,18.02497673034668,,,,
3633,3633,18.020809173583984,,,,
3634,3634,18.006654739379883,,,,
3635,3635,17.981287002563477,,,,
3636,3636,17.968061447143555,,,,
3637,3637,17.97969627380371,,,,
3638,3638,17.997154235839844,,,,
3639,3639,,18.003742218017578,,,
3639,3639,18.003742218017578,,,,
3640,3640,18.02534294128418,,,,
3641,3641,18.030536651611328,,,,
3642,3642,18.08756446838379,,,,
3643,3643,18.12911605834961,,,,
3644,3644,18.249061584472656,,,,
3645,3645,18.3420467376709,,,,
3646,3646,18.71710777282715,,,,
3647,3647,19.059186935424805,,,,
3648,3648,20.11918067932129,,,,
3649,3649,,20.528804779052734,,,
3649,3649,20.528804779052734,,,,
3650,3650,22.43546485900879,,,,
3651,3651,21.740703582763672,,,,
3652,3652,23.000904083251953,,,,
3653,3653,20.784692764282227,,,,
3654,3654,20.06084632873535,,,,
3655,3655,18.591724395751953,,,,
3656,3656,18.03072166442871,,,,
3657,3657,17.960935592651367,,,,
3658,3658,18.264379501342773,,,,
3659,3659,,19.20977020263672,,,
3659,3659,19.20977020263672,,,,
3660,3660,19.840007781982422,,,,
3661,3661,21.025413513183594,,,,
3662,3662,20.01328468322754,,,,
3663,3663,19.55921173095703,,,,
3664,3664,18.388999938964844,,,,
3665,3665,17.954381942749023,,,,
3666,3666,18.03451919555664,,,,
3667,3667,18.380321502685547,,,,
3668,3668,19.134315490722656,,,,
3669,3669,,19.249557495117188,,,
3669,3669,19.249557495117188,,,,
3670,3670,19.593748092651367,,,,
3671,3671,18.938518524169922,,,,
3672,3672,18.64748764038086,,,,
3673,3673,18.05570411682129,,,,
3674,3674,17.90049934387207,,,,
3675,3675,17.890737533569336,,,,
3676,3676,18.136667251586914,,,,
3677,3677,18.367849349975586,,,,
3678,3678,18.327423095703125,,,,
3679,3679,,18.375173568725586,,,
3679,3679,18.375173568725586,,,,
3680,3680,18.150556564331055,,,,
3681,3681,18.025611877441406,,,,
3682,3682,17.894424438476562,,,,
3683,3683,17.85616111755371,,,,
3684,3684,17.884702682495117,,,,
3685,3685,17.925216674804688,,,,
3686,3686,18.03023338317871,,,,
3687,3687,17.99112892150879,,,,
3688,3688,18.102479934692383,,,,
3689,3689,,18.008378982543945,,,
3689,3689,18.008378982543945,,,,
3690,3690,18.030221939086914,,,,
3691,3691,17.906930923461914,,,,
3692,3692,17.9383602142334,,,,
3693,3693,17.8591251373291,,,,
3694,3694,17.92469024658203,,,,
3695,3695,17.913118362426758,,,,
3696,3696,17.97671127319336,,,,
3697,3697,17.99683952331543,,,,
3698,3698,18.073131561279297,,,,
3699,3699,,18.17931365966797,,,
3699,3699,18.17931365966797,,,,
3700,3700,18.304229736328125,,,,
3701,3701,18.31809425354004,,,,
3702,3702,18.584693908691406,,,,
3703,3703,18.460121154785156,,,,
3704,3704,18.562612533569336,,,,
3705,3705,18.340770721435547,,,,
3706,3706,18.282299041748047,,,,
3707,3707,18.084932327270508,,,,
3708,3708,17.953842163085938,,,,
3709,3709,,17.869626998901367,,,
3709,3709,17.869626998901367,,,,
3710,3710,17.75499153137207,,,,
3711,3711,17.714052200317383,,,,
3712,3712,17.696096420288086,,,,
3713,3713,17.772319793701172,,,,
3714,3714,17.86823272705078,,,,
3715,3715,17.86724853515625,,,,
3716,3716,17.979555130004883,,,,
3717,3717,18.022302627563477,,,,
3718,3718,18.077478408813477,,,,
3719,3719,,17.999221801757812,,,
3719,3719,17.999221801757812,,,,
3720,3720,18.005338668823242,,,,
3721,3721,17.9073429107666,,,,
3722,3722,17.86215591430664,,,,
3723,3723,17.807392120361328,,,,
3724,3724,17.756982803344727,,,,
3725,3725,17.693180084228516,,,,
3726,3726,17.709869384765625,,,,
3727,3727,17.68206787109375,,,,
3728,3728,17.679285049438477,,,,
3729,3729,,17.652851104736328,,,
3729,3729,17.652851104736328,,,,
3730,3730,17.67232894897461,,,,
3731,3731,17.691688537597656,,,,
3732,3732,17.756603240966797,,,,
3733,3733,17.885910034179688,,,,
3734,3734,18.13557243347168,,,,
3735,3735,18.452531814575195,,,,
3736,3736,18.888736724853516,,,,
3737,3737,19.779294967651367,,,,
3738,3738,20.17320442199707,,,,
3739,3739,,21.808515548706055,,,
3739,3739,21.808515548706055,,,,
3740,3740,21.16651725769043,,,,
3741,3741,22.160799026489258,,,,
3742,3742,20.336904525756836,,,,
3743,3743,19.538257598876953,,,,
3744,3744,18.442358016967773,,,,
3745,3745,17.728179931640625,,,,
3746,3746,17.524869918823242,,,,
3747,3747,17.769237518310547,,,,
3748,3748,18.110048294067383,,,,
3749,3749,,18.58612823486328,,,
3749,3749,18.58612823486328,,,,
3750,3750,18.85517692565918,,,,
3751,3751,18.66986846923828,,,,
3752,3752,18.30640411376953,,,,
3753,3753,17.932456970214844,,,,
3754,3754,17.592391967773438,,,,
3755,3755,17.543046951293945,,,,
3756,3756,17.75479507446289,,,,
3757,3757,17.923871994018555,,,,
3758,3758,18.19049644470215,,,,
3759,3759,,18.10805320739746,,,
3759,3759,18.10805320739746,,,,
3760,3760,17.96268081665039,,,,
3761,3761,17.749998092651367,,,,
3762,3762,17.541614532470703,,,,
3763,3763,17.5190486907959,,,,
3764,3764,17.520668029785156,,,,
3765,3765,17.625856399536133,,,,
3766,3766,17.734619140625,,,,
3767,3767,17.690858840942383,,,,
3768,3768,17.63979148864746,,,,
3769,3769,,17.510391235351562,,,
3769,3769,17.510391235351562,,,,
3770,3770,17.482160568237305,,,,
3771,3771,17.461896896362305,,,,
3772,3772,17.477624893188477,,,,
3773,3773,17.47959327697754,,,,
3774,3774,17.512386322021484,,,,
3775,3775,17.47612762451172,,,,
3776,3776,17.493675231933594,,,,
3777,3777,17.470703125,,,,
3778,3778,17.40990447998047,,,,
3779,3779,,17.445146560668945,,,
3779,3779,17.445146560668945,,,,
3780,3780,17.397886276245117,,,,
3781,3781,17.36678695678711,,,,
3782,3782,17.3950252532959,,,,
3783,3783,17.37266731262207,,,,
3784,3784,17.4044189453125,,,,
3785,3785,17.333404541015625,,,,
3786,3786,17.33928108215332,,,,
3787,3787,17.335094451904297,,,,
3788,3788,17.341476440429688,,,,
3789,3789,,17.3431453704834,,,
3789,3789,17.3431453704834,,,,
3790,3790,17.35196304321289,,,,
3791,3791,17.336233139038086,,,,
3792,3792,17.386783599853516,,,,
3793,3793,17.39190673828125,,,,
3794,3794,17.51632308959961,,,,
3795,3795,17.579896926879883,,,,
3796,3796,17.933223724365234,,,,
3797,3797,18.217235565185547,,,,
3798,3798,19.327489852905273,,,,
3799,3799,,20.017993927001953,,,
3799,3799,20.017993927001953,,,,
3800,3800,22.921682357788086,,,,
3801,3801,22.602705001831055,,,,
3802,3802,25.942367553710938,,,,
3803,3803,21.77163314819336,,,,
3804,3804,20.69409942626953,,,,
3805,3805,18.338979721069336,,,,
3806,3806,17.35177230834961,,,,
3807,3807,17.36223602294922,,,,
3808,3808,18.145090103149414,,,,
3809,3809,,19.42024040222168,,,
3809,3809,19.42024040222168,,,,
3810,3810,19.68379783630371,,,,
3811,3811,20.591230392456055,,,,
3812,3812,19.075162887573242,,,,
3813,3813,18.435955047607422,,,,
3814,3814,17.53487777709961,,,,
3815,3815,17.258056640625,,,,
3816,3816,17.62815284729004,,,,
3817,3817,18.077484130859375,,,,
3818,3818,18.67681312561035,,,,
3819,3819,,18.433488845825195,,,
3819,3819,18.433488845825195,,,,
3820,3820,18.145475387573242,,,,
3821,3821,17.53461265563965,,,,
3822,3822,17.331209182739258,,,,
3823,3823,17.308473587036133,,,,
3824,3824,17.404613494873047,,,,
3825,3825,17.771480560302734,,,,
3826,3826,17.8365535736084,,,,
3827,3827,17.909950256347656,,,,
3828,3828,17.650890350341797,,,,
3829,3829,,17.548629760742188,,,
3829,3829,17.548629760742188,,,,
3830,3830,17.248533248901367,,,,
3831,3831,17.220041275024414,,,,
3832,3832,17.22231101989746,,,,
3833,3833,17.213930130004883,,,,
3834,3834,17.369760513305664,,,,
3835,3835,17.252981185913086,,,,
3836,3836,17.310436248779297,,,,
3837,3837,17.22109031677246,,,,
3838,3838,17.1866455078125,,,,
3839,3839,,17.137380599975586,,,
3839,3839,17.137380599975586,,,,
3840,3840,17.14817237854004,,,,
3841,3841,17.18488121032715,,,,
3842,3842,17.195940017700195,,,,
3843,3843,17.278404235839844,,,,
3844,3844,17.380233764648438,,,,
3845,3845,17.390668869018555,,,,
3846,3846,17.41149139404297,,,,
3847,3847,17.470333099365234,,,,
3848,3848,17.49190330505371,,,,
3849,3849,,17.55893898010254,,,
3849,3849,17.55893898010254,,,,
3850,3850,17.54413604736328,,,,
3851,3851,17.639389038085938,,,,
3852,3852,17.64287567138672,,,,
3853,3853,17.764650344848633,,,,
3854,3854,17.77189064025879,,,,
3855,3855,17.913259506225586,,,,
3856,3856,17.897491455078125,,,,
3857,3857,18.1140079498291,,,,
3858,3858,18.005596160888672,,,,
3859,3859,,18.18677520751953,,,
3859,3859,18.18677520751953,,,,
3860,3860,17.97677993774414,,,,
3861,3861,18.12453269958496,,,,
3862,3862,17.880273818969727,,,,
3863,3863,17.871763229370117,,,,
3864,3864,17.67334747314453,,,,
3865,3865,17.43251609802246,,,,
3866,3866,17.346160888671875,,,,
3867,3867,17.095685958862305,,,,
3868,3868,17.12339210510254,,,,
3869,3869,,17.11351776123047,,,
3869,3869,17.11351776123047,,,,
3870,3870,17.083206176757812,,,,
3871,3871,17.18457794189453,,,,
3872,3872,17.11798095703125,,,,
3873,3873,17.30255699157715,,,,
3874,3874,17.340801239013672,,,,
3875,3875,17.42546272277832,,,,
3876,3876,17.456378936767578,,,,
3877,3877,17.454708099365234,,,,
3878,3878,17.464214324951172,,,,
3879,3879,,17.398035049438477,,,
3879,3879,17.398035049438477,,,,
3880,3880,17.401979446411133,,,,
3881,3881,17.327260971069336,,,,
3882,3882,17.277103424072266,,,,
3883,3883,17.28687286376953,,,,
3884,3884,17.339920043945312,,,,
3885,3885,17.329179763793945,,,,
3886,3886,17.559627532958984,,,,
3887,3887,17.53060531616211,,,,
3888,3888,17.897939682006836,,,,
3889,3889,,17.838638305664062,,,
3889,3889,17.838638305664062,,,,
3890,3890,18.17674446105957,,,,
3891,3891,18.04828643798828,,,,
3892,3892,18.2886905670166,,,,
3893,3893,18.026775360107422,,,,
3894,3894,18.175373077392578,,,,
3895,3895,17.886354446411133,,,,
3896,3896,18.04943084716797,,,,
3897,3897,17.84296989440918,,,,
3898,3898,18.03275489807129,,,,
3899,3899,,17.861480712890625,,,
3899,3899,17.861480712890625,,,,
3900,3900,17.96161651611328,,,,
3901,3901,17.71280860900879,,,,
3902,3902,17.73590660095215,,,,
3903,3903,17.48075294494629,,,,
3904,3904,17.52619743347168,,,,
3905,3905,17.279876708984375,,,,
3906,3906,17.269147872924805,,,,
3907,3907,17.082828521728516,,,,
3908,3908,17.067691802978516,,,,
3909,3909,,16.94532585144043,,,
3909,3909,16.94532585144043,,,,
3910,3910,17.006576538085938,,,,
3911,3911,16.89984893798828,,,,
3912,3912,16.986164093017578,,,,
3913,3913,16.946245193481445,,,,
3914,3914,17.01777458190918,,,,
3915,3915,17.015348434448242,,,,
3916,3916,17.14568328857422,,,,
3917,3917,17.161527633666992,,,,
3918,3918,17.413686752319336,,,,
3919,3919,,17.535200119018555,,,
3919,3919,17.535200119018555,,,,
3920,3920,17.892515182495117,,,,
3921,3921,17.920196533203125,,,,
3922,3922,18.143028259277344,,,,
3923,3923,17.92275047302246,,,,
3924,3924,17.994142532348633,,,,
3925,3925,17.7354679107666,,,,
3926,3926,17.703289031982422,,,,
3927,3927,17.47987174987793,,,,
3928,3928,17.448244094848633,,,,
3929,3929,,17.25486946105957,,,
3929,3929,17.25486946105957,,,,
3930,3930,17.179533004760742,,,,
3931,3931,16.97608757019043,,,,
3932,3932,16.9541015625,,,,
3933,3933,16.78681182861328,,,,
3934,3934,16.820945739746094,,,,
3935,3935,16.80582046508789,,,,
3936,3936,16.786643981933594,,,,
3937,3937,16.844125747680664,,,,
3938,3938,16.782760620117188,,,,
3939,3939,,16.83894920349121,,,
3939,3939,16.83894920349121,,,,
3940,3940,16.825481414794922,,,,
3941,3941,16.918180465698242,,,,
3942,3942,16.88805389404297,,,,
3943,3943,17.01519012451172,,,,
3944,3944,17.02081871032715,,,,
3945,3945,17.068056106567383,,,,
3946,3946,17.04941177368164,,,,
3947,3947,17.091201782226562,,,,
3948,3948,17.08540153503418,,,,
3949,3949,,17.119064331054688,,,
3949,3949,17.119064331054688,,,,
3950,3950,17.09726333618164,,,,
3951,3951,17.218870162963867,,,,
3952,3952,17.25350570678711,,,,
3953,3953,17.56580352783203,,,,
3954,3954,17.708393096923828,,,,
3955,3955,18.351884841918945,,,,
3956,3956,18.51207160949707,,,,
3957,3957,19.674224853515625,,,,
3958,3958,19.59463119506836,,,,
3959,3959,,20.845802307128906,,,
3959,3959,20.845802307128906,,,,
3960,3960,19.731775283813477,,,,
3961,3961,19.8741455078125,,,,
3962,3962,18.37433433532715,,,,
3963,3963,17.77069091796875,,,,
3964,3964,17.02353858947754,,,,
3965,3965,16.75109100341797,,,,
3966,3966,16.721792221069336,,,,
3967,3967,16.91345977783203,,,,
3968,3968,17.486379623413086,,,,
3969,3969,,17.925254821777344,,,
3969,3969,17.925254821777344,,,,
3970,3970,18.844867706298828,,,,
3971,3971,18.626943588256836,,,,
3972,3972,18.836732864379883,,,,
3973,3973,17.886756896972656,,,,
3974,3974,17.305145263671875,,,,
3975,3975,16.784738540649414,,,,
3976,3976,16.640722274780273,,,,
3977,3977,16.760787963867188,,,,
3978,3978,17.040380477905273,,,,
3979,3979,,17.440513610839844,,,
3979,3979,17.440513610839844,,,,
3980,3980,17.633230209350586,,,,
3981,3981,17.866790771484375,,,,
3982,3982,17.602014541625977,,,,
3983,3983,17.372190475463867,,,,
3984,3984,17.028345108032227,,,,
3985,3985,16.742952346801758,,,,
3986,3986,16.637765884399414,,,,
3987,3987,16.62428855895996,,,,
3988,3988,16.717601776123047,,,,
3989,3989,,16.867807388305664,,,
3989,3989,16.867807388305664,,,,
3990,3990,17.016258239746094,,,,
3991,3991,17.192535400390625,,,,
3992,3992,17.308597564697266,,,,
3993,3993,17.263832092285156,,,,
3994,3994,17.220104217529297,,,,
3995,3995,17.162288665771484,,,,
3996,3996,17.0731258392334,,,,
3997,3997,17.013334274291992,,,,
3998,3998,16.95421600341797,,,,
3999,3999,,16.89204978942871,,,
3999,3999,,,0.30734801292419434,577.7662353515625,432.18603515625
3999,3999,16.89204978942871,,,,
4000,4000,16.921716690063477,,,,
4001,4001,16.86905860900879,,,,
4002,4002,16.895959854125977,,,,
4003,4003,16.83917808532715,,,,
4004,4004,16.841938018798828,,,,
4005,4005,16.783672332763672,,,,
4006,4006,16.72800064086914,,,,
4007,4007,16.722379684448242,,,,
4008,4008,16.664445877075195,,,,
4009,4009,,16.6463623046875,,,
4009,4009,16.6463623046875,,,,
4010,4010,16.572933197021484,,,,
4011,4011,16.584020614624023,,,,
4012,4012,16.533653259277344,,,,
4013,4013,16.550621032714844,,,,
4014,4014,16.53360366821289,,,,
4015,4015,16.54877471923828,,,,
4016,4016,16.544788360595703,,,,
4017,4017,16.52835464477539,,,,
4018,4018,16.601728439331055,,,,
4019,4019,,16.597394943237305,,,
4019,4019,16.597394943237305,,,,
4020,4020,16.651592254638672,,,,
4021,4021,16.6088809967041,,,,
4022,4022,16.703229904174805,,,,
4023,4023,16.647401809692383,,,,
4024,4024,16.76234245300293,,,,
4025,4025,16.733686447143555,,,,
4026,4026,16.90294647216797,,,,
4027,4027,16.886751174926758,,,,
4028,4028,17.102853775024414,,,,
4029,4029,,17.329496383666992,,,
4029,4029,17.329496383666992,,,,
4030,4030,17.559709548950195,,,,
4031,4031,18.263362884521484,,,,
4032,4032,18.359481811523438,,,,
4033,4033,19.452241897583008,,,,
4034,4034,19.201780319213867,,,,
4035,4035,20.388856887817383,,,,
4036,4036,19.262176513671875,,,,
4037,4037,19.51922035217285,,,,
4038,4038,18.14687156677246,,,,
4039,4039,,17.487722396850586,,,
4039,4039,17.487722396850586,,,,
4040,4040,16.870250701904297,,,,
4041,4041,16.488862991333008,,,,
4042,4042,16.39363670349121,,,,
4043,4043,16.45391273498535,,,,
4044,4044,16.493066787719727,,,,
4045,4045,16.787927627563477,,,,
4046,4046,17.0301513671875,,,,
4047,4047,17.212509155273438,,,,
4048,4048,17.254745483398438,,,,
4049,4049,,17.100078582763672,,,
4049,4049,17.100078582763672,,,,
4050,4050,16.866252899169922,,,,
4051,4051,16.666845321655273,,,,
4052,4052,16.429405212402344,,,,
4053,4053,16.354127883911133,,,,
4054,4054,16.354917526245117,,,,
4055,4055,16.37542152404785,,,,
4056,4056,16.502275466918945,,,,
4057,4057,16.47313690185547,,,,
4058,4058,16.622058868408203,,,,
4059,4059,,16.492233276367188,,,
4059,4059,16.492233276367188,,,,
4060,4060,16.5690975189209,,,,
4061,4061,16.41318702697754,,,,
4062,4062,16.412702560424805,,,,
4063,4063,16.29828453063965,,,,
4064,4064,16.361125946044922,,,,
4065,4065,16.344097137451172,,,,
4066,4066,16.333127975463867,,,,
4067,4067,16.33080291748047,,,,
4068,4068,16.329975128173828,,,,
4069,4069,,16.371976852416992,,,
4069,4069,16.371976852416992,,,,
4070,4070,16.301109313964844,,,,
4071,4071,16.33448028564453,,,,
4072,4072,16.329195022583008,,,,
4073,4073,16.28342056274414,,,,
4074,4074,16.32718849182129,,,,
4075,4075,16.31665802001953,,,,
4076,4076,16.35779571533203,,,,
4077,4077,16.381372451782227,,,,
4078,4078,16.50411605834961,,,,
4079,4079,,16.605121612548828,,,
4079,4079,16.605121612548828,,,,
4080,4080,16.88246726989746,,,,
4081,4081,17.246280670166016,,,,
4082,4082,17.6832332611084,,,,
4083,4083,18.879064559936523,,,,
4084,4084,19.20625877380371,,,,
4085,4085,21.617605209350586,,,,
4086,4086,20.162267684936523,,,,
4087,4087,21.006641387939453,,,,
4088,4088,18.45979881286621,,,,
4089,4089,,17.50184440612793,,,
4089,4089,17.50184440612793,,,,
4090,4090,16.70891571044922,,,,
4091,4091,16.2875919342041,,,,
4092,4092,16.290882110595703,,,,
4093,4093,16.703950881958008,,,,
4094,4094,17.16399383544922,,,,
4095,4095,17.604644775390625,,,,
4096,4096,18.791202545166016,,,,
4097,4097,18.43569564819336,,,,
4098,4098,18.735580444335938,,,,
4099,4099,,17.416440963745117,,,
4099,4099,17.416440963745117,,,,
4100,4100,16.928680419921875,,,,
4101,4101,16.423145294189453,,,,
4102,4102,16.271446228027344,,,,
4103,4103,16.272533416748047,,,,
4104,4104,16.375337600708008,,,,
4105,4105,16.653383255004883,,,,
4106,4106,16.844951629638672,,,,
4107,4107,17.211732864379883,,,,
4108,4108,17.25274658203125,,,,
4109,4109,,17.673137664794922,,,
4109,4109,17.673137664794922,,,,
4110,4110,17.257280349731445,,,,
4111,4111,17.256732940673828,,,,
4112,4112,16.876323699951172,,,,
4113,4113,16.73734474182129,,,,
4114,4114,16.415760040283203,,,,
4115,4115,16.35240364074707,,,,
4116,4116,16.199220657348633,,,,
4117,4117,16.232511520385742,,,,
4118,4118,16.173215866088867,,,,
4119,4119,,16.13886070251465,,,
4119,4119,16.13886070251465,,,,
4120,4120,16.23056983947754,,,,
4121,4121,16.173091888427734,,,,
4122,4122,16.280057907104492,,,,
4123,4123,16.18833351135254,,,,
4124,4124,16.289011001586914,,,,
4125,4125,16.192596435546875,,,,
4126,4126,16.265838623046875,,,,
4127,4127,16.178058624267578,,,,
4128,4128,16.21639633178711,,,,
4129,4129,,16.135684967041016,,,
4129,4129,16.135684967041016,,,,
4130,4130,16.14600372314453,,,,
4131,4131,16.076919555664062,,,,
4132,4132,16.094303131103516,,,,
4133,4133,16.057003021240234,,,,
4134,4134,16.08421516418457,,,,
4135,4135,16.044971466064453,,,,
4136,4136,16.02492332458496,,,,
4137,4137,16.037639617919922,,,,
4138,4138,16.013259887695312,,,,
4139,4139,,16.038776397705078,,,
4139,4139,16.038776397705078,,,,
4140,4140,16.020889282226562,,,,
4141,4141,16.0146541595459,,,,
4142,4142,16.03459930419922,,,,
4143,4143,16.030534744262695,,,,
4144,4144,16.03691291809082,,,,
4145,4145,16.01910972595215,,,,
4146,4146,16.035831451416016,,,,
4147,4147,16.03099822998047,,,,
4148,4148,16.038236618041992,,,,
4149,4149,,16.060571670532227,,,
4149,4149,16.060571670532227,,,,
4150,4150,16.018678665161133,,,,
4151,4151,16.049850463867188,,,,
4152,4152,15.996912002563477,,,,
4153,4153,16.037778854370117,,,,
4154,4154,16.093425750732422,,,,
4155,4155,16.14897918701172,,,,
4156,4156,16.341726303100586,,,,
4157,4157,16.479753494262695,,,,
4158,4158,17.131288528442383,,,,
4159,4159,,17.725339889526367,,,
4159,4159,17.725339889526367,,,,
4160,4160,19.85647964477539,,,,
4161,4161,20.3634090423584,,,,
4162,4162,24.378713607788086,,,,
4163,4163,21.025293350219727,,,,
4164,4164,21.27898597717285,,,,
4165,4165,17.758495330810547,,,,
4166,4166,16.361637115478516,,,,
4167,4167,15.940364837646484,,,,
4168,4168,16.50572395324707,,,,
4169,4169,,17.931093215942383,,,
4169,4169,17.931093215942383,,,,
4170,4170,18.49945640563965,,,,
4171,4171,20.055160522460938,,,,
4172,4172,18.263870239257812,,,,
4173,4173,17.594966888427734,,,,
4174,4174,16.350332260131836,,,,
4175,4175,15.996739387512207,,,,
4176,4176,16.07053565979004,,,,
4177,4177,16.52409553527832,,,,
4178,4178,17.245105743408203,,,,
4179,4179,,17.286273956298828,,,
4179,4179,17.286273956298828,,,,
4180,4180,17.488998413085938,,,,
4181,4181,16.7962589263916,,,,
4182,4182,16.4134521484375,,,,
4183,4183,16.025005340576172,,,,
4184,4184,15.97608757019043,,,,
4185,4185,15.97955322265625,,,,
4186,4186,16.012969970703125,,,,
4187,4187,16.314838409423828,,,,
4188,4188,16.382112503051758,,,,
4189,4189,,16.576019287109375,,,
4189,4189,16.576019287109375,,,,
4190,4190,16.469009399414062,,,,
4191,4191,16.605792999267578,,,,
4192,4192,16.369314193725586,,,,
4193,4193,16.3804988861084,,,,
4194,4194,16.093957901000977,,,,
4195,4195,16.072059631347656,,,,
4196,4196,15.884559631347656,,,,
4197,4197,15.852365493774414,,,,
4198,4198,15.791868209838867,,,,
4199,4199,,15.80014705657959,,,
4199,4199,15.80014705657959,,,,
4200,4200,15.795958518981934,,,,
4201,4201,15.832910537719727,,,,
4202,4202,15.905319213867188,,,,
4203,4203,15.95595645904541,,,,
4204,4204,15.960930824279785,,,,
4205,4205,15.933884620666504,,,,
4206,4206,16.002479553222656,,,,
4207,4207,15.921730041503906,,,,
4208,4208,16.01609230041504,,,,
4209,4209,,15.959096908569336,,,
4209,4209,15.959096908569336,,,,
4210,4210,16.06230926513672,,,,
4211,4211,15.990941047668457,,,,
4212,4212,16.181800842285156,,,,
4213,4213,16.15554428100586,,,,
4214,4214,16.461544036865234,,,,
4215,4215,16.44222068786621,,,,
4216,4216,16.919967651367188,,,,
4217,4217,16.94588279724121,,,,
4218,4218,17.877412796020508,,,,
4219,4219,,17.81709098815918,,,
4219,4219,17.81709098815918,,,,
4220,4220,18.95583152770996,,,,
4221,4221,18.007734298706055,,,,
4222,4222,18.19297218322754,,,,
4223,4223,16.982864379882812,,,,
4224,4224,16.586809158325195,,,,
4225,4225,15.961115837097168,,,,
4226,4226,15.787862777709961,,,,
4227,4227,15.819607734680176,,,,
4228,4228,15.816359519958496,,,,
4229,4229,,16.03171730041504,,,
4229,4229,16.03171730041504,,,,
4230,4230,16.183019638061523,,,,
4231,4231,16.693361282348633,,,,
4232,4232,16.672574996948242,,,,
4233,4233,17.105226516723633,,,,
4234,4234,16.68614959716797,,,,
4235,4235,16.730182647705078,,,,
4236,4236,16.290142059326172,,,,
4237,4237,16.17894744873047,,,,
4238,4238,15.900755882263184,,,,
4239,4239,,15.823986053466797,,,
4239,4239,15.823986053466797,,,,
4240,4240,15.782036781311035,,,,
4241,4241,15.750875473022461,,,,
4242,4242,15.72899055480957,,,,
4243,4243,15.718688011169434,,,,
4244,4244,15.751652717590332,,,,
4245,4245,15.736886978149414,,,,
4246,4246,15.860355377197266,,,,
4247,4247,15.877824783325195,,,,
4248,4248,16.1018009185791,,,,
4249,4249,,16.130582809448242,,,
4249,4249,16.130582809448242,,,,
4250,4250,16.625024795532227,,,,
4251,4251,16.58037567138672,,,,
4252,4252,17.2729549407959,,,,
4253,4253,16.992176055908203,,,,
4254,4254,17.702585220336914,,,,
4255,4255,17.144989013671875,,,,
4256,4256,17.565107345581055,,,,
4257,4257,16.824186325073242,,,,
4258,4258,16.905593872070312,,,,
4259,4259,,16.29657554626465,,,
4259,4259,16.29657554626465,,,,
4260,4260,16.25581932067871,,,,
4261,4261,15.873760223388672,,,,
4262,4262,15.829219818115234,,,,
4263,4263,15.663171768188477,,,,
4264,4264,15.74233341217041,,,,
4265,4265,15.586665153503418,,,,
4266,4266,15.702136993408203,,,,
4267,4267,15.605405807495117,,,,
4268,4268,15.647703170776367,,,,
4269,4269,,15.605609893798828,,,
4269,4269,15.605609893798828,,,,
4270,4270,15.618590354919434,,,,
4271,4271,15.590414047241211,,,,
4272,4272,15.637801170349121,,,,
4273,4273,15.588486671447754,,,,
4274,4274,15.608142852783203,,,,
4275,4275,15.54224967956543,,,,
4276,4276,15.641480445861816,,,,
4277,4277,15.649797439575195,,,,
4278,4278,15.798245429992676,,,,
4279,4279,,15.867790222167969,,,
4279,4279,15.867790222167969,,,,
4280,4280,16.280515670776367,,,,
4281,4281,16.59244155883789,,,,
4282,4282,17.66822052001953,,,,
4283,4283,18.02646827697754,,,,
4284,4284,19.856855392456055,,,,
4285,4285,18.755329132080078,,,,
4286,4286,19.103229522705078,,,,
4287,4287,17.295352935791016,,,,
4288,4288,16.59928321838379,,,,
4289,4289,,15.908703804016113,,,
4289,4289,15.908703804016113,,,,
4290,4290,15.666142463684082,,,,
4291,4291,15.477749824523926,,,,
4292,4292,15.56522274017334,,,,
4293,4293,15.730229377746582,,,,
4294,4294,15.974783897399902,,,,
4295,4295,16.299057006835938,,,,
4296,4296,16.53866195678711,,,,
4297,4297,17.042236328125,,,,
4298,4298,16.798351287841797,,,,
4299,4299,,16.87288475036621,,,
4299,4299,16.87288475036621,,,,
4300,4300,16.330589294433594,,,,
4301,4301,16.10224723815918,,,,
4302,4302,15.824548721313477,,,,
4303,4303,15.648836135864258,,,,
4304,4304,15.536495208740234,,,,
4305,4305,15.482471466064453,,,,
4306,4306,15.514373779296875,,,,
4307,4307,15.491499900817871,,,,
4308,4308,15.501943588256836,,,,
4309,4309,,15.470422744750977,,,
4309,4309,15.470422744750977,,,,
4310,4310,15.491323471069336,,,,
4311,4311,15.553653717041016,,,,
4312,4312,15.617110252380371,,,,
4313,4313,15.763272285461426,,,,
4314,4314,15.933822631835938,,,,
4315,4315,16.355627059936523,,,,
4316,4316,16.71055793762207,,,,
4317,4317,17.359359741210938,,,,
4318,4318,17.500024795532227,,,,
4319,4319,,18.042707443237305,,,
4319,4319,18.042707443237305,,,,
4320,4320,17.382904052734375,,,,
4321,4321,17.03775405883789,,,,
4322,4322,16.31846809387207,,,,
4323,4323,15.952462196350098,,,,
4324,4324,15.635590553283691,,,,
4325,4325,15.504303932189941,,,,
4326,4326,15.424968719482422,,,,
4327,4327,15.428102493286133,,,,
4328,4328,15.461459159851074,,,,
4329,4329,,15.544185638427734,,,
4329,4329,15.544185638427734,,,,
4330,4330,15.56238079071045,,,,
4331,4331,15.6329345703125,,,,
4332,4332,15.86999225616455,,,,
4333,4333,15.996792793273926,,,,
4334,4334,16.336231231689453,,,,
4335,4335,16.606708526611328,,,,
4336,4336,17.002714157104492,,,,
4337,4337,16.895536422729492,,,,
4338,4338,16.999500274658203,,,,
4339,4339,,16.51878547668457,,,
4339,4339,16.51878547668457,,,,
4340,4340,16.267850875854492,,,,
4341,4341,15.858743667602539,,,,
4342,4342,15.622113227844238,,,,
4343,4343,15.499098777770996,,,,
4344,4344,15.459403038024902,,,,
4345,4345,15.411640167236328,,,,
4346,4346,15.42849349975586,,,,
4347,4347,15.520957946777344,,,,
4348,4348,15.580628395080566,,,,
4349,4349,,15.695316314697266,,,
4349,4349,15.695316314697266,,,,
4350,4350,15.783303260803223,,,,
4351,4351,16.0161190032959,,,,
4352,4352,16.086400985717773,,,,
4353,4353,16.292152404785156,,,,
4354,4354,16.157379150390625,,,,
4355,4355,16.27945899963379,,,,
4356,4356,16.050308227539062,,,,
4357,4357,16.09231185913086,,,,
4358,4358,15.877638816833496,,,,
4359,4359,,15.877029418945312,,,
4359,4359,15.877029418945312,,,,
4360,4360,15.726547241210938,,,,
4361,4361,15.763935089111328,,,,
4362,4362,15.67561149597168,,,,
4363,4363,15.79317569732666,,,,
4364,4364,15.703031539916992,,,,
4365,4365,15.806818962097168,,,,
4366,4366,15.747298240661621,,,,
4367,4367,15.854310035705566,,,,
4368,4368,15.76636028289795,,,,
4369,4369,,15.878229141235352,,,
4369,4369,15.878229141235352,,,,
4370,4370,15.772611618041992,,,,
4371,4371,15.873966217041016,,,,
4372,4372,15.788930892944336,,,,
4373,4373,15.873483657836914,,,,
4374,4374,15.80103874206543,,,,
4375,4375,15.916718482971191,,,,
4376,4376,15.843957901000977,,,,
4377,4377,16.033451080322266,,,,
4378,4378,15.973793983459473,,,,
4379,4379,,16.173635482788086,,,
4379,4379,16.173635482788086,,,,
4380,4380,16.102916717529297,,,,
4381,4381,16.317983627319336,,,,
4382,4382,16.181419372558594,,,,
4383,4383,16.42079734802246,,,,
4384,4384,16.27201271057129,,,,
4385,4385,16.52262306213379,,,,
4386,4386,16.279767990112305,,,,
4387,4387,16.396900177001953,,,,
4388,4388,16.117877960205078,,,,
4389,4389,,16.16934585571289,,,
4389,4389,16.16934585571289,,,,
4390,4390,15.949823379516602,,,,
4391,4391,16.03702163696289,,,,
4392,4392,15.885260581970215,,,,
4393,4393,16.004899978637695,,,,
4394,4394,15.900412559509277,,,,
4395,4395,16.115415573120117,,,,
4396,4396,16.121315002441406,,,,
4397,4397,16.534282684326172,,,,
4398,4398,16.439472198486328,,,,
4399,4399,,16.954626083374023,,,
4399,4399,16.954626083374023,,,,
4400,4400,16.503807067871094,,,,
4401,4401,16.711206436157227,,,,
4402,4402,16.22758674621582,,,,
4403,4403,16.278627395629883,,,,
4404,4404,15.941904067993164,,,,
4405,4405,15.990382194519043,,,,
4406,4406,15.844231605529785,,,,
4407,4407,15.970481872558594,,,,
4408,4408,15.810540199279785,,,,
4409,4409,,15.937701225280762,,,
4409,4409,15.937701225280762,,,,
4410,4410,15.808069229125977,,,,
4411,4411,15.915827751159668,,,,
4412,4412,15.783882141113281,,,,
4413,4413,15.911890029907227,,,,
4414,4414,15.763998031616211,,,,
4415,4415,15.843395233154297,,,,
4416,4416,15.673065185546875,,,,
4417,4417,15.767175674438477,,,,
4418,4418,15.476652145385742,,,,
4419,4419,,15.492840766906738,,,
4419,4419,15.492840766906738,,,,
4420,4420,15.273062705993652,,,,
4421,4421,15.192977905273438,,,,
4422,4422,15.126521110534668,,,,
4423,4423,15.117737770080566,,,,
4424,4424,15.143448829650879,,,,
4425,4425,15.179412841796875,,,,
4426,4426,15.311685562133789,,,,
4427,4427,15.312993049621582,,,,
4428,4428,15.385294914245605,,,,
4429,4429,,15.337896347045898,,,
4429,4429,15.337896347045898,,,,
4430,4430,15.499091148376465,,,,
4431,4431,15.379700660705566,,,,
4432,4432,15.549996376037598,,,,
4433,4433,15.448235511779785,,,,
4434,4434,15.662883758544922,,,,
4435,4435,15.565532684326172,,,,
4436,4436,15.81984806060791,,,,
4437,4437,15.779964447021484,,,,
4438,4438,16.073535919189453,,,,
4439,4439,,16.06586265563965,,,
4439,4439,16.06586265563965,,,,
4440,4440,16.51751136779785,,,,
4441,4441,16.482425689697266,,,,
4442,4442,17.109365463256836,,,,
4443,4443,16.820924758911133,,,,
4444,4444,17.308361053466797,,,,
4445,4445,16.622264862060547,,,,
4446,4446,16.582128524780273,,,,
4447,4447,15.99662971496582,,,,
4448,4448,15.73282527923584,,,,
4449,4449,,15.27973461151123,,,
4449,4449,15.27973461151123,,,,
4450,4450,15.06167221069336,,,,
4451,4451,14.98166275024414,,,,
4452,4452,15.028934478759766,,,,
4453,4453,15.099833488464355,,,,
4454,4454,15.213184356689453,,,,
4455,4455,15.311149597167969,,,,
4456,4456,15.305091857910156,,,,
4457,4457,15.256142616271973,,,,
4458,4458,15.178447723388672,,,,
4459,4459,,15.044443130493164,,,
4459,4459,15.044443130493164,,,,
4460,4460,15.0204439163208,,,,
4461,4461,14.966509819030762,,,,
4462,4462,14.982382774353027,,,,
4463,4463,15.001631736755371,,,,
4464,4464,14.917435646057129,,,,
4465,4465,14.98310375213623,,,,
4466,4466,14.953660011291504,,,,
4467,4467,15.009428977966309,,,,
4468,4468,14.929760932922363,,,,
4469,4469,,14.985223770141602,,,
4469,4469,14.985223770141602,,,,
4470,4470,14.93418025970459,,,,
4471,4471,14.94552993774414,,,,
4472,4472,14.926584243774414,,,,
4473,4473,14.910513877868652,,,,
4474,4474,14.999617576599121,,,,
4475,4475,14.929412841796875,,,,
4476,4476,14.930071830749512,,,,
4477,4477,14.934113502502441,,,,
4478,4478,14.91970157623291,,,,
4479,4479,,14.911401748657227,,,
4479,4479,14.911401748657227,,,,
4480,4480,14.915505409240723,,,,
4481,4481,14.890923500061035,,,,
4482,4482,14.933920860290527,,,,
4483,4483,14.886362075805664,,,,
4484,4484,14.913420677185059,,,,
4485,4485,14.88508415222168,,,,
4486,4486,14.881439208984375,,,,
4487,4487,14.848487854003906,,,,
4488,4488,14.856321334838867,,,,
4489,4489,,14.85507869720459,,,
4489,4489,14.85507869720459,,,,
4490,4490,14.859292030334473,,,,
4491,4491,14.909985542297363,,,,
4492,4492,14.906301498413086,,,,
4493,4493,14.979702949523926,,,,
4494,4494,15.158414840698242,,,,
4495,4495,15.676706314086914,,,,
4496,4496,16.421892166137695,,,,
4497,4497,18.74013900756836,,,,
4498,4498,19.573484420776367,,,,
4499,4499,,24.663480758666992,,,
4499,4499,,,0.29608285427093506,536.18896484375,432.18603515625
4499,4499,24.663480758666992,,,,
4500,4500,19.564485549926758,,,,
4501,4501,18.672365188598633,,,,
4502,4502,16.031728744506836,,,,
4503,4503,14.987137794494629,,,,
4504,4504,14.769905090332031,,,,
4505,4505,15.067261695861816,,,,
4506,4506,15.871984481811523,,,,
4507,4507,16.547245025634766,,,,
4508,4508,18.412853240966797,,,,
4509,4509,,17.892820358276367,,,
4509,4509,17.892820358276367,,,,
4510,4510,18.757736206054688,,,,
4511,4511,16.59366226196289,,,,
4512,4512,15.479238510131836,,,,
4513,4513,14.84226131439209,,,,
4514,4514,14.930977821350098,,,,
4515,4515,15.619318008422852,,,,
4516,4516,16.291515350341797,,,,
4517,4517,17.582563400268555,,,,
4518,4518,16.9462833404541,,,,
4519,4519,,17.37853240966797,,,
4519,4519,17.37853240966797,,,,
4520,4520,15.976032257080078,,,,
4521,4521,15.058156967163086,,,,
4522,4522,14.785186767578125,,,,
4523,4523,15.085650444030762,,,,
4524,4524,15.64328384399414,,,,
4525,4525,16.04286766052246,,,,
4526,4526,16.89188003540039,,,,
4527,4527,16.174104690551758,,,,
4528,4528,15.918915748596191,,,,
4529,4529,,15.309926986694336,,,
4529,4529,15.309926986694336,,,,
4530,4530,14.807404518127441,,,,
4531,4531,14.774845123291016,,,,
4532,4532,15.164726257324219,,,,
4533,4533,15.460320472717285,,,,
4534,4534,15.672595024108887,,,,
4535,4535,15.979053497314453,,,,
4536,4536,15.592652320861816,,,,
4537,4537,15.493561744689941,,,,
4538,4538,15.10079574584961,,,,
4539,4539,,14.853998184204102,,,
4539,4539,14.853998184204102,,,,
4540,4540,14.739984512329102,,,,
4541,4541,14.791763305664062,,,,
4542,4542,14.925786018371582,,,,
4543,4543,15.074089050292969,,,,
4544,4544,15.199936866760254,,,,
4545,4545,15.127764701843262,,,,
4546,4546,15.106406211853027,,,,
4547,4547,14.944579124450684,,,,
4548,4548,14.84989070892334,,,,
4549,4549,,14.737052917480469,,,
4549,4549,14.737052917480469,,,,
4550,4550,14.75351333618164,,,,
4551,4551,14.730475425720215,,,,
4552,4552,14.767404556274414,,,,
4553,4553,14.864571571350098,,,,
4554,4554,14.879638671875,,,,
4555,4555,14.967256546020508,,,,
4556,4556,14.895261764526367,,,,
4557,4557,15.01816463470459,,,,
4558,4558,14.899269104003906,,,,
4559,4559,,15.051993370056152,,,
4559,4559,15.051993370056152,,,,
4560,4560,14.99035930633545,,,,
4561,4561,15.229936599731445,,,,
4562,4562,15.19521427154541,,,,
4563,4563,15.573355674743652,,,,
4564,4564,15.504176139831543,,,,
4565,4565,16.07247543334961,,,,
4566,4566,15.959403991699219,,,,
4567,4567,16.69402503967285,,,,
4568,4568,16.32061195373535,,,,
4569,4569,,17.12900733947754,,,
4569,4569,17.12900733947754,,,,
4570,4570,16.40483856201172,,,,
4571,4571,16.95389747619629,,,,
4572,4572,16.044828414916992,,,,
4573,4573,16.1374568939209,,,,
4574,4574,15.4612455368042,,,,
4575,4575,15.303690910339355,,,,
4576,4576,14.948243141174316,,,,
4577,4577,14.838367462158203,,,,
4578,4578,14.667749404907227,,,,
4579,4579,,14.637079238891602,,,
4579,4579,14.637079238891602,,,,
4580,4580,14.629195213317871,,,,
4581,4581,14.621265411376953,,,,
4582,4582,14.691255569458008,,,,
4583,4583,14.738241195678711,,,,
4584,4584,14.931070327758789,,,,
4585,4585,15.002473831176758,,,,
4586,4586,15.180706977844238,,,,
4587,4587,15.201715469360352,,,,
4588,4588,15.460552215576172,,,,
4589,4589,,15.313308715820312,,,
4589,4589,15.313308715820312,,,,
4590,4590,15.530486106872559,,,,
4591,4591,15.260963439941406,,,,
4592,4592,15.358109474182129,,,,
4593,4593,15.103789329528809,,,,
4594,4594,15.101277351379395,,,,
4595,4595,14.913304328918457,,,,
4596,4596,14.876204490661621,,,,
4597,4597,14.808149337768555,,,,
4598,4598,14.826184272766113,,,,
4599,4599,,14.820932388305664,,,
4599,4599,14.820932388305664,,,,
4600,4600,14.915986061096191,,,,
4601,4601,14.919633865356445,,,,
4602,4602,15.223048210144043,,,,
4603,4603,15.259061813354492,,,,
4604,4604,15.61646842956543,,,,
4605,4605,15.594733238220215,,,,
4606,4606,16.188220977783203,,,,
4607,4607,15.94791030883789,,,,
4608,4608,16.531810760498047,,,,
4609,4609,,15.955190658569336,,,
4609,4609,15.955190658569336,,,,
4610,4610,16.22146224975586,,,,
4611,4611,15.577706336975098,,,,
4612,4612,15.462993621826172,,,,
4613,4613,15.027400016784668,,,,
4614,4614,14.873345375061035,,,,
4615,4615,14.645367622375488,,,,
4616,4616,14.580801010131836,,,,
4617,4617,14.491180419921875,,,,
4618,4618,14.489235877990723,,,,
4619,4619,,14.557793617248535,,,
4619,4619,14.557793617248535,,,,
4620,4620,14.558308601379395,,,,
4621,4621,14.676278114318848,,,,
4622,4622,14.750663757324219,,,,
4623,4623,14.945164680480957,,,,
4624,4624,15.083003997802734,,,,
4625,4625,15.204771995544434,,,,
4626,4626,15.254969596862793,,,,
4627,4627,15.472479820251465,,,,
4628,4628,15.418736457824707,,,,
4629,4629,,15.569029808044434,,,
4629,4629,15.569029808044434,,,,
4630,4630,15.509480476379395,,,,
4631,4631,15.524505615234375,,,,
4632,4632,15.401388168334961,,,,
4633,4633,15.28938102722168,,,,
4634,4634,15.136072158813477,,,,
4635,4635,14.990150451660156,,,,
4636,4636,14.868324279785156,,,,
4637,4637,14.842714309692383,,,,
4638,4638,14.83707332611084,,,,
4639,4639,,14.787113189697266,,,
4639,4639,14.787113189697266,,,,
4640,4640,14.845353126525879,,,,
4641,4641,14.808581352233887,,,,
4642,4642,14.826127052307129,,,,
4643,4643,14.779322624206543,,,,
4644,4644,14.801674842834473,,,,
4645,4645,14.726162910461426,,,,
4646,4646,14.762029647827148,,,,
4647,4647,14.64023208618164,,,,
4648,4648,14.648181915283203,,,,
4649,4649,,14.506041526794434,,,
4649,4649,14.506041526794434,,,,
4650,4650,14.54100227355957,,,,
4651,4651,14.386168479919434,,,,
4652,4652,14.447230339050293,,,,
4653,4653,14.374963760375977,,,,
4654,4654,14.397272109985352,,,,
4655,4655,14.452127456665039,,,,
4656,4656,14.395203590393066,,,,
4657,4657,14.485589027404785,,,,
4658,4658,14.401649475097656,,,,
4659,4659,,14.416244506835938,,,
4659,4659,14.416244506835938,,,,
4660,4660,14.369100570678711,,,,
4661,4661,14.389474868774414,,,,
4662,4662,14.396031379699707,,,,
4663,4663,14.360623359680176,,,,
4664,4664,14.408003807067871,,,,
4665,4665,14.370805740356445,,,,
4666,4666,14.400457382202148,,,,
4667,4667,14.37233829498291,,,,
4668,4668,14.370874404907227,,,,
4669,4669,,14.360807418823242,,,
4669,4669,14.360807418823242,,,,
4670,4670,14.36182689666748,,,,
4671,4671,14.335027694702148,,,,
4672,4672,14.33343505859375,,,,
4673,4673,14.353337287902832,,,,
4674,4674,14.336735725402832,,,,
4675,4675,14.379794120788574,,,,
4676,4676,14.385810852050781,,,,
4677,4677,14.456849098205566,,,,
4678,4678,14.554618835449219,,,,
4679,4679,,14.759900093078613,,,
4679,4679,14.759900093078613,,,,
4680,4680,15.134401321411133,,,,
4681,4681,15.558079719543457,,,,
4682,4682,16.480266571044922,,,,
4683,4683,16.978158950805664,,,,
4684,4684,19.4364070892334,,,,
4685,4685,18.539722442626953,,,,
4686,4686,20.72130584716797,,,,
4687,4687,17.406686782836914,,,,
4688,4688,16.42323875427246,,,,
4689,4689,,15.005080223083496,,,
4689,4689,15.005080223083496,,,,
4690,4690,14.37668514251709,,,,
4691,4691,14.386112213134766,,,,
4692,4692,14.899484634399414,,,,
4693,4693,15.70004653930664,,,,
4694,4694,16.097280502319336,,,,
4695,4695,17.117431640625,,,,
4696,4696,16.353744506835938,,,,
4697,4697,16.34120750427246,,,,
4698,4698,15.271588325500488,,,,
4699,4699,,14.67913818359375,,,
4699,4699,14.67913818359375,,,,
4700,4700,14.328498840332031,,,,
4701,4701,14.433903694152832,,,,
4702,4702,14.700264930725098,,,,
4703,4703,15.149388313293457,,,,
4704,4704,15.668752670288086,,,,
4705,4705,15.665770530700684,,,,
4706,4706,15.752960205078125,,,,
4707,4707,15.110395431518555,,,,
4708,4708,14.68897533416748,,,,
4709,4709,,14.352015495300293,,,
4709,4709,14.352015495300293,,,,
4710,4710,14.295159339904785,,,,
4711,4711,14.505900382995605,,,,
4712,4712,14.819899559020996,,,,
4713,4713,15.197575569152832,,,,
4714,4714,15.281094551086426,,,,
4715,4715,15.65092945098877,,,,
4716,4716,15.392698287963867,,,,
4717,4717,15.402464866638184,,,,
4718,4718,14.837282180786133,,,,
4719,4719,,14.583444595336914,,,
4719,4719,14.583444595336914,,,,
4720,4720,14.372794151306152,,,,
4721,4721,14.293938636779785,,,,
4722,4722,14.321829795837402,,,,
4723,4723,14.350323677062988,,,,
4724,4724,14.5338716506958,,,,
4725,4725,14.586755752563477,,,,
4726,4726,14.926276206970215,,,,
4727,4727,14.907613754272461,,,,
4728,4728,15.10893440246582,,,,
4729,4729,,14.9921236038208,,,
4729,4729,14.9921236038208,,,,
4730,4730,15.193831443786621,,,,
4731,4731,14.994189262390137,,,,
4732,4732,15.161748886108398,,,,
4733,4733,14.946830749511719,,,,
4734,4734,15.230062484741211,,,,
4735,4735,15.078802108764648,,,,
4736,4736,15.46057415008545,,,,
4737,4737,15.19511890411377,,,,
4738,4738,15.494976043701172,,,,
4739,4739,,15.135797500610352,,,
4739,4739,15.135797500610352,,,,
4740,4740,15.245827674865723,,,,
4741,4741,14.945025444030762,,,,
4742,4742,14.992155075073242,,,,
4743,4743,14.78478717803955,,,,
4744,4744,14.83618450164795,,,,
4745,4745,14.666131973266602,,,,
4746,4746,14.69543743133545,,,,
4747,4747,14.603519439697266,,,,
4748,4748,14.690596580505371,,,,
4749,4749,,14.600765228271484,,,
4749,4749,14.600765228271484,,,,
4750,4750,14.768353462219238,,,,
4751,4751,14.685163497924805,,,,
4752,4752,14.839215278625488,,,,
4753,4753,14.755499839782715,,,,
4754,4754,14.947731971740723,,,,
4755,4755,14.7987060546875,,,,
4756,4756,14.955015182495117,,,,
4757,4757,14.783458709716797,,,,
4758,4758,14.886371612548828,,,,
4759,4759,,14.707326889038086,,,
4759,4759,14.707326889038086,,,,
4760,4760,14.75206470489502,,,,
4761,4761,14.563224792480469,,,,
4762,4762,14.479985237121582,,,,
4763,4763,14.432672500610352,,,,
4764,4764,14.337162017822266,,,,
4765,4765,14.351127624511719,,,,
4766,4766,14.291234016418457,,,,
4767,4767,14.266497611999512,,,,
4768,4768,14.25066089630127,,,,
4769,4769,,14.234931945800781,,,
4769,4769,14.234931945800781,,,,
4770,4770,14.226831436157227,,,,
4771,4771,14.260991096496582,,,,
4772,4772,14.18441390991211,,,,
4773,4773,14.236835479736328,,,,
4774,4774,14.187548637390137,,,,
4775,4775,14.19029712677002,,,,
4776,4776,14.14075756072998,,,,
4777,4777,14.084193229675293,,,,
4778,4778,14.073431015014648,,,,
4779,4779,,14.041742324829102,,,
4779,4779,14.041742324829102,,,,
4780,4780,14.025834083557129,,,,
4781,4781,14.105609893798828,,,,
4782,4782,14.085556983947754,,,,
4783,4783,14.144461631774902,,,,
4784,4784,14.19711685180664,,,,
4785,4785,14.200560569763184,,,,
4786,4786,14.276997566223145,,,,
4787,4787,14.327630996704102,,,,
4788,4788,14.528013229370117,,,,
4789,4789,,14.803693771362305,,,
4789,4789,14.803693771362305,,,,
4790,4790,15.132709503173828,,,,
4791,4791,15.95670223236084,,,,
4792,4792,16.208683013916016,,,,
4793,4793,17.86081886291504,,,,
4794,4794,17.1466007232666,,,,
4795,4795,18.640483856201172,,,,
4796,4796,16.749486923217773,,,,
4797,4797,16.614334106445312,,,,
4798,4798,15.260641098022461,,,,
4799,4799,,14.515867233276367,,,
4799,4799,14.515867233276367,,,,
4800,4800,14.2129487991333,,,,
4801,4801,14.111091613769531,,,,
4802,4802,14.097561836242676,,,,
4803,4803,14.461112022399902,,,,
4804,4804,14.926127433776855,,,,
4805,4805,15.241800308227539,,,,
4806,4806,15.8396577835083,,,,
4807,4807,15.541033744812012,,,,
4808,4808,15.573782920837402,,,,
4809,4809,,14.940871238708496,,,
4809,4809,14.940871238708496,,,,
4810,4810,14.5289306640625,,,,
4811,4811,14.249576568603516,,,,
4812,4812,14.012239456176758,,,,
4813,4813,14.014579772949219,,,,
4814,4814,14.061637878417969,,,,
4815,4815,14.041447639465332,,,,
4816,4816,14.21660041809082,,,,
4817,4817,14.339444160461426,,,,
4818,4818,14.522843360900879,,,,
4819,4819,,14.712146759033203,,,
4819,4819,14.712146759033203,,,,
4820,4820,14.840200424194336,,,,
4821,4821,15.103547096252441,,,,
4822,4822,15.149237632751465,,,,
4823,4823,15.46593952178955,,,,
4824,4824,15.265789985656738,,,,
4825,4825,15.405344009399414,,,,
4826,4826,15.076753616333008,,,,
4827,4827,15.0668306350708,,,,
4828,4828,14.688170433044434,,,,
4829,4829,,14.508478164672852,,,
4829,4829,14.508478164672852,,,,
4830,4830,14.291306495666504,,,,
4831,4831,14.049656867980957,,,,
4832,4832,14.040053367614746,,,,
4833,4833,13.913370132446289,,,,
4834,4834,13.916988372802734,,,,
4835,4835,13.878077507019043,,,,
4836,4836,13.869779586791992,,,,
4837,4837,13.871477127075195,,,,
4838,4838,13.842641830444336,,,,
4839,4839,,13.874135971069336,,,
4839,4839,13.874135971069336,,,,
4840,4840,13.868213653564453,,,,
4841,4841,13.915226936340332,,,,
4842,4842,13.920387268066406,,,,
4843,4843,14.031381607055664,,,,
4844,4844,14.063037872314453,,,,
4845,4845,14.24915885925293,,,,
4846,4846,14.302823066711426,,,,
4847,4847,14.517301559448242,,,,
4848,4848,14.728934288024902,,,,
4849,4849,,14.943498611450195,,,
4849,4849,14.943498611450195,,,,
4850,4850,15.428878784179688,,,,
4851,4851,15.602678298950195,,,,
4852,4852,16.574331283569336,,,,
4853,4853,16.256290435791016,,,,
4854,4854,17.217605590820312,,,,
4855,4855,16.1969051361084,,,,
4856,4856,16.377477645874023,,,,
4857,4857,15.338027000427246,,,,
4858,4858,14.796405792236328,,,,
4859,4859,,14.287421226501465,,,
4859,4859,14.287421226501465,,,,
4860,4860,13.917134284973145,,,,
4861,4861,13.792834281921387,,,,
4862,4862,13.873462677001953,,,,
4863,4863,14.072015762329102,,,,
4864,4864,14.40539836883545,,,,
4865,4865,14.612637519836426,,,,
4866,4866,14.781997680664062,,,,
4867,4867,14.881959915161133,,,,
4868,4868,14.684332847595215,,,,
4869,4869,,14.526063919067383,,,
4869,4869,14.526063919067383,,,,
4870,4870,14.317251205444336,,,,
4871,4871,14.010149002075195,,,,
4872,4872,13.888710975646973,,,,
4873,4873,13.775561332702637,,,,
4874,4874,13.773970603942871,,,,
4875,4875,13.831289291381836,,,,
4876,4876,13.893564224243164,,,,
4877,4877,14.086917877197266,,,,
4878,4878,14.210747718811035,,,,
4879,4879,,14.39051628112793,,,
4879,4879,14.39051628112793,,,,
4880,4880,14.775986671447754,,,,
4881,4881,15.01076889038086,,,,
4882,4882,15.712798118591309,,,,
4883,4883,15.516816139221191,,,,
4884,4884,16.459911346435547,,,,
4885,4885,15.736319541931152,,,,
4886,4886,16.29469108581543,,,,
4887,4887,15.288612365722656,,,,
4888,4888,15.268756866455078,,,,
4889,4889,,14.618592262268066,,,
4889,4889,14.618592262268066,,,,
4890,4890,14.453507423400879,,,,
4891,4891,14.1533784866333,,,,
4892,4892,14.073064804077148,,,,
4893,4893,14.048371315002441,,,,
4894,4894,14.112808227539062,,,,
4895,4895,14.221558570861816,,,,
4896,4896,14.4882173538208,,,,
4897,4897,14.558090209960938,,,,
4898,4898,15.02013111114502,,,,
4899,4899,,14.867452621459961,,,
4899,4899,14.867452621459961,,,,
4900,4900,15.456398963928223,,,,
4901,4901,15.045258522033691,,,,
4902,4902,15.411542892456055,,,,
4903,4903,14.879984855651855,,,,
4904,4904,15.072535514831543,,,,
4905,4905,14.577540397644043,,,,
4906,4906,14.534968376159668,,,,
4907,4907,14.229215621948242,,,,
4908,4908,14.2615966796875,,,,
4909,4909,,14.136429786682129,,,
4909,4909,14.136429786682129,,,,
4910,4910,14.301186561584473,,,,
4911,4911,14.257503509521484,,,,
4912,4912,14.542898178100586,,,,
4913,4913,14.49299144744873,,,,
4914,4914,14.865791320800781,,,,
4915,4915,14.620085716247559,,,,
4916,4916,14.945616722106934,,,,
4917,4917,14.59633731842041,,,,
4918,4918,14.749484062194824,,,,
4919,4919,,14.347850799560547,,,
4919,4919,14.347850799560547,,,,
4920,4920,14.47451400756836,,,,
4921,4921,14.185074806213379,,,,
4922,4922,14.260332107543945,,,,
4923,4923,13.998539924621582,,,,
4924,4924,14.110981941223145,,,,
4925,4925,13.924870491027832,,,,
4926,4926,14.083402633666992,,,,
4927,4927,13.972710609436035,,,,
4928,4928,14.20779800415039,,,,
4929,4929,,14.005961418151855,,,
4929,4929,14.005961418151855,,,,
4930,4930,14.190359115600586,,,,
4931,4931,13.959712028503418,,,,
4932,4932,14.069473266601562,,,,
4933,4933,13.867526054382324,,,,
4934,4934,13.999561309814453,,,,
4935,4935,13.866817474365234,,,,
4936,4936,14.01444149017334,,,,
4937,4937,13.961045265197754,,,,
4938,4938,14.156317710876465,,,,
4939,4939,,14.157166481018066,,,
4939,4939,14.157166481018066,,,,
4940,4940,14.477765083312988,,,,
4941,4941,14.389432907104492,,,,
4942,4942,14.847613334655762,,,,
4943,4943,14.664325714111328,,,,
4944,4944,15.16848373413086,,,,
4945,4945,14.828466415405273,,,,
4946,4946,15.354063034057617,,,,
4947,4947,14.794474601745605,,,,
4948,4948,15.023983001708984,,,,
4949,4949,,14.500810623168945,,,
4949,4949,14.500810623168945,,,,
4950,4950,14.608455657958984,,,,
4951,4951,14.266888618469238,,,,
4952,4952,14.403800964355469,,,,
4953,4953,14.211268424987793,,,,
4954,4954,14.440385818481445,,,,
4955,4955,14.334704399108887,,,,
4956,4956,14.695246696472168,,,,
4957,4957,14.583786010742188,,,,
4958,4958,15.089536666870117,,,,
4959,4959,,14.832182884216309,,,
4959,4959,14.832182884216309,,,,
4960,4960,15.377293586730957,,,,
4961,4961,14.854056358337402,,,,
4962,4962,15.18164348602295,,,,
4963,4963,14.618607521057129,,,,
4964,4964,14.726399421691895,,,,
4965,4965,14.304920196533203,,,,
4966,4966,14.24553108215332,,,,
4967,4967,13.97059154510498,,,,
4968,4968,13.94849967956543,,,,
4969,4969,,13.821385383605957,,,
4969,4969,13.821385383605957,,,,
4970,4970,13.920310974121094,,,,
4971,4971,13.860833168029785,,,,
4972,4972,14.03219985961914,,,,
4973,4973,14.07125473022461,,,,
4974,4974,14.396554946899414,,,,
4975,4975,14.329668998718262,,,,
4976,4976,14.860909461975098,,,,
4977,4977,14.672003746032715,,,,
4978,4978,15.170073509216309,,,,
4979,4979,,14.710845947265625,,,
4979,4979,14.710845947265625,,,,
4980,4980,14.879938125610352,,,,
4981,4981,14.441672325134277,,,,
4982,4982,14.489202499389648,,,,
4983,4983,14.2119140625,,,,
4984,4984,14.199822425842285,,,,
4985,4985,13.978269577026367,,,,
4986,4986,13.886591911315918,,,,
4987,4987,13.790513038635254,,,,
4988,4988,13.780487060546875,,,,
4989,4989,,13.743138313293457,,,
4989,4989,13.743138313293457,,,,
4990,4990,13.7877836227417,,,,
4991,4991,13.774727821350098,,,,
4992,4992,13.892285346984863,,,,
4993,4993,13.89664077758789,,,,
4994,4994,13.966801643371582,,,,
4995,4995,14.063754081726074,,,,
4996,4996,14.391035079956055,,,,
4997,4997,14.460551261901855,,,,
4998,4998,15.012145042419434,,,,
4999,4999,,14.882658958435059,,,
4999,4999,,,0.2891000509262085,511.19635009765625,432.18603515625
4999,4999,14.882658958435059,,,,
5000,5000,15.19637393951416,,,,
5001,5001,14.730379104614258,,,,
5002,5002,14.704667091369629,,,,
5003,5003,14.285608291625977,,,,
5004,5004,14.174575805664062,,,,
5005,5005,14.018928527832031,,,,
5006,5006,13.957759857177734,,,,
5007,5007,13.835658073425293,,,,
5008,5008,13.774151802062988,,,,
5009,5009,,13.645179748535156,,,
5009,5009,13.645179748535156,,,,
5010,5010,13.62082290649414,,,,
5011,5011,13.492219924926758,,,,
5012,5012,13.521421432495117,,,,
5013,5013,13.46337604522705,,,,
5014,5014,13.484410285949707,,,,
5015,5015,13.438220977783203,,,,
5016,5016,13.480560302734375,,,,
5017,5017,13.473276138305664,,,,
5018,5018,13.430987358093262,,,,
5019,5019,,13.45919418334961,,,
5019,5019,13.45919418334961,,,,
5020,5020,13.457463264465332,,,,
5021,5021,13.455089569091797,,,,
5022,5022,13.451997756958008,,,,
5023,5023,13.46894645690918,,,,
5024,5024,13.477314949035645,,,,
5025,5025,13.46618938446045,,,,
5026,5026,13.51254940032959,,,,
5027,5027,13.469917297363281,,,,
5028,5028,13.522576332092285,,,,
5029,5029,,13.49500846862793,,,
5029,5029,13.49500846862793,,,,
5030,5030,13.551280975341797,,,,
5031,5031,13.555132865905762,,,,
5032,5032,13.607131958007812,,,,
5033,5033,13.646795272827148,,,,
5034,5034,13.756064414978027,,,,
5035,5035,13.967909812927246,,,,
5036,5036,14.190909385681152,,,,
5037,5037,14.766178131103516,,,,
5038,5038,15.167608261108398,,,,
5039,5039,,16.45616340637207,,,
5039,5039,16.45616340637207,,,,
5040,5040,16.38951301574707,,,,
5041,5041,18.217514038085938,,,,
5042,5042,16.59740447998047,,,,
5043,5043,16.92287826538086,,,,
5044,5044,15.115234375,,,,
5045,5045,14.327291488647461,,,,
5046,5046,13.643594741821289,,,,
5047,5047,13.379477500915527,,,,
5048,5048,13.391097068786621,,,,
5049,5049,,13.563596725463867,,,
5049,5049,13.563596725463867,,,,
5050,5050,13.9132661819458,,,,
5051,5051,14.0523681640625,,,,
5052,5052,14.563582420349121,,,,
5053,5053,14.475107192993164,,,,
5054,5054,14.65246295928955,,,,
5055,5055,14.192826271057129,,,,
5056,5056,14.065484046936035,,,,
5057,5057,13.596738815307617,,,,
5058,5058,13.482865333557129,,,,
5059,5059,,13.397415161132812,,,
5059,5059,13.397415161132812,,,,
5060,5060,13.321466445922852,,,,
5061,5061,13.3048677444458,,,,
5062,5062,13.374197006225586,,,,
5063,5063,13.442564964294434,,,,
5064,5064,13.454023361206055,,,,
5065,5065,13.681051254272461,,,,
5066,5066,13.75915241241455,,,,
5067,5067,14.047538757324219,,,,
5068,5068,14.105512619018555,,,,
5069,5069,,14.483104705810547,,,
5069,5069,14.483104705810547,,,,
5070,5070,14.470968246459961,,,,
5071,5071,14.893165588378906,,,,
5072,5072,14.621834754943848,,,,
5073,5073,14.76305103302002,,,,
5074,5074,14.376777648925781,,,,
5075,5075,14.3724365234375,,,,
5076,5076,14.057605743408203,,,,
5077,5077,14.067177772521973,,,,
5078,5078,13.805045127868652,,,,
5079,5079,,13.878067016601562,,,
5079,5079,13.878067016601562,,,,
5080,5080,13.680994033813477,,,,
5081,5081,13.772383689880371,,,,
5082,5082,13.66215991973877,,,,
5083,5083,13.773427963256836,,,,
5084,5084,13.654519081115723,,,,
5085,5085,13.782833099365234,,,,
5086,5086,13.727331161499023,,,,
5087,5087,13.926358222961426,,,,
5088,5088,13.909662246704102,,,,
5089,5089,,14.226784706115723,,,
5089,5089,14.226784706115723,,,,
5090,5090,14.144830703735352,,,,
5091,5091,14.619664192199707,,,,
5092,5092,14.493976593017578,,,,
5093,5093,15.136789321899414,,,,
5094,5094,14.856873512268066,,,,
5095,5095,15.471810340881348,,,,
5096,5096,15.014405250549316,,,,
5097,5097,15.54283618927002,,,,
5098,5098,14.839009284973145,,,,
5099,5099,,15.032261848449707,,,
5099,5099,15.032261848449707,,,,
5100,5100,14.26081371307373,,,,
5101,5101,14.135427474975586,,,,
5102,5102,13.598302841186523,,,,
5103,5103,13.479292869567871,,,,
5104,5104,13.286309242248535,,,,
5105,5105,13.228206634521484,,,,
5106,5106,13.232023239135742,,,,
5107,5107,13.264593124389648,,,,
5108,5108,13.36760139465332,,,,
5109,5109,,13.452037811279297,,,
5109,5109,13.452037811279297,,,,
5110,5110,13.75373363494873,,,,
5111,5111,13.79826831817627,,,,
5112,5112,14.336909294128418,,,,
5113,5113,14.344717025756836,,,,
5114,5114,14.992790222167969,,,,
5115,5115,14.89162540435791,,,,
5116,5116,15.75232982635498,,,,
5117,5117,15.337095260620117,,,,
5118,5118,16.138473510742188,,,,
5119,5119,,15.22066879272461,,,
5119,5119,15.22066879272461,,,,
5120,5120,15.427148818969727,,,,
5121,5121,14.475791931152344,,,,
5122,5122,14.299712181091309,,,,
5123,5123,13.642435073852539,,,,
5124,5124,13.520291328430176,,,,
5125,5125,13.268704414367676,,,,
5126,5126,13.143852233886719,,,,
5127,5127,13.14505386352539,,,,
5128,5128,13.197718620300293,,,,
5129,5129,,13.382999420166016,,,
5129,5129,13.382999420166016,,,,
5130,5130,13.423845291137695,,,,
5131,5131,13.70495891571045,,,,
5132,5132,13.69312572479248,,,,
5133,5133,14.169791221618652,,,,
5134,5134,14.06452465057373,,,,
5135,5135,14.488064765930176,,,,
5136,5136,14.21019172668457,,,,
5137,5137,14.479473114013672,,,,
5138,5138,14.05315113067627,,,,
5139,5139,,13.997208595275879,,,
5139,5139,13.997208595275879,,,,
5140,5140,13.69304084777832,,,,
5141,5141,13.656097412109375,,,,
5142,5142,13.478826522827148,,,,
5143,5143,13.512409210205078,,,,
5144,5144,13.410490989685059,,,,
5145,5145,13.47551441192627,,,,
5146,5146,13.430780410766602,,,,
5147,5147,13.580513954162598,,,,
5148,5148,13.599027633666992,,,,
5149,5149,,13.771500587463379,,,
5149,5149,13.771500587463379,,,,
5150,5150,13.893771171569824,,,,
5151,5151,14.20211124420166,,,,
5152,5152,14.12637710571289,,,,
5153,5153,14.679402351379395,,,,
5154,5154,14.538786888122559,,,,
5155,5155,15.153003692626953,,,,
5156,5156,14.582053184509277,,,,
5157,5157,14.844236373901367,,,,
5158,5158,14.265885353088379,,,,
5159,5159,,14.338560104370117,,,
5159,5159,14.338560104370117,,,,
5160,5160,13.87763786315918,,,,
5161,5161,13.862540245056152,,,,
5162,5162,13.685161590576172,,,,
5163,5163,13.628737449645996,,,,
5164,5164,13.481420516967773,,,,
5165,5165,13.422877311706543,,,,
5166,5166,13.30178165435791,,,,
5167,5167,13.355917930603027,,,,
5168,5168,13.300117492675781,,,,
5169,5169,,13.385915756225586,,,
5169,5169,13.385915756225586,,,,
5170,5170,13.359428405761719,,,,
5171,5171,13.457805633544922,,,,
5172,5172,13.454488754272461,,,,
5173,5173,13.575886726379395,,,,
5174,5174,13.62944221496582,,,,
5175,5175,13.866795539855957,,,,
5176,5176,13.939306259155273,,,,
5177,5177,14.528451919555664,,,,
5178,5178,14.641182899475098,,,,
5179,5179,,15.678628921508789,,,
5179,5179,15.678628921508789,,,,
5180,5180,15.383569717407227,,,,
5181,5181,16.11786460876465,,,,
5182,5182,14.98158073425293,,,,
5183,5183,14.791645050048828,,,,
5184,5184,14.017645835876465,,,,
5185,5185,13.709054946899414,,,,
5186,5186,13.330899238586426,,,,
5187,5187,13.190797805786133,,,,
5188,5188,13.058274269104004,,,,
5189,5189,,13.02945327758789,,,
5189,5189,13.02945327758789,,,,
5190,5190,13.042710304260254,,,,
5191,5191,13.139720916748047,,,,
5192,5192,13.265996932983398,,,,
5193,5193,13.333842277526855,,,,
5194,5194,13.616332054138184,,,,
5195,5195,13.849737167358398,,,,
5196,5196,14.26234245300293,,,,
5197,5197,14.365437507629395,,,,
5198,5198,14.936328887939453,,,,
5199,5199,,14.829750061035156,,,
5199,5199,14.829750061035156,,,,
5200,5200,15.343578338623047,,,,
5201,5201,14.783318519592285,,,,
5202,5202,14.773093223571777,,,,
5203,5203,14.152256965637207,,,,
5204,5204,13.907509803771973,,,,
5205,5205,13.588334083557129,,,,
5206,5206,13.339957237243652,,,,
5207,5207,13.19750690460205,,,,
5208,5208,13.097918510437012,,,,
5209,5209,,13.064739227294922,,,
5209,5209,13.064739227294922,,,,
5210,5210,12.989294052124023,,,,
5211,5211,12.985379219055176,,,,
5212,5212,13.018101692199707,,,,
5213,5213,13.004884719848633,,,,
5214,5214,13.109176635742188,,,,
5215,5215,13.09862995147705,,,,
5216,5216,13.184300422668457,,,,
5217,5217,13.245342254638672,,,,
5218,5218,13.370631217956543,,,,
5219,5219,,13.559684753417969,,,
5219,5219,13.559684753417969,,,,
5220,5220,13.845824241638184,,,,
5221,5221,14.396446228027344,,,,
5222,5222,14.625675201416016,,,,
5223,5223,15.469127655029297,,,,
5224,5224,14.990307807922363,,,,
5225,5225,15.405418395996094,,,,
5226,5226,14.489890098571777,,,,
5227,5227,14.075227737426758,,,,
5228,5228,13.605039596557617,,,,
5229,5229,,13.280308723449707,,,
5229,5229,13.280308723449707,,,,
5230,5230,13.16401481628418,,,,
5231,5231,13.09105396270752,,,,
5232,5232,13.138185501098633,,,,
5233,5233,13.188217163085938,,,,
5234,5234,13.371931076049805,,,,
5235,5235,13.600397109985352,,,,
5236,5236,13.871417045593262,,,,
5237,5237,14.426653861999512,,,,
5238,5238,14.392416000366211,,,,
5239,5239,,14.690979957580566,,,
5239,5239,14.690979957580566,,,,
5240,5240,14.247182846069336,,,,
5241,5241,14.155104637145996,,,,
5242,5242,13.721744537353516,,,,
5243,5243,13.560070991516113,,,,
5244,5244,13.456419944763184,,,,
5245,5245,13.410920143127441,,,,
5246,5246,13.481074333190918,,,,
5247,5247,13.669744491577148,,,,
5248,5248,13.81161117553711,,,,
5249,5249,,14.200492858886719,,,
5249,5249,14.200492858886719,,,,
5250,5250,14.087889671325684,,,,
5251,5251,14.247607231140137,,,,
5252,5252,13.923624992370605,,,,
5253,5253,13.906113624572754,,,,
5254,5254,13.728008270263672,,,,
5255,5255,13.685256004333496,,,,
5256,5256,13.613539695739746,,,,
5257,5257,13.545818328857422,,,,
5258,5258,13.518774032592773,,,,
5259,5259,,13.456792831420898,,,
5259,5259,13.456792831420898,,,,
5260,5260,13.43313980102539,,,,
5261,5261,13.332778930664062,,,,
5262,5262,13.332531929016113,,,,
5263,5263,13.238062858581543,,,,
5264,5264,13.280789375305176,,,,
5265,5265,13.190911293029785,,,,
5266,5266,13.253632545471191,,,,
5267,5267,13.259066581726074,,,,
5268,5268,13.324482917785645,,,,
5269,5269,,13.378665924072266,,,
5269,5269,13.378665924072266,,,,
5270,5270,13.41126537322998,,,,
5271,5271,13.41246223449707,,,,
5272,5272,13.37065601348877,,,,
5273,5273,13.305127143859863,,,,
5274,5274,13.239736557006836,,,,
5275,5275,13.140813827514648,,,,
5276,5276,13.115084648132324,,,,
5277,5277,13.024397850036621,,,,
5278,5278,13.061380386352539,,,,
5279,5279,,12.980608940124512,,,
5279,5279,12.980608940124512,,,,
5280,5280,13.056029319763184,,,,
5281,5281,13.003219604492188,,,,
5282,5282,13.078547477722168,,,,
5283,5283,13.025822639465332,,,,
5284,5284,13.089071273803711,,,,
5285,5285,13.021785736083984,,,,
5286,5286,13.115511894226074,,,,
5287,5287,13.108968734741211,,,,
5288,5288,13.233339309692383,,,,
5289,5289,,13.299051284790039,,,
5289,5289,13.299051284790039,,,,
5290,5290,13.462834358215332,,,,
5291,5291,13.686358451843262,,,,
5292,5292,13.901406288146973,,,,
5293,5293,14.405511856079102,,,,
5294,5294,14.408724784851074,,,,
5295,5295,15.600522994995117,,,,
5296,5296,15.230110168457031,,,,
5297,5297,16.688249588012695,,,,
5298,5298,15.28961181640625,,,,
5299,5299,,15.724466323852539,,,
5299,5299,15.724466323852539,,,,
5300,5300,14.235269546508789,,,,
5301,5301,13.627983093261719,,,,
5302,5302,13.07713794708252,,,,
5303,5303,12.7313871383667,,,,
5304,5304,12.733116149902344,,,,
5305,5305,13.019722938537598,,,,
5306,5306,13.291120529174805,,,,
5307,5307,13.648724555969238,,,,
5308,5308,13.967105865478516,,,,
5309,5309,,13.836273193359375,,,
5309,5309,13.836273193359375,,,,
5310,5310,13.914856910705566,,,,
5311,5311,13.575366973876953,,,,
5312,5312,13.300183296203613,,,,
5313,5313,13.144567489624023,,,,
5314,5314,12.8954496383667,,,,
5315,5315,12.807493209838867,,,,
5316,5316,12.684826850891113,,,,
5317,5317,12.723830223083496,,,,
5318,5318,12.733098030090332,,,,
5319,5319,,12.702591896057129,,,
5319,5319,12.702591896057129,,,,
5320,5320,12.76143741607666,,,,
5321,5321,12.779991149902344,,,,
5322,5322,12.913509368896484,,,,
5323,5323,12.911210060119629,,,,
5324,5324,13.0639009475708,,,,
5325,5325,13.037087440490723,,,,
5326,5326,13.139054298400879,,,,
5327,5327,13.107516288757324,,,,
5328,5328,13.200968742370605,,,,
5329,5329,,13.207131385803223,,,
5329,5329,13.207131385803223,,,,
5330,5330,13.259401321411133,,,,
5331,5331,13.317582130432129,,,,
5332,5332,13.313065528869629,,,,
5333,5333,13.384906768798828,,,,
5334,5334,13.339923858642578,,,,
5335,5335,13.451674461364746,,,,
5336,5336,13.388474464416504,,,,
5337,5337,13.57298755645752,,,,
5338,5338,13.478433609008789,,,,
5339,5339,,13.691940307617188,,,
5339,5339,13.691940307617188,,,,
5340,5340,13.559075355529785,,,,
5341,5341,13.685539245605469,,,,
5342,5342,13.465557098388672,,,,
5343,5343,13.496783256530762,,,,
5344,5344,13.269584655761719,,,,
5345,5345,13.387968063354492,,,,
5346,5346,13.239834785461426,,,,
5347,5347,13.363436698913574,,,,
5348,5348,13.281086921691895,,,,
5349,5349,,13.549698829650879,,,
5349,5349,13.549698829650879,,,,
5350,5350,13.510311126708984,,,,
5351,5351,14.012247085571289,,,,
5352,5352,14.05803108215332,,,,
5353,5353,15.170219421386719,,,,
5354,5354,14.87295913696289,,,,
5355,5355,16.380979537963867,,,,
5356,5356,15.11792278289795,,,,
5357,5357,15.6385498046875,,,,
5358,5358,14.133368492126465,,,,
5359,5359,,13.837679862976074,,,
5359,5359,13.837679862976074,,,,
5360,5360,13.130962371826172,,,,
5361,5361,12.939010620117188,,,,
5362,5362,12.671859741210938,,,,
5363,5363,12.542502403259277,,,,
5364,5364,12.59652328491211,,,,
5365,5365,12.59345531463623,,,,
5366,5366,12.689079284667969,,,,
5367,5367,12.825119018554688,,,,
5368,5368,13.216064453125,,,,
5369,5369,,13.380322456359863,,,
5369,5369,13.380322456359863,,,,
5370,5370,14.041254043579102,,,,
5371,5371,14.238805770874023,,,,
5372,5372,15.368157386779785,,,,
5373,5373,14.727592468261719,,,,
5374,5374,15.396562576293945,,,,
5375,5375,14.17221450805664,,,,
5376,5376,13.947696685791016,,,,
5377,5377,13.274908065795898,,,,
5378,5378,13.20215129852295,,,,
5379,5379,,12.935640335083008,,,
5379,5379,12.935640335083008,,,,
5380,5380,12.928863525390625,,,,
5381,5381,12.86490535736084,,,,
5382,5382,13.016157150268555,,,,
5383,5383,12.964288711547852,,,,
5384,5384,13.290955543518066,,,,
5385,5385,13.295594215393066,,,,
5386,5386,13.860058784484863,,,,
5387,5387,13.884530067443848,,,,
5388,5388,14.630476951599121,,,,
5389,5389,,14.132691383361816,,,
5389,5389,14.132691383361816,,,,
5390,5390,14.395284652709961,,,,
5391,5391,13.573884010314941,,,,
5392,5392,13.424439430236816,,,,
5393,5393,12.925819396972656,,,,
5394,5394,12.853081703186035,,,,
5395,5395,12.736990928649902,,,,
5396,5396,12.746970176696777,,,,
5397,5397,12.696435928344727,,,,
5398,5398,12.78266716003418,,,,
5399,5399,,12.790470123291016,,,
5399,5399,12.790470123291016,,,,
5400,5400,12.973654747009277,,,,
5401,5401,13.018750190734863,,,,
5402,5402,13.469836235046387,,,,
5403,5403,13.610605239868164,,,,
5404,5404,14.348954200744629,,,,
5405,5405,14.346257209777832,,,,
5406,5406,15.395082473754883,,,,
5407,5407,14.731683731079102,,,,
5408,5408,15.27475357055664,,,,
5409,5409,,14.180342674255371,,,
5409,5409,14.180342674255371,,,,
5410,5410,13.924017906188965,,,,
5411,5411,13.139307022094727,,,,
5412,5412,12.965653419494629,,,,
5413,5413,12.703165054321289,,,,
5414,5414,12.5963716506958,,,,
5415,5415,12.570415496826172,,,,
5416,5416,12.510824203491211,,,,
5417,5417,12.447172164916992,,,,
5418,5418,12.568045616149902,,,,
5419,5419,,12.529657363891602,,,
5419,5419,12.529657363891602,,,,
5420,5420,12.59945011138916,,,,
5421,5421,12.576908111572266,,,,
5422,5422,12.63770866394043,,,,
5423,5423,12.557734489440918,,,,
5424,5424,12.576003074645996,,,,
5425,5425,12.516510009765625,,,,
5426,5426,12.535383224487305,,,,
5427,5427,12.506881713867188,,,,
5428,5428,12.496499061584473,,,,
5429,5429,,12.490806579589844,,,
5429,5429,12.490806579589844,,,,
5430,5430,12.51063346862793,,,,
5431,5431,12.514994621276855,,,,
5432,5432,12.490986824035645,,,,
5433,5433,12.577227592468262,,,,
5434,5434,12.588567733764648,,,,
5435,5435,12.692337989807129,,,,
5436,5436,12.851662635803223,,,,
5437,5437,13.053503036499023,,,,
5438,5438,13.765678405761719,,,,
5439,5439,,14.185113906860352,,,
5439,5439,14.185113906860352,,,,
5440,5440,16.132841110229492,,,,
5441,5441,15.672903060913086,,,,
5442,5442,17.71708869934082,,,,
5443,5443,15.014287948608398,,,,
5444,5444,14.613234519958496,,,,
5445,5445,13.185608863830566,,,,
5446,5446,12.6068115234375,,,,
5447,5447,12.485276222229004,,,,
5448,5448,12.513401985168457,,,,
5449,5449,,12.699195861816406,,,
5449,5449,12.699195861816406,,,,
5450,5450,13.137297630310059,,,,
5451,5451,14.055319786071777,,,,
5452,5452,14.148550033569336,,,,
5453,5453,15.144611358642578,,,,
5454,5454,14.201491355895996,,,,
5455,5455,14.169267654418945,,,,
5456,5456,13.151716232299805,,,,
5457,5457,12.778972625732422,,,,
5458,5458,12.539263725280762,,,,
5459,5459,,12.434100151062012,,,
5459,5459,12.434100151062012,,,,
5460,5460,12.464530944824219,,,,
5461,5461,12.542767524719238,,,,
5462,5462,12.741239547729492,,,,
5463,5463,12.907685279846191,,,,
5464,5464,13.1930513381958,,,,
5465,5465,13.182791709899902,,,,
5466,5466,13.494651794433594,,,,
5467,5467,13.376313209533691,,,,
5468,5468,13.642110824584961,,,,
5469,5469,,13.439446449279785,,,
5469,5469,13.439446449279785,,,,
5470,5470,13.612130165100098,,,,
5471,5471,13.316363334655762,,,,
5472,5472,13.432348251342773,,,,
5473,5473,13.192427635192871,,,,
5474,5474,13.259319305419922,,,,
5475,5475,13.096875190734863,,,,
5476,5476,13.112228393554688,,,,
5477,5477,13.01272201538086,,,,
5478,5478,13.054376602172852,,,,
5479,5479,,13.018373489379883,,,
5479,5479,13.018373489379883,,,,
5480,5480,13.091224670410156,,,,
5481,5481,13.106804847717285,,,,
5482,5482,13.163082122802734,,,,
5483,5483,13.146403312683105,,,,
5484,5484,13.228609085083008,,,,
5485,5485,13.147907257080078,,,,
5486,5486,13.089856147766113,,,,
5487,5487,12.885255813598633,,,,
5488,5488,12.921409606933594,,,,
5489,5489,,12.773849487304688,,,
5489,5489,12.773849487304688,,,,
5490,5490,12.858492851257324,,,,
5491,5491,12.781880378723145,,,,
5492,5492,12.928696632385254,,,,
5493,5493,12.962040901184082,,,,
5494,5494,13.18974494934082,,,,
5495,5495,13.192096710205078,,,,
5496,5496,13.599776268005371,,,,
5497,5497,13.436285018920898,,,,
5498,5498,13.825243949890137,,,,
5499,5499,,13.508549690246582,,,
5499,5499,,,0.2776336669921875,471.4499816894531,432.18603515625
5499,5499,13.508549690246582,,,,
5500,5500,13.706639289855957,,,,
5501,5501,13.245691299438477,,,,
5502,5502,13.31489086151123,,,,
5503,5503,12.981812477111816,,,,
5504,5504,12.963759422302246,,,,
5505,5505,12.824956893920898,,,,
5506,5506,12.899286270141602,,,,
5507,5507,12.859475135803223,,,,
5508,5508,12.95270824432373,,,,
5509,5509,,12.959047317504883,,,
5509,5509,12.959047317504883,,,,
5510,5510,13.088712692260742,,,,
5511,5511,13.06844425201416,,,,
5512,5512,13.246321678161621,,,,
5513,5513,13.129083633422852,,,,
5514,5514,13.34406852722168,,,,
5515,5515,13.148308753967285,,,,
5516,5516,13.272156715393066,,,,
5517,5517,13.072754859924316,,,,
5518,5518,13.122598648071289,,,,
5519,5519,,12.974088668823242,,,
5519,5519,12.974088668823242,,,,
5520,5520,12.982470512390137,,,,
5521,5521,12.888065338134766,,,,
5522,5522,12.746155738830566,,,,
5523,5523,12.759895324707031,,,,
5524,5524,12.581465721130371,,,,
5525,5525,12.521265029907227,,,,
5526,5526,12.43895435333252,,,,
5527,5527,12.40805435180664,,,,
5528,5528,12.407190322875977,,,,
5529,5529,,12.393814086914062,,,
5529,5529,12.393814086914062,,,,
5530,5530,12.463443756103516,,,,
5531,5531,12.531783103942871,,,,
5532,5532,12.685429573059082,,,,
5533,5533,12.953392028808594,,,,
5534,5534,13.536396026611328,,,,
5535,5535,13.764156341552734,,,,
5536,5536,14.831369400024414,,,,
5537,5537,14.340179443359375,,,,
5538,5538,14.997832298278809,,,,
5539,5539,,13.941462516784668,,,
5539,5539,13.941462516784668,,,,
5540,5540,13.820701599121094,,,,
5541,5541,13.159432411193848,,,,
5542,5542,12.744463920593262,,,,
5543,5543,12.451484680175781,,,,
5544,5544,12.288994789123535,,,,
5545,5545,12.20631217956543,,,,
5546,5546,12.205305099487305,,,,
5547,5547,12.403196334838867,,,,
5548,5548,12.548152923583984,,,,
5549,5549,,12.818010330200195,,,
5549,5549,12.818010330200195,,,,
5550,5550,13.032410621643066,,,,
5551,5551,13.548554420471191,,,,
5552,5552,13.687919616699219,,,,
5553,5553,14.770444869995117,,,,
5554,5554,14.255684852600098,,,,
5555,5555,14.859212875366211,,,,
5556,5556,13.71142292022705,,,,
5557,5557,13.460989952087402,,,,
5558,5558,12.879329681396484,,,,
5559,5559,,12.640049934387207,,,
5559,5559,12.640049934387207,,,,
5560,5560,12.435195922851562,,,,
5561,5561,12.272107124328613,,,,
5562,5562,12.194780349731445,,,,
5563,5563,12.162201881408691,,,,
5564,5564,12.13997745513916,,,,
5565,5565,12.163553237915039,,,,
5566,5566,12.184234619140625,,,,
5567,5567,12.238965034484863,,,,
5568,5568,12.232678413391113,,,,
5569,5569,,12.24179458618164,,,
5569,5569,12.24179458618164,,,,
5570,5570,12.20916748046875,,,,
5571,5571,12.235418319702148,,,,
5572,5572,12.167140007019043,,,,
5573,5573,12.210784912109375,,,,
5574,5574,12.137308120727539,,,,
5575,5575,12.178027153015137,,,,
5576,5576,12.14214038848877,,,,
5577,5577,12.179410934448242,,,,
5578,5578,12.153053283691406,,,,
5579,5579,,12.202658653259277,,,
5579,5579,12.202658653259277,,,,
5580,5580,12.233589172363281,,,,
5581,5581,12.316812515258789,,,,
5582,5582,12.532470703125,,,,
5583,5583,12.820765495300293,,,,
5584,5584,13.904037475585938,,,,
5585,5585,14.628121376037598,,,,
5586,5586,17.636859893798828,,,,
5587,5587,15.60244083404541,,,,
5588,5588,16.41181182861328,,,,
5589,5589,,13.848723411560059,,,
5589,5589,13.848723411560059,,,,
5590,5590,13.035282135009766,,,,
5591,5591,12.41148853302002,,,,
5592,5592,12.219810485839844,,,,
5593,5593,12.126969337463379,,,,
5594,5594,12.1381254196167,,,,
5595,5595,12.181632995605469,,,,
5596,5596,12.309069633483887,,,,
5597,5597,12.580343246459961,,,,
5598,5598,12.804780006408691,,,,
5599,5599,,13.419713973999023,,,
5599,5599,13.419713973999023,,,,
5600,5600,13.775773048400879,,,,
5601,5601,15.288866996765137,,,,
5602,5602,14.546313285827637,,,,
5603,5603,15.716568946838379,,,,
5604,5604,13.962095260620117,,,,
5605,5605,13.629740715026855,,,,
5606,5606,12.788227081298828,,,,
5607,5607,12.544179916381836,,,,
5608,5608,12.343306541442871,,,,
5609,5609,,12.288361549377441,,,
5609,5609,12.288361549377441,,,,
5610,5610,12.184637069702148,,,,
5611,5611,12.195780754089355,,,,
5612,5612,12.16561222076416,,,,
5613,5613,12.1756591796875,,,,
5614,5614,12.159589767456055,,,,
5615,5615,12.228232383728027,,,,
5616,5616,12.223408699035645,,,,
5617,5617,12.381123542785645,,,,
5618,5618,12.322480201721191,,,,
5619,5619,,12.700309753417969,,,
5619,5619,12.700309753417969,,,,
5620,5620,12.765556335449219,,,,
5621,5621,13.565579414367676,,,,
5622,5622,13.891744613647461,,,,
5623,5623,15.71134090423584,,,,
5624,5624,14.896942138671875,,,,
5625,5625,16.352693557739258,,,,
5626,5626,14.271981239318848,,,,
5627,5627,13.994205474853516,,,,
5628,5628,12.768760681152344,,,,
5629,5629,,12.39573860168457,,,
5629,5629,12.39573860168457,,,,
5630,5630,12.151386260986328,,,,
5631,5631,12.112621307373047,,,,
5632,5632,12.177070617675781,,,,
5633,5633,12.293272018432617,,,,
5634,5634,12.758206367492676,,,,
5635,5635,12.897132873535156,,,,
5636,5636,13.734432220458984,,,,
5637,5637,13.726408004760742,,,,
5638,5638,14.799604415893555,,,,
5639,5639,,14.129914283752441,,,
5639,5639,14.129914283752441,,,,
5640,5640,14.898233413696289,,,,
5641,5641,13.755522727966309,,,,
5642,5642,13.724942207336426,,,,
5643,5643,12.855668067932129,,,,
5644,5644,12.681918144226074,,,,
5645,5645,12.351576805114746,,,,
5646,5646,12.34859561920166,,,,
5647,5647,12.200397491455078,,,,
5648,5648,12.132929801940918,,,,
5649,5649,,12.118985176086426,,,
5649,5649,12.118985176086426,,,,
5650,5650,12.080218315124512,,,,
5651,5651,12.080926895141602,,,,
5652,5652,12.086578369140625,,,,
5653,5653,12.096159934997559,,,,
5654,5654,12.048907279968262,,,,
5655,5655,12.127286911010742,,,,
5656,5656,12.16193675994873,,,,
5657,5657,12.20505142211914,,,,
5658,5658,12.475848197937012,,,,
5659,5659,,12.597908020019531,,,
5659,5659,12.597908020019531,,,,
5660,5660,13.22391128540039,,,,
5661,5661,13.607649803161621,,,,
5662,5662,15.324344635009766,,,,
5663,5663,14.801198959350586,,,,
5664,5664,16.655561447143555,,,,
5665,5665,14.328513145446777,,,,
5666,5666,14.057924270629883,,,,
5667,5667,12.860548973083496,,,,
5668,5668,12.396829605102539,,,,
5669,5669,,12.158670425415039,,,
5669,5669,12.158670425415039,,,,
5670,5670,12.023482322692871,,,,
5671,5671,11.979589462280273,,,,
5672,5672,12.154580116271973,,,,
5673,5673,12.204477310180664,,,,
5674,5674,12.404897689819336,,,,
5675,5675,12.686336517333984,,,,
5676,5676,13.009432792663574,,,,
5677,5677,13.801865577697754,,,,
5678,5678,13.857681274414062,,,,
5679,5679,,15.391969680786133,,,
5679,5679,15.391969680786133,,,,
5680,5680,14.38911247253418,,,,
5681,5681,15.225825309753418,,,,
5682,5682,13.669965744018555,,,,
5683,5683,13.4098482131958,,,,
5684,5684,12.738511085510254,,,,
5685,5685,12.250700950622559,,,,
5686,5686,12.12891960144043,,,,
5687,5687,12.01052188873291,,,,
5688,5688,12.017294883728027,,,,
5689,5689,,12.307823181152344,,,
5689,5689,12.307823181152344,,,,
5690,5690,12.570244789123535,,,,
5691,5691,12.849502563476562,,,,
5692,5692,13.316070556640625,,,,
5693,5693,13.338406562805176,,,,
5694,5694,14.183326721191406,,,,
5695,5695,13.772390365600586,,,,
5696,5696,14.643768310546875,,,,
5697,5697,13.634515762329102,,,,
5698,5698,13.773355484008789,,,,
5699,5699,,12.980435371398926,,,
5699,5699,12.980435371398926,,,,
5700,5700,12.612638473510742,,,,
5701,5701,12.303608894348145,,,,
5702,5702,12.091423988342285,,,,
5703,5703,12.039193153381348,,,,
5704,5704,11.91553783416748,,,,
5705,5705,11.977970123291016,,,,
5706,5706,11.956872940063477,,,,
5707,5707,11.920696258544922,,,,
5708,5708,12.00113582611084,,,,
5709,5709,,11.983600616455078,,,
5709,5709,11.983600616455078,,,,
5710,5710,12.148505210876465,,,,
5711,5711,12.16639518737793,,,,
5712,5712,12.422350883483887,,,,
5713,5713,12.576303482055664,,,,
5714,5714,12.785774230957031,,,,
5715,5715,13.239386558532715,,,,
5716,5716,13.249716758728027,,,,
5717,5717,13.692086219787598,,,,
5718,5718,13.290979385375977,,,,
5719,5719,,13.475732803344727,,,
5719,5719,13.475732803344727,,,,
5720,5720,12.953351020812988,,,,
5721,5721,12.705211639404297,,,,
5722,5722,12.431640625,,,,
5723,5723,12.262332916259766,,,,
5724,5724,12.234280586242676,,,,
5725,5725,12.147378921508789,,,,
5726,5726,12.207795143127441,,,,
5727,5727,12.21735668182373,,,,
5728,5728,12.37568473815918,,,,
5729,5729,,12.503044128417969,,,
5729,5729,12.503044128417969,,,,
5730,5730,12.667205810546875,,,,
5731,5731,12.869175910949707,,,,
5732,5732,12.861330032348633,,,,
5733,5733,13.149530410766602,,,,
5734,5734,13.063246726989746,,,,
5735,5735,13.302364349365234,,,,
5736,5736,13.239692687988281,,,,
5737,5737,13.569535255432129,,,,
5738,5738,13.38039779663086,,,,
5739,5739,,13.671135902404785,,,
5739,5739,13.671135902404785,,,,
5740,5740,13.254741668701172,,,,
5741,5741,13.280447006225586,,,,
5742,5742,12.908945083618164,,,,
5743,5743,12.81018352508545,,,,
5744,5744,12.630324363708496,,,,
5745,5745,12.533890724182129,,,,
5746,5746,12.449254035949707,,,,
5747,5747,12.403056144714355,,,,
5748,5748,12.372210502624512,,,,
5749,5749,,12.280946731567383,,,
5749,5749,12.280946731567383,,,,
5750,5750,12.350935935974121,,,,
5751,5751,12.24267292022705,,,,
5752,5752,12.367067337036133,,,,
5753,5753,12.322749137878418,,,,
5754,5754,12.469616889953613,,,,
5755,5755,12.532437324523926,,,,
5756,5756,12.646035194396973,,,,
5757,5757,12.807981491088867,,,,
5758,5758,12.831689834594727,,,,
5759,5759,,13.17731761932373,,,
5759,5759,13.17731761932373,,,,
5760,5760,13.07506275177002,,,,
5761,5761,13.396666526794434,,,,
5762,5762,13.090550422668457,,,,
5763,5763,13.279533386230469,,,,
5764,5764,12.85744571685791,,,,
5765,5765,12.848028182983398,,,,
5766,5766,12.611902236938477,,,,
5767,5767,12.5005464553833,,,,
5768,5768,12.338651657104492,,,,
5769,5769,,12.202448844909668,,,
5769,5769,12.202448844909668,,,,
5770,5770,12.097806930541992,,,,
5771,5771,12.025914192199707,,,,
5772,5772,11.937902450561523,,,,
5773,5773,11.888672828674316,,,,
5774,5774,11.85892105102539,,,,
5775,5775,11.83653736114502,,,,
5776,5776,11.837512969970703,,,,
5777,5777,11.848697662353516,,,,
5778,5778,11.881638526916504,,,,
5779,5779,,11.84502124786377,,,
5779,5779,11.84502124786377,,,,
5780,5780,11.947691917419434,,,,
5781,5781,11.871194839477539,,,,
5782,5782,11.995926856994629,,,,
5783,5783,11.987557411193848,,,,
5784,5784,12.168500900268555,,,,
5785,5785,12.197378158569336,,,,
5786,5786,12.440040588378906,,,,
5787,5787,12.699016571044922,,,,
5788,5788,13.459179878234863,,,,
5789,5789,,13.693842887878418,,,
5789,5789,13.693842887878418,,,,
5790,5790,15.306321144104004,,,,
5791,5791,14.646495819091797,,,,
5792,5792,15.915465354919434,,,,
5793,5793,14.011309623718262,,,,
5794,5794,13.646791458129883,,,,
5795,5795,12.47754955291748,,,,
5796,5796,12.169800758361816,,,,
5797,5797,11.740924835205078,,,,
5798,5798,11.728658676147461,,,,
5799,5799,,11.73543643951416,,,
5799,5799,11.73543643951416,,,,
5800,5800,11.781086921691895,,,,
5801,5801,12.151778221130371,,,,
5802,5802,12.241308212280273,,,,
5803,5803,12.801149368286133,,,,
5804,5804,13.045907020568848,,,,
5805,5805,13.86072826385498,,,,
5806,5806,13.693470001220703,,,,
5807,5807,14.412233352661133,,,,
5808,5808,13.517240524291992,,,,
5809,5809,,13.549131393432617,,,
5809,5809,13.549131393432617,,,,
5810,5810,12.63976764678955,,,,
5811,5811,12.472704887390137,,,,
5812,5812,12.079511642456055,,,,
5813,5813,12.051850318908691,,,,
5814,5814,11.933398246765137,,,,
5815,5815,12.03487777709961,,,,
5816,5816,12.102789878845215,,,,
5817,5817,12.302836418151855,,,,
5818,5818,12.284799575805664,,,,
5819,5819,,12.535255432128906,,,
5819,5819,12.535255432128906,,,,
5820,5820,12.430318832397461,,,,
5821,5821,12.676860809326172,,,,
5822,5822,12.505905151367188,,,,
5823,5823,12.570574760437012,,,,
5824,5824,12.257468223571777,,,,
5825,5825,12.171085357666016,,,,
5826,5826,12.033157348632812,,,,
5827,5827,12.041388511657715,,,,
5828,5828,12.014932632446289,,,,
5829,5829,,12.205548286437988,,,
5829,5829,12.205548286437988,,,,
5830,5830,12.25223445892334,,,,
5831,5831,12.507497787475586,,,,
5832,5832,12.602856636047363,,,,
5833,5833,12.900581359863281,,,,
5834,5834,12.86881160736084,,,,
5835,5835,13.04703426361084,,,,
5836,5836,12.76986312866211,,,,
5837,5837,12.679231643676758,,,,
5838,5838,12.383442878723145,,,,
5839,5839,,12.278738975524902,,,
5839,5839,12.278738975524902,,,,
5840,5840,12.134645462036133,,,,
5841,5841,12.117648124694824,,,,
5842,5842,12.128199577331543,,,,
5843,5843,12.246431350708008,,,,
5844,5844,12.30904483795166,,,,
5845,5845,12.533435821533203,,,,
5846,5846,12.575576782226562,,,,
5847,5847,12.995560646057129,,,,
5848,5848,12.934045791625977,,,,
5849,5849,,13.5729398727417,,,
5849,5849,13.5729398727417,,,,
5850,5850,13.236784934997559,,,,
5851,5851,13.91303539276123,,,,
5852,5852,13.279589653015137,,,,
5853,5853,13.697220802307129,,,,
5854,5854,12.931022644042969,,,,
5855,5855,12.855769157409668,,,,
5856,5856,12.313382148742676,,,,
5857,5857,12.136520385742188,,,,
5858,5858,11.940741539001465,,,,
5859,5859,,11.919146537780762,,,
5859,5859,11.919146537780762,,,,
5860,5860,11.900798797607422,,,,
5861,5861,11.990195274353027,,,,
5862,5862,12.063973426818848,,,,
5863,5863,12.305031776428223,,,,
5864,5864,12.407059669494629,,,,
5865,5865,12.677404403686523,,,,
5866,5866,12.700340270996094,,,,
5867,5867,12.915977478027344,,,,
5868,5868,12.712892532348633,,,,
5869,5869,,12.700162887573242,,,
5869,5869,12.700162887573242,,,,
5870,5870,12.457093238830566,,,,
5871,5871,12.443841934204102,,,,
5872,5872,12.30942153930664,,,,
5873,5873,12.302659034729004,,,,
5874,5874,12.276050567626953,,,,
5875,5875,12.383949279785156,,,,
5876,5876,12.379037857055664,,,,
5877,5877,12.645905494689941,,,,
5878,5878,12.65552806854248,,,,
5879,5879,,13.228175163269043,,,
5879,5879,13.228175163269043,,,,
5880,5880,12.998066902160645,,,,
5881,5881,13.7468843460083,,,,
5882,5882,13.133395195007324,,,,
5883,5883,13.61071491241455,,,,
5884,5884,12.79902172088623,,,,
5885,5885,12.849248886108398,,,,
5886,5886,12.329917907714844,,,,
5887,5887,12.316970825195312,,,,
5888,5888,12.093794822692871,,,,
5889,5889,,12.066173553466797,,,
5889,5889,12.066173553466797,,,,
5890,5890,11.974136352539062,,,,
5891,5891,12.063207626342773,,,,
5892,5892,12.033145904541016,,,,
5893,5893,12.294207572937012,,,,
5894,5894,12.213976860046387,,,,
5895,5895,12.756999015808105,,,,
5896,5896,12.685392379760742,,,,
5897,5897,13.536720275878906,,,,
5898,5898,13.176568984985352,,,,
5899,5899,,14.040972709655762,,,
5899,5899,14.040972709655762,,,,
5900,5900,13.158477783203125,,,,
5901,5901,13.52138614654541,,,,
5902,5902,12.65913200378418,,,,
5903,5903,12.662019729614258,,,,
5904,5904,12.152917861938477,,,,
5905,5905,12.182036399841309,,,,
5906,5906,11.986337661743164,,,,
5907,5907,12.134354591369629,,,,
5908,5908,12.020832061767578,,,,
5909,5909,,12.431122779846191,,,
5909,5909,12.431122779846191,,,,
5910,5910,12.399828910827637,,,,
5911,5911,13.077945709228516,,,,
5912,5912,12.94276237487793,,,,
5913,5913,13.740072250366211,,,,
5914,5914,13.088998794555664,,,,
5915,5915,13.422889709472656,,,,
5916,5916,12.626256942749023,,,,
5917,5917,12.573002815246582,,,,
5918,5918,12.043705940246582,,,,
5919,5919,,12.020560264587402,,,
5919,5919,12.020560264587402,,,,
5920,5920,11.830683708190918,,,,
5921,5921,11.778735160827637,,,,
5922,5922,11.640115737915039,,,,
5923,5923,11.596405029296875,,,,
5924,5924,11.494485855102539,,,,
5925,5925,11.484162330627441,,,,
5926,5926,11.451700210571289,,,,
5927,5927,11.441191673278809,,,,
5928,5928,11.43125057220459,,,,
5929,5929,,11.440610885620117,,,
5929,5929,11.440610885620117,,,,
5930,5930,11.474747657775879,,,,
5931,5931,11.477556228637695,,,,
5932,5932,11.523604393005371,,,,
5933,5933,11.60562801361084,,,,
5934,5934,11.702305793762207,,,,
5935,5935,11.97164535522461,,,,
5936,5936,12.237622261047363,,,,
5937,5937,12.93320083618164,,,,
5938,5938,13.075374603271484,,,,
5939,5939,,14.50071907043457,,,
5939,5939,14.50071907043457,,,,
5940,5940,13.767476081848145,,,,
5941,5941,14.860699653625488,,,,
5942,5942,13.344412803649902,,,,
5943,5943,13.231432914733887,,,,
5944,5944,12.351053237915039,,,,
5945,5945,11.915881156921387,,,,
5946,5946,11.584733963012695,,,,
5947,5947,11.47264289855957,,,,
5948,5948,11.435457229614258,,,,
5949,5949,,11.409459114074707,,,
5949,5949,11.409459114074707,,,,
5950,5950,11.408772468566895,,,,
5951,5951,11.386404037475586,,,,
5952,5952,11.415099143981934,,,,
5953,5953,11.416378021240234,,,,
5954,5954,11.382322311401367,,,,
5955,5955,11.387507438659668,,,,
5956,5956,11.507594108581543,,,,
5957,5957,11.627958297729492,,,,
5958,5958,11.88996410369873,,,,
5959,5959,,12.104679107666016,,,
5959,5959,12.104679107666016,,,,
5960,5960,12.730314254760742,,,,
5961,5961,13.061429977416992,,,,
5962,5962,14.616999626159668,,,,
5963,5963,14.051517486572266,,,,
5964,5964,15.528963088989258,,,,
5965,5965,13.592841148376465,,,,
5966,5966,13.257706642150879,,,,
5967,5967,12.198405265808105,,,,
5968,5968,11.659010887145996,,,,
5969,5969,,11.44345474243164,,,
5969,5969,11.44345474243164,,,,
5970,5970,11.352437973022461,,,,
5971,5971,11.392014503479004,,,,
5972,5972,11.508759498596191,,,,
5973,5973,11.642693519592285,,,,
5974,5974,11.99524974822998,,,,
5975,5975,12.616477966308594,,,,
5976,5976,12.959226608276367,,,,
5977,5977,14.201103210449219,,,,
5978,5978,13.643288612365723,,,,
5979,5979,,14.47765064239502,,,
5979,5979,14.47765064239502,,,,
5980,5980,13.163370132446289,,,,
5981,5981,12.83941650390625,,,,
5982,5982,12.091239929199219,,,,
5983,5983,11.620594024658203,,,,
5984,5984,11.505467414855957,,,,
5985,5985,11.33440113067627,,,,
5986,5986,11.351762771606445,,,,
5987,5987,11.466423988342285,,,,
5988,5988,11.474425315856934,,,,
5989,5989,,11.679253578186035,,,
5989,5989,11.679253578186035,,,,
5990,5990,11.814793586730957,,,,
5991,5991,12.12419319152832,,,,
5992,5992,12.70544719696045,,,,
5993,5993,12.963312149047852,,,,
5994,5994,14.156085968017578,,,,
5995,5995,13.530083656311035,,,,
5996,5996,14.106762886047363,,,,
5997,5997,12.960670471191406,,,,
5998,5998,12.714659690856934,,,,
5999,5999,,12.16154956817627,,,
5999,5999,,,0.26936593651771545,443.78924560546875,432.18603515625
5999,5999,12.16154956817627,,,,
6000,6000,11.915895462036133,,,,
6001,6001,11.790145874023438,,,,
6002,6002,11.552468299865723,,,,
6003,6003,11.558773040771484,,,,
6004,6004,11.463577270507812,,,,
6005,6005,11.553994178771973,,,,
6006,6006,11.491326332092285,,,,
6007,6007,11.70964241027832,,,,
6008,6008,11.794516563415527,,,,
6009,6009,,12.103121757507324,,,
6009,6009,12.103121757507324,,,,
6010,6010,12.882160186767578,,,,
6011,6011,13.202816009521484,,,,
6012,6012,14.922067642211914,,,,
6013,6013,13.863487243652344,,,,
6014,6014,14.43756103515625,,,,
6015,6015,12.806154251098633,,,,
6016,6016,12.219563484191895,,,,
6017,6017,11.66827392578125,,,,
6018,6018,11.403082847595215,,,,
6019,6019,,11.357671737670898,,,
6019,6019,11.357671737670898,,,,
6020,6020,11.47446346282959,,,,
6021,6021,11.622411727905273,,,,
6022,6022,11.945225715637207,,,,
6023,6023,12.707077026367188,,,,
6024,6024,13.01819133758545,,,,
6025,6025,14.451104164123535,,,,
6026,6026,13.496463775634766,,,,
6027,6027,13.804732322692871,,,,
6028,6028,12.470917701721191,,,,
6029,6029,,12.068955421447754,,,
6029,6029,12.068955421447754,,,,
6030,6030,11.605921745300293,,,,
6031,6031,11.450132369995117,,,,
6032,6032,11.368340492248535,,,,
6033,6033,11.306061744689941,,,,
6034,6034,11.283370971679688,,,,
6035,6035,11.347272872924805,,,,
6036,6036,11.42835521697998,,,,
6037,6037,11.51429557800293,,,,
6038,6038,11.825130462646484,,,,
6039,6039,,12.206904411315918,,,
6039,6039,12.206904411315918,,,,
6040,6040,13.434886932373047,,,,
6041,6041,13.614680290222168,,,,
6042,6042,15.644956588745117,,,,
6043,6043,13.720686912536621,,,,
6044,6044,13.636184692382812,,,,
6045,6045,12.158343315124512,,,,
6046,6046,11.587102890014648,,,,
6047,6047,11.323606491088867,,,,
6048,6048,11.310480117797852,,,,
6049,6049,,11.516240119934082,,,
6049,6049,11.516240119934082,,,,
6050,6050,11.920882225036621,,,,
6051,6051,12.944164276123047,,,,
6052,6052,13.114568710327148,,,,
6053,6053,14.68852424621582,,,,
6054,6054,13.337783813476562,,,,
6055,6055,13.515954971313477,,,,
6056,6056,12.1980619430542,,,,
6057,6057,11.67192268371582,,,,
6058,6058,11.399596214294434,,,,
6059,6059,,11.263957023620605,,,
6059,6059,11.263957023620605,,,,
6060,6060,11.329790115356445,,,,
6061,6061,11.601875305175781,,,,
6062,6062,11.96068286895752,,,,
6063,6063,12.36743450164795,,,,
6064,6064,13.579206466674805,,,,
6065,6065,13.009466171264648,,,,
6066,6066,13.82802963256836,,,,
6067,6067,12.529568672180176,,,,
6068,6068,12.35525131225586,,,,
6069,6069,,11.694411277770996,,,
6069,6069,11.694411277770996,,,,
6070,6070,11.48083782196045,,,,
6071,6071,11.35357666015625,,,,
6072,6072,11.31006145477295,,,,
6073,6073,11.272974967956543,,,,
6074,6074,11.275647163391113,,,,
6075,6075,11.31775188446045,,,,
6076,6076,11.372185707092285,,,,
6077,6077,11.47390079498291,,,,
6078,6078,11.642613410949707,,,,
6079,6079,,11.86618423461914,,,
6079,6079,11.86618423461914,,,,
6080,6080,12.961823463439941,,,,
6081,6081,13.123208999633789,,,,
6082,6082,15.076156616210938,,,,
6083,6083,13.486526489257812,,,,
6084,6084,13.819890022277832,,,,
6085,6085,12.18947982788086,,,,
6086,6086,11.670710563659668,,,,
6087,6087,11.263997077941895,,,,
6088,6088,11.229681968688965,,,,
6089,6089,,11.396808624267578,,,
6089,6089,11.396808624267578,,,,
6090,6090,11.658498764038086,,,,
6091,6091,12.49681568145752,,,,
6092,6092,12.7218599319458,,,,
6093,6093,14.008673667907715,,,,
6094,6094,12.976275444030762,,,,
6095,6095,13.098760604858398,,,,
6096,6096,11.995820999145508,,,,
6097,6097,11.6309814453125,,,,
6098,6098,11.301650047302246,,,,
6099,6099,,11.192756652832031,,,
6099,6099,11.192756652832031,,,,
6100,6100,11.107466697692871,,,,
6101,6101,11.154522895812988,,,,
6102,6102,11.27780532836914,,,,
6103,6103,11.353084564208984,,,,
6104,6104,11.645612716674805,,,,
6105,6105,11.793190956115723,,,,
6106,6106,12.320923805236816,,,,
6107,6107,12.387322425842285,,,,
6108,6108,13.161630630493164,,,,
6109,6109,,12.684538841247559,,,
6109,6109,12.684538841247559,,,,
6110,6110,13.363593101501465,,,,
6111,6111,12.48536205291748,,,,
6112,6112,12.638725280761719,,,,
6113,6113,11.954890251159668,,,,
6114,6114,11.813562393188477,,,,
6115,6115,11.588517189025879,,,,
6116,6116,11.65222454071045,,,,
6117,6117,11.613794326782227,,,,
6118,6118,11.76226806640625,,,,
6119,6119,,11.86941146850586,,,
6119,6119,11.86941146850586,,,,
6120,6120,12.27302360534668,,,,
6121,6121,12.323347091674805,,,,
6122,6122,13.013373374938965,,,,
6123,6123,12.493273735046387,,,,
6124,6124,12.806422233581543,,,,
6125,6125,12.118978500366211,,,,
6126,6126,12.023998260498047,,,,
6127,6127,11.71530818939209,,,,
6128,6128,11.656846046447754,,,,
6129,6129,,11.599985122680664,,,
6129,6129,11.599985122680664,,,,
6130,6130,11.720730781555176,,,,
6131,6131,11.845006942749023,,,,
6132,6132,12.194136619567871,,,,
6133,6133,12.173855781555176,,,,
6134,6134,12.729287147521973,,,,
6135,6135,12.394952774047852,,,,
6136,6136,12.766677856445312,,,,
6137,6137,12.177613258361816,,,,
6138,6138,12.218998908996582,,,,
6139,6139,,11.867839813232422,,,
6139,6139,11.867839813232422,,,,
6140,6140,11.710962295532227,,,,
6141,6141,11.514802932739258,,,,
6142,6142,11.470532417297363,,,,
6143,6143,11.434642791748047,,,,
6144,6144,11.515969276428223,,,,
6145,6145,11.619664192199707,,,,
6146,6146,11.78182601928711,,,,
6147,6147,11.82740592956543,,,,
6148,6148,12.218095779418945,,,,
6149,6149,,12.116703987121582,,,
6149,6149,12.116703987121582,,,,
6150,6150,12.471965789794922,,,,
6151,6151,12.154942512512207,,,,
6152,6152,12.322159767150879,,,,
6153,6153,11.926705360412598,,,,
6154,6154,11.955907821655273,,,,
6155,6155,11.662606239318848,,,,
6156,6156,11.641858100891113,,,,
6157,6157,11.534350395202637,,,,
6158,6158,11.614378929138184,,,,
6159,6159,,11.57607650756836,,,
6159,6159,11.57607650756836,,,,
6160,6160,11.833776473999023,,,,
6161,6161,11.837590217590332,,,,
6162,6162,12.385597229003906,,,,
6163,6163,12.24055004119873,,,,
6164,6164,12.827399253845215,,,,
6165,6165,12.265314102172852,,,,
6166,6166,12.396858215332031,,,,
6167,6167,11.807747840881348,,,,
6168,6168,11.69814395904541,,,,
6169,6169,,11.405856132507324,,,
6169,6169,11.405856132507324,,,,
6170,6170,11.372511863708496,,,,
6171,6171,11.301745414733887,,,,
6172,6172,11.399859428405762,,,,
6173,6173,11.450139045715332,,,,
6174,6174,11.776793479919434,,,,
6175,6175,11.865760803222656,,,,
6176,6176,12.654253959655762,,,,
6177,6177,12.574658393859863,,,,
6178,6178,13.78095817565918,,,,
6179,6179,,12.864265441894531,,,
6179,6179,12.864265441894531,,,,
6180,6180,13.476404190063477,,,,
6181,6181,12.247673988342285,,,,
6182,6182,11.945816993713379,,,,
6183,6183,11.414896011352539,,,,
6184,6184,11.22707462310791,,,,
6185,6185,11.084003448486328,,,,
6186,6186,11.141641616821289,,,,
6187,6187,11.136188507080078,,,,
6188,6188,11.229621887207031,,,,
6189,6189,,11.300640106201172,,,
6189,6189,11.300640106201172,,,,
6190,6190,11.613932609558105,,,,
6191,6191,11.8322172164917,,,,
6192,6192,12.841865539550781,,,,
6193,6193,12.793450355529785,,,,
6194,6194,14.36999225616455,,,,
6195,6195,12.870701789855957,,,,
6196,6196,13.056828498840332,,,,
6197,6197,11.94547176361084,,,,
6198,6198,11.530877113342285,,,,
6199,6199,,11.237022399902344,,,
6199,6199,11.237022399902344,,,,
6200,6200,11.2027587890625,,,,
6201,6201,11.142461776733398,,,,
6202,6202,11.2089262008667,,,,
6203,6203,11.26636028289795,,,,
6204,6204,11.434999465942383,,,,
6205,6205,11.59795093536377,,,,
6206,6206,12.340044975280762,,,,
6207,6207,12.407702445983887,,,,
6208,6208,13.812344551086426,,,,
6209,6209,,12.909889221191406,,,
6209,6209,12.909889221191406,,,,
6210,6210,13.386003494262695,,,,
6211,6211,12.005668640136719,,,,
6212,6212,11.700794219970703,,,,
6213,6213,11.265176773071289,,,,
6214,6214,11.13188648223877,,,,
6215,6215,11.09866714477539,,,,
6216,6216,11.007940292358398,,,,
6217,6217,11.087503433227539,,,,
6218,6218,10.995016098022461,,,,
6219,6219,,11.08596134185791,,,
6219,6219,11.08596134185791,,,,
6220,6220,11.099923133850098,,,,
6221,6221,11.25968074798584,,,,
6222,6222,11.675732612609863,,,,
6223,6223,12.00560474395752,,,,
6224,6224,13.479788780212402,,,,
6225,6225,13.209875106811523,,,,
6226,6226,15.007180213928223,,,,
6227,6227,12.960577964782715,,,,
6228,6228,12.875248908996582,,,,
6229,6229,,11.607528686523438,,,
6229,6229,11.607528686523438,,,,
6230,6230,11.3231201171875,,,,
6231,6231,11.0518159866333,,,,
6232,6232,11.100528717041016,,,,
6233,6233,10.981758117675781,,,,
6234,6234,10.958858489990234,,,,
6235,6235,10.9600830078125,,,,
6236,6236,10.969289779663086,,,,
6237,6237,10.976422309875488,,,,
6238,6238,11.114544868469238,,,,
6239,6239,,11.090283393859863,,,
6239,6239,11.090283393859863,,,,
6240,6240,11.353215217590332,,,,
6241,6241,11.514391899108887,,,,
6242,6242,12.792170524597168,,,,
6243,6243,13.331143379211426,,,,
6244,6244,16.55162239074707,,,,
6245,6245,13.586662292480469,,,,
6246,6246,13.430038452148438,,,,
6247,6247,11.658068656921387,,,,
6248,6248,11.19119930267334,,,,
6249,6249,,10.9413480758667,,,
6249,6249,10.9413480758667,,,,
6250,6250,11.000279426574707,,,,
6251,6251,11.331085205078125,,,,
6252,6252,11.72887134552002,,,,
6253,6253,13.336413383483887,,,,
6254,6254,13.401277542114258,,,,
6255,6255,15.379611015319824,,,,
6256,6256,12.58419418334961,,,,
6257,6257,11.75779914855957,,,,
6258,6258,11.035618782043457,,,,
6259,6259,,10.990334510803223,,,
6259,6259,10.990334510803223,,,,
6260,6260,11.347232818603516,,,,
6261,6261,11.914937973022461,,,,
6262,6262,13.874468803405762,,,,
6263,6263,13.749089241027832,,,,
6264,6264,16.14504623413086,,,,
6265,6265,12.52444076538086,,,,
6266,6266,11.372742652893066,,,,
6267,6267,11.045674324035645,,,,
6268,6268,11.676308631896973,,,,
6269,6269,,13.75229549407959,,,
6269,6269,13.75229549407959,,,,
6270,6270,13.700030326843262,,,,
6271,6271,16.3024845123291,,,,
6272,6272,12.760801315307617,,,,
6273,6273,11.645517349243164,,,,
6274,6274,11.0358304977417,,,,
6275,6275,11.390180587768555,,,,
6276,6276,12.695882797241211,,,,
6277,6277,13.072896957397461,,,,
6278,6278,15.419866561889648,,,,
6279,6279,,12.828160285949707,,,
6279,6279,12.828160285949707,,,,
6280,6280,12.240497589111328,,,,
6281,6281,11.22807502746582,,,,
6282,6282,11.055830955505371,,,,
6283,6283,11.422674179077148,,,,
6284,6284,12.17789363861084,,,,
6285,6285,14.041871070861816,,,,
6286,6286,13.10679817199707,,,,
6287,6287,14.060945510864258,,,,
6288,6288,11.944967269897461,,,,
6289,6289,,11.224603652954102,,,
6289,6289,11.224603652954102,,,,
6290,6290,10.993300437927246,,,,
6291,6291,11.378643035888672,,,,
6292,6292,12.451251983642578,,,,
6293,6293,12.731422424316406,,,,
6294,6294,14.618342399597168,,,,
6295,6295,12.634103775024414,,,,
6296,6296,12.126522064208984,,,,
6297,6297,11.187053680419922,,,,
6298,6298,11.024741172790527,,,,
6299,6299,,11.387234687805176,,,
6299,6299,11.387234687805176,,,,
6300,6300,11.978433609008789,,,,
6301,6301,13.24061393737793,,,,
6302,6302,12.54848861694336,,,,
6303,6303,12.996798515319824,,,,
6304,6304,11.838454246520996,,,,
6305,6305,11.268808364868164,,,,
6306,6306,10.92662525177002,,,,
6307,6307,11.034770011901855,,,,
6308,6308,11.474169731140137,,,,
6309,6309,,12.057523727416992,,,
6309,6309,12.057523727416992,,,,
6310,6310,13.388020515441895,,,,
6311,6311,12.581207275390625,,,,
6312,6312,12.768654823303223,,,,
6313,6313,11.480134963989258,,,,
6314,6314,11.020196914672852,,,,
6315,6315,10.914572715759277,,,,
6316,6316,11.309351921081543,,,,
6317,6317,11.980681419372559,,,,
6318,6318,12.475686073303223,,,,
6319,6319,,14.418352127075195,,,
6319,6319,14.418352127075195,,,,
6320,6320,12.6143159866333,,,,
6321,6321,12.010176658630371,,,,
6322,6322,11.090590476989746,,,,
6323,6323,11.023785591125488,,,,
6324,6324,11.662196159362793,,,,
6325,6325,12.289684295654297,,,,
6326,6326,13.615921020507812,,,,
6327,6327,12.44168758392334,,,,
6328,6328,12.439973831176758,,,,
6329,6329,,11.511874198913574,,,
6329,6329,11.511874198913574,,,,
6330,6330,10.955140113830566,,,,
6331,6331,10.774956703186035,,,,
6332,6332,10.89385986328125,,,,
6333,6333,11.232964515686035,,,,
6334,6334,11.678960800170898,,,,
6335,6335,12.29167652130127,,,,
6336,6336,12.06966781616211,,,,
6337,6337,11.989566802978516,,,,
6338,6338,11.369481086730957,,,,
6339,6339,,10.944863319396973,,,
6339,6339,10.944863319396973,,,,
6340,6340,10.761959075927734,,,,
6341,6341,10.8148775100708,,,,
6342,6342,10.906094551086426,,,,
6343,6343,11.236811637878418,,,,
6344,6344,11.65762710571289,,,,
6345,6345,11.766229629516602,,,,
6346,6346,11.88422679901123,,,,
6347,6347,11.468870162963867,,,,
6348,6348,11.277974128723145,,,,
6349,6349,,11.102298736572266,,,
6349,6349,11.102298736572266,,,,
6350,6350,10.845868110656738,,,,
6351,6351,10.790979385375977,,,,
6352,6352,10.724909782409668,,,,
6353,6353,10.700101852416992,,,,
6354,6354,10.697644233703613,,,,
6355,6355,10.72369384765625,,,,
6356,6356,10.798126220703125,,,,
6357,6357,10.777641296386719,,,,
6358,6358,10.965551376342773,,,,
6359,6359,,11.01500415802002,,,
6359,6359,11.01500415802002,,,,
6360,6360,11.21359634399414,,,,
6361,6361,11.399373054504395,,,,
6362,6362,11.523185729980469,,,,
6363,6363,12.099052429199219,,,,
6364,6364,12.12241268157959,,,,
6365,6365,13.154210090637207,,,,
6366,6366,12.355315208435059,,,,
6367,6367,12.678484916687012,,,,
6368,6368,11.640366554260254,,,,
6369,6369,,11.087303161621094,,,
6369,6369,11.087303161621094,,,,
6370,6370,10.780388832092285,,,,
6371,6371,10.69040298461914,,,,
6372,6372,10.718413352966309,,,,
6373,6373,11.0072603225708,,,,
6374,6374,11.263190269470215,,,,
6375,6375,11.580583572387695,,,,
6376,6376,11.907565116882324,,,,
6377,6377,11.70564079284668,,,,
6378,6378,11.719889640808105,,,,
6379,6379,,11.381145477294922,,,
6379,6379,11.381145477294922,,,,
6380,6380,11.250740051269531,,,,
6381,6381,11.09864616394043,,,,
6382,6382,10.927447319030762,,,,
6383,6383,10.95391845703125,,,,
6384,6384,10.785260200500488,,,,
6385,6385,10.819269180297852,,,,
6386,6386,10.72297477722168,,,,
6387,6387,10.814003944396973,,,,
6388,6388,10.793787956237793,,,,
6389,6389,,10.997476577758789,,,
6389,6389,10.997476577758789,,,,
6390,6390,11.17417049407959,,,,
6391,6391,11.432323455810547,,,,
6392,6392,12.167593002319336,,,,
6393,6393,12.208104133605957,,,,
6394,6394,13.719592094421387,,,,
6395,6395,12.568363189697266,,,,
6396,6396,12.879090309143066,,,,
6397,6397,11.55344009399414,,,,
6398,6398,10.789298057556152,,,,
6399,6399,,10.59597110748291,,,
6399,6399,10.59597110748291,,,,
6400,6400,10.79273796081543,,,,
6401,6401,11.255330085754395,,,,
6402,6402,11.739813804626465,,,,
6403,6403,12.882220268249512,,,,
6404,6404,12.296985626220703,,,,
6405,6405,12.550568580627441,,,,
6406,6406,11.374131202697754,,,,
6407,6407,10.680634498596191,,,,
6408,6408,10.631756782531738,,,,
6409,6409,,11.277915954589844,,,
6409,6409,11.277915954589844,,,,
6410,6410,12.197649955749512,,,,
6411,6411,12.368236541748047,,,,
6412,6412,13.418912887573242,,,,
6413,6413,11.918973922729492,,,,
6414,6414,11.187785148620605,,,,
6415,6415,10.695199966430664,,,,
6416,6416,10.813802719116211,,,,
6417,6417,11.251073837280273,,,,
6418,6418,11.964555740356445,,,,
6419,6419,,13.523262023925781,,,
6419,6419,13.523262023925781,,,,
6420,6420,12.569242477416992,,,,
6421,6421,12.580296516418457,,,,
6422,6422,11.210428237915039,,,,
6423,6423,10.745826721191406,,,,
6424,6424,11.047972679138184,,,,
6425,6425,11.68206787109375,,,,
6426,6426,12.74551010131836,,,,
6427,6427,12.254287719726562,,,,
6428,6428,12.845465660095215,,,,
6429,6429,,11.679428100585938,,,
6429,6429,11.679428100585938,,,,
6430,6430,11.11889934539795,,,,
6431,6431,10.72020149230957,,,,
6432,6432,10.711832046508789,,,,
6433,6433,10.91589069366455,,,,
6434,6434,11.442161560058594,,,,
6435,6435,12.259475708007812,,,,
6436,6436,12.06704330444336,,,,
6437,6437,12.597414016723633,,,,
6438,6438,11.569866180419922,,,,
6439,6439,,10.966787338256836,,,
6439,6439,10.966787338256836,,,,
6440,6440,10.604065895080566,,,,
6441,6441,10.586362838745117,,,,
6442,6442,10.915643692016602,,,,
6443,6443,11.49238395690918,,,,
6444,6444,12.620325088500977,,,,
6445,6445,12.450713157653809,,,,
6446,6446,13.058944702148438,,,,
6447,6447,11.442486763000488,,,,
6448,6448,10.67794132232666,,,,
6449,6449,,10.743595123291016,,,
6449,6449,10.743595123291016,,,,
6450,6450,11.260666847229004,,,,
6451,6451,12.296424865722656,,,,
6452,6452,12.248064994812012,,,,
6453,6453,13.429915428161621,,,,
6454,6454,12.053772926330566,,,,
6455,6455,11.53258991241455,,,,
6456,6456,10.82579231262207,,,,
6457,6457,10.693034172058105,,,,
6458,6458,11.118009567260742,,,,
6459,6459,,11.731589317321777,,,
6459,6459,11.731589317321777,,,,
6460,6460,13.167951583862305,,,,
6461,6461,12.327789306640625,,,,
6462,6462,12.804967880249023,,,,
6463,6463,11.387728691101074,,,,
6464,6464,10.726696014404297,,,,
6465,6465,10.623023986816406,,,,
6466,6466,11.013912200927734,,,,
6467,6467,11.767899513244629,,,,
6468,6468,11.84618854522705,,,,
6469,6469,,12.746434211730957,,,
6469,6469,12.746434211730957,,,,
6470,6470,11.814779281616211,,,,
6471,6471,11.53795337677002,,,,
6472,6472,10.774312019348145,,,,
6473,6473,10.580031394958496,,,,
6474,6474,10.84089183807373,,,,
6475,6475,11.299909591674805,,,,
6476,6476,12.511725425720215,,,,
6477,6477,12.17801284790039,,,,
6478,6478,13.205370903015137,,,,
6479,6479,,11.67911148071289,,,
6479,6479,11.67911148071289,,,,
6480,6480,10.965789794921875,,,,
6481,6481,10.605096817016602,,,,
6482,6482,10.725837707519531,,,,
6483,6483,11.49355411529541,,,,
6484,6484,11.951305389404297,,,,
6485,6485,13.668456077575684,,,,
6486,6486,12.449784278869629,,,,
6487,6487,12.51965045928955,,,,
6488,6488,10.95800495147705,,,,
6489,6489,,10.584568977355957,,,
6489,6489,10.584568977355957,,,,
6490,6490,10.82021427154541,,,,
6491,6491,11.437521934509277,,,,
6492,6492,12.819257736206055,,,,
6493,6493,12.09512996673584,,,,
6494,6494,12.416983604431152,,,,
6495,6495,11.141525268554688,,,,
6496,6496,10.708632469177246,,,,
6497,6497,10.46816349029541,,,,
6498,6498,10.684571266174316,,,,
6499,6499,,11.339303970336914,,,
6499,6499,,,0.25635218620300293,401.9438781738281,401.9438781738281
6499,6499,11.339303970336914,,,,
6500,6500,11.6763334274292,,,,
6501,6501,13.041866302490234,,,,
6502,6502,12.114404678344727,,,,
6503,6503,12.07685375213623,,,,
6504,6504,10.85180377960205,,,,
6505,6505,10.471896171569824,,,,
6506,6506,10.609127044677734,,,,
6507,6507,10.992934226989746,,,,
6508,6508,11.83540153503418,,,,
6509,6509,,11.82520866394043,,,
6509,6509,11.82520866394043,,,,
6510,6510,12.805986404418945,,,,
6511,6511,11.824968338012695,,,,
6512,6512,11.444933891296387,,,,
6513,6513,10.633283615112305,,,,
6514,6514,10.449707984924316,,,,
6515,6515,10.917130470275879,,,,
6516,6516,11.396162986755371,,,,
6517,6517,12.516407012939453,,,,
6518,6518,12.021839141845703,,,,
6519,6519,,12.628103256225586,,,
6519,6519,12.628103256225586,,,,
6520,6520,11.397067070007324,,,,
6521,6521,10.713308334350586,,,,
6522,6522,10.430094718933105,,,,
6523,6523,10.806717872619629,,,,
6524,6524,11.677412986755371,,,,
6525,6525,12.049473762512207,,,,
6526,6526,13.641729354858398,,,,
6527,6527,12.166942596435547,,,,
6528,6528,11.872238159179688,,,,
6529,6529,,10.788052558898926,,,
6529,6529,10.788052558898926,,,,
6530,6530,10.46403980255127,,,,
6531,6531,10.801251411437988,,,,
6532,6532,11.200604438781738,,,,
6533,6533,11.972882270812988,,,,
6534,6534,11.597824096679688,,,,
6535,6535,11.975467681884766,,,,
6536,6536,11.218795776367188,,,,
6537,6537,10.801470756530762,,,,
6538,6538,10.469515800476074,,,,
6539,6539,,10.498985290527344,,,
6539,6539,10.498985290527344,,,,
6540,6540,10.93580150604248,,,,
6541,6541,11.299193382263184,,,,
6542,6542,12.195867538452148,,,,
6543,6543,11.828313827514648,,,,
6544,6544,12.37816333770752,,,,
6545,6545,11.245800971984863,,,,
6546,6546,10.65050983428955,,,,
6547,6547,10.404804229736328,,,,
6548,6548,10.530932426452637,,,,
6549,6549,,11.149055480957031,,,
6549,6549,11.149055480957031,,,,
6550,6550,11.604626655578613,,,,
6551,6551,13.27839469909668,,,,
6552,6552,12.402814865112305,,,,
6553,6553,12.495046615600586,,,,
6554,6554,10.887417793273926,,,,
6555,6555,10.526904106140137,,,,
6556,6556,11.228726387023926,,,,
6557,6557,11.788376808166504,,,,
6558,6558,13.14192008972168,,,,
6559,6559,,11.813472747802734,,,
6559,6559,11.813472747802734,,,,
6560,6560,11.484210968017578,,,,
6561,6561,10.706324577331543,,,,
6562,6562,10.271299362182617,,,,
6563,6563,10.330204963684082,,,,
6564,6564,10.626849174499512,,,,
6565,6565,11.11999797821045,,,,
6566,6566,11.269682884216309,,,,
6567,6567,12.155062675476074,,,,
6568,6568,11.69330883026123,,,,
6569,6569,,11.927839279174805,,,
6569,6569,11.927839279174805,,,,
6570,6570,11.02915096282959,,,,
6571,6571,10.505758285522461,,,,
6572,6572,10.273837089538574,,,,
6573,6573,10.49392318725586,,,,
6574,6574,11.002979278564453,,,,
6575,6575,11.395524024963379,,,,
6576,6576,12.809712409973145,,,,
6577,6577,12.076870918273926,,,,
6578,6578,12.352747917175293,,,,
6579,6579,,10.974032402038574,,,
6579,6579,10.974032402038574,,,,
6580,6580,10.374066352844238,,,,
6581,6581,10.368310928344727,,,,
6582,6582,10.882102966308594,,,,
6583,6583,11.739748001098633,,,,
6584,6584,11.788091659545898,,,,
6585,6585,12.921053886413574,,,,
6586,6586,11.766206741333008,,,,
6587,6587,11.449566841125488,,,,
6588,6588,10.648165702819824,,,,
6589,6589,,10.473090171813965,,,
6589,6589,10.473090171813965,,,,
6590,6590,10.867538452148438,,,,
6591,6591,11.285037994384766,,,,
6592,6592,12.317157745361328,,,,
6593,6593,11.817729949951172,,,,
6594,6594,12.336932182312012,,,,
6595,6595,11.194441795349121,,,,
6596,6596,10.731136322021484,,,,
6597,6597,10.420306205749512,,,,
6598,6598,10.45613956451416,,,,
6599,6599,,10.770501136779785,,,
6599,6599,10.770501136779785,,,,
6600,6600,11.041016578674316,,,,
6601,6601,11.768112182617188,,,,
6602,6602,11.591119766235352,,,,
6603,6603,12.184450149536133,,,,
6604,6604,11.109251976013184,,,,
6605,6605,10.654640197753906,,,,
6606,6606,10.271803855895996,,,,
6607,6607,10.410516738891602,,,,
6608,6608,10.824609756469727,,,,
6609,6609,,11.189786911010742,,,
6609,6609,11.189786911010742,,,,
6610,6610,12.183300018310547,,,,
6611,6611,11.809457778930664,,,,
6612,6612,12.33934497833252,,,,
6613,6613,11.058212280273438,,,,
6614,6614,10.447242736816406,,,,
6615,6615,10.327316284179688,,,,
6616,6616,10.72645378112793,,,,
6617,6617,11.65061092376709,,,,
6618,6618,11.821086883544922,,,,
6619,6619,,13.111899375915527,,,
6619,6619,13.111899375915527,,,,
6620,6620,11.706628799438477,,,,
6621,6621,11.22370433807373,,,,
6622,6622,10.424572944641113,,,,
6623,6623,10.360353469848633,,,,
6624,6624,10.77436351776123,,,,
6625,6625,11.068570137023926,,,,
6626,6626,11.909867286682129,,,,
6627,6627,11.60470199584961,,,,
6628,6628,12.298074722290039,,,,
6629,6629,,11.27750015258789,,,
6629,6629,11.27750015258789,,,,
6630,6630,10.891508102416992,,,,
6631,6631,10.33215045928955,,,,
6632,6632,10.253530502319336,,,,
6633,6633,10.493390083312988,,,,
6634,6634,10.882685661315918,,,,
6635,6635,11.750436782836914,,,,
6636,6636,11.7843599319458,,,,
6637,6637,12.984230995178223,,,,
6638,6638,11.544431686401367,,,,
6639,6639,,11.038766860961914,,,
6639,6639,11.038766860961914,,,,
6640,6640,10.404415130615234,,,,
6641,6641,10.269434928894043,,,,
6642,6642,10.499724388122559,,,,
6643,6643,11.002103805541992,,,,
6644,6644,11.948480606079102,,,,
6645,6645,11.88605785369873,,,,
6646,6646,13.344154357910156,,,,
6647,6647,11.681264877319336,,,,
6648,6648,11.037315368652344,,,,
6649,6649,,10.374363899230957,,,
6649,6649,10.374363899230957,,,,
6650,6650,10.435687065124512,,,,
6651,6651,10.995601654052734,,,,
6652,6652,11.356396675109863,,,,
6653,6653,12.826494216918945,,,,
6654,6654,11.890494346618652,,,,
6655,6655,12.46184253692627,,,,
6656,6656,11.018991470336914,,,,
6657,6657,10.3373441696167,,,,
6658,6658,10.190000534057617,,,,
6659,6659,,10.607386589050293,,,
6659,6659,10.607386589050293,,,,
6660,6660,11.423675537109375,,,,
6661,6661,11.435761451721191,,,,
6662,6662,12.62431526184082,,,,
6663,6663,11.645915985107422,,,,
6664,6664,11.691475868225098,,,,
6665,6665,10.638893127441406,,,,
6666,6666,10.20461368560791,,,,
6667,6667,10.219797134399414,,,,
6668,6668,10.608123779296875,,,,
6669,6669,,11.47455883026123,,,
6669,6669,11.47455883026123,,,,
6670,6670,11.543394088745117,,,,
6671,6671,13.109445571899414,,,,
6672,6672,11.901619911193848,,,,
6673,6673,11.823736190795898,,,,
6674,6674,10.537275314331055,,,,
6675,6675,10.271553039550781,,,,
6676,6676,10.728215217590332,,,,
6677,6677,11.17963695526123,,,,
6678,6678,12.608187675476074,,,,
6679,6679,,11.954444885253906,,,
6679,6679,11.954444885253906,,,,
6680,6680,12.925543785095215,,,,
6681,6681,11.488011360168457,,,,
6682,6682,10.899550437927246,,,,
6683,6683,10.214041709899902,,,,
6684,6684,10.308856964111328,,,,
6685,6685,11.069462776184082,,,,
6686,6686,11.432571411132812,,,,
6687,6687,13.111917495727539,,,,
6688,6688,12.03040885925293,,,,
6689,6689,,12.54049301147461,,,
6689,6689,12.54049301147461,,,,
6690,6690,10.968459129333496,,,,
6691,6691,10.347416877746582,,,,
6692,6692,10.195146560668945,,,,
6693,6693,10.647771835327148,,,,
6694,6694,11.854430198669434,,,,
6695,6695,11.872118949890137,,,,
6696,6696,13.366044044494629,,,,
6697,6697,11.73347282409668,,,,
6698,6698,11.393004417419434,,,,
6699,6699,,10.385168075561523,,,
6699,6699,10.385168075561523,,,,
6700,6700,10.130414962768555,,,,
6701,6701,10.274452209472656,,,,
6702,6702,10.569608688354492,,,,
6703,6703,11.326489448547363,,,,
6704,6704,11.136381149291992,,,,
6705,6705,12.054665565490723,,,,
6706,6706,11.261998176574707,,,,
6707,6707,11.092883110046387,,,,
6708,6708,10.298215866088867,,,,
6709,6709,,10.06476879119873,,,
6709,6709,10.06476879119873,,,,
6710,6710,10.23887825012207,,,,
6711,6711,10.628287315368652,,,,
6712,6712,11.616239547729492,,,,
6713,6713,11.516039848327637,,,,
6714,6714,12.790014266967773,,,,
6715,6715,11.48993968963623,,,,
6716,6716,11.07991886138916,,,,
6717,6717,10.25922679901123,,,,
6718,6718,10.151542663574219,,,,
6719,6719,,10.45477294921875,,,
6719,6719,10.45477294921875,,,,
6720,6720,10.828740119934082,,,,
6721,6721,11.827618598937988,,,,
6722,6722,11.39028263092041,,,,
6723,6723,12.053401947021484,,,,
6724,6724,10.945769309997559,,,,
6725,6725,10.410998344421387,,,,
6726,6726,10.102433204650879,,,,
6727,6727,10.253165245056152,,,,
6728,6728,10.994813919067383,,,,
6729,6729,,11.134815216064453,,,
6729,6729,11.134815216064453,,,,
6730,6730,12.272894859313965,,,,
6731,6731,11.45155143737793,,,,
6732,6732,11.818448066711426,,,,
6733,6733,10.563328742980957,,,,
6734,6734,10.106643676757812,,,,
6735,6735,10.08840560913086,,,,
6736,6736,10.435847282409668,,,,
6737,6737,11.33280086517334,,,,
6738,6738,11.251651763916016,,,,
6739,6739,,12.640490531921387,,,
6739,6739,12.640490531921387,,,,
6740,6740,11.540207862854004,,,,
6741,6741,11.689997673034668,,,,
6742,6742,10.38547420501709,,,,
6743,6743,10.108182907104492,,,,
6744,6744,10.28518295288086,,,,
6745,6745,10.656800270080566,,,,
6746,6746,11.893967628479004,,,,
6747,6747,11.496702194213867,,,,
6748,6748,12.735599517822266,,,,
6749,6749,,11.228699684143066,,,
6749,6749,11.228699684143066,,,,
6750,6750,10.653200149536133,,,,
6751,6751,10.098245620727539,,,,
6752,6752,10.220706939697266,,,,
6753,6753,11.04015827178955,,,,
6754,6754,10.994653701782227,,,,
6755,6755,12.091739654541016,,,,
6756,6756,11.109990119934082,,,,
6757,6757,11.303366661071777,,,,
6758,6758,10.31777286529541,,,,
6759,6759,,10.117823600769043,,,
6759,6759,10.117823600769043,,,,
6760,6760,9.963750839233398,,,,
6761,6761,10.077290534973145,,,,
6762,6762,10.48992919921875,,,,
6763,6763,10.778233528137207,,,,
6764,6764,12.075319290161133,,,,
6765,6765,11.541098594665527,,,,
6766,6766,12.17397689819336,,,,
6767,6767,10.690925598144531,,,,
6768,6768,10.150720596313477,,,,
6769,6769,,10.062498092651367,,,
6769,6769,10.062498092651367,,,,
6770,6770,10.375813484191895,,,,
6771,6771,11.485114097595215,,,,
6772,6772,11.471638679504395,,,,
6773,6773,12.962301254272461,,,,
6774,6774,11.3678617477417,,,,
6775,6775,10.761102676391602,,,,
6776,6776,10.041719436645508,,,,
6777,6777,10.106518745422363,,,,
6778,6778,10.808549880981445,,,,
6779,6779,,11.03587532043457,,,
6779,6779,11.03587532043457,,,,
6780,6780,12.155425071716309,,,,
6781,6781,11.245185852050781,,,,
6782,6782,11.291723251342773,,,,
6783,6783,10.332826614379883,,,,
6784,6784,9.938794136047363,,,,
6785,6785,10.0506010055542,,,,
6786,6786,10.360762596130371,,,,
6787,6787,11.048307418823242,,,,
6788,6788,11.078394889831543,,,,
6789,6789,,12.180002212524414,,,
6789,6789,12.180002212524414,,,,
6790,6790,11.19410228729248,,,,
6791,6791,11.091259956359863,,,,
6792,6792,10.198368072509766,,,,
6793,6793,9.921904563903809,,,,
6794,6794,10.071081161499023,,,,
6795,6795,10.33969497680664,,,,
6796,6796,11.020164489746094,,,,
6797,6797,11.040282249450684,,,,
6798,6798,11.898416519165039,,,,
6799,6799,,11.109508514404297,,,
6799,6799,11.109508514404297,,,,
6800,6800,10.922511100769043,,,,
6801,6801,10.165492057800293,,,,
6802,6802,9.906310081481934,,,,
6803,6803,10.000616073608398,,,,
6804,6804,10.238208770751953,,,,
6805,6805,10.783454895019531,,,,
6806,6806,10.878206253051758,,,,
6807,6807,11.400033950805664,,,,
6808,6808,10.727137565612793,,,,
6809,6809,,10.417285919189453,,,
6809,6809,10.417285919189453,,,,
6810,6810,10.01003360748291,,,,
6811,6811,9.868491172790527,,,,
6812,6812,10.012866020202637,,,,
6813,6813,10.291444778442383,,,,
6814,6814,10.786779403686523,,,,
6815,6815,10.938774108886719,,,,
6816,6816,11.595033645629883,,,,
6817,6817,10.869236946105957,,,,
6818,6818,10.558699607849121,,,,
6819,6819,,10.076027870178223,,,
6819,6819,10.076027870178223,,,,
6820,6820,9.794702529907227,,,,
6821,6821,9.889636993408203,,,,
6822,6822,10.123482704162598,,,,
6823,6823,10.588711738586426,,,,
6824,6824,10.964537620544434,,,,
6825,6825,12.071525573730469,,,,
6826,6826,11.304027557373047,,,,
6827,6827,11.350296974182129,,,,
6828,6828,10.341177940368652,,,,
6829,6829,,9.850703239440918,,,
6829,6829,9.850703239440918,,,,
6830,6830,9.885849952697754,,,,
6831,6831,10.404363632202148,,,,
6832,6832,11.497900009155273,,,,
6833,6833,11.724085807800293,,,,
6834,6834,14.50406265258789,,,,
6835,6835,11.930418014526367,,,,
6836,6836,11.158710479736328,,,,
6837,6837,10.018403053283691,,,,
6838,6838,10.487308502197266,,,,
6839,6839,,11.998064041137695,,,
6839,6839,11.998064041137695,,,,
6840,6840,11.506820678710938,,,,
6841,6841,11.955375671386719,,,,
6842,6842,10.648544311523438,,,,
6843,6843,10.07424259185791,,,,
6844,6844,9.864641189575195,,,,
6845,6845,9.93095588684082,,,,
6846,6846,10.204864501953125,,,,
6847,6847,10.650812149047852,,,,
6848,6848,11.795604705810547,,,,
6849,6849,,11.509894371032715,,,
6849,6849,11.509894371032715,,,,
6850,6850,13.174674987792969,,,,
6851,6851,11.312666893005371,,,,
6852,6852,10.888635635375977,,,,
6853,6853,10.057870864868164,,,,
6854,6854,9.922252655029297,,,,
6855,6855,10.325037002563477,,,,
6856,6856,10.90140151977539,,,,
6857,6857,12.709585189819336,,,,
6858,6858,11.851044654846191,,,,
6859,6859,,12.961820602416992,,,
6859,6859,12.961820602416992,,,,
6860,6860,10.729963302612305,,,,
6861,6861,9.948138236999512,,,,
6862,6862,10.056784629821777,,,,
6863,6863,10.557466506958008,,,,
6864,6864,11.875123977661133,,,,
6865,6865,11.389727592468262,,,,
6866,6866,12.727049827575684,,,,
6867,6867,11.077868461608887,,,,
6868,6868,10.568567276000977,,,,
6869,6869,,9.867234230041504,,,
6869,6869,9.867234230041504,,,,
6870,6870,10.182188034057617,,,,
6871,6871,11.173649787902832,,,,
6872,6872,11.168652534484863,,,,
6873,6873,12.792098999023438,,,,
6874,6874,11.399921417236328,,,,
6875,6875,11.923382759094238,,,,
6876,6876,10.535361289978027,,,,
6877,6877,10.064751625061035,,,,
6878,6878,9.76012897491455,,,,
6879,6879,,9.886957168579102,,,
6879,6879,9.886957168579102,,,,
6880,6880,10.444388389587402,,,,
6881,6881,10.876856803894043,,,,
6882,6882,13.272344589233398,,,,
6883,6883,12.100333213806152,,,,
6884,6884,13.226225852966309,,,,
6885,6885,10.509716987609863,,,,
6886,6886,9.901432037353516,,,,
6887,6887,10.927803039550781,,,,
6888,6888,11.31383991241455,,,,
6889,6889,,12.861085891723633,,,
6889,6889,12.861085891723633,,,,
6890,6890,11.06252670288086,,,,
6891,6891,10.770750045776367,,,,
6892,6892,9.93509292602539,,,,
6893,6893,9.703483581542969,,,,
6894,6894,9.6919527053833,,,,
6895,6895,9.871332168579102,,,,
6896,6896,10.582260131835938,,,,
6897,6897,11.118412017822266,,,,
6898,6898,13.916666984558105,,,,
6899,6899,,11.90491771697998,,,
6899,6899,11.90491771697998,,,,
6900,6900,11.960676193237305,,,,
6901,6901,10.072108268737793,,,,
6902,6902,9.980175018310547,,,,
6903,6903,11.289640426635742,,,,
6904,6904,11.29577922821045,,,,
6905,6905,12.75333309173584,,,,
6906,6906,10.957112312316895,,,,
6907,6907,10.72877025604248,,,,
6908,6908,9.926839828491211,,,,
6909,6909,,9.618612289428711,,,
6909,6909,9.618612289428711,,,,
6910,6910,9.804315567016602,,,,
6911,6911,10.248692512512207,,,,
6912,6912,11.83261775970459,,,,
6913,6913,11.741314888000488,,,,
6914,6914,14.747554779052734,,,,
6915,6915,11.225836753845215,,,,
6916,6916,9.967391014099121,,,,
6917,6917,10.095124244689941,,,,
6918,6918,10.963717460632324,,,,
6919,6919,,12.585770606994629,,,
6919,6919,12.585770606994629,,,,
6920,6920,10.909614562988281,,,,
6921,6921,10.263056755065918,,,,
6922,6922,9.700165748596191,,,,
6923,6923,9.813377380371094,,,,
6924,6924,10.415945053100586,,,,
6925,6925,11.090941429138184,,,,
6926,6926,14.013819694519043,,,,
6927,6927,11.877346992492676,,,,
6928,6928,11.765701293945312,,,,
6929,6929,,9.986080169677734,,,
6929,6929,9.986080169677734,,,,
6930,6930,10.134861946105957,,,,
6931,6931,11.627031326293945,,,,
6932,6932,11.29928207397461,,,,
6933,6933,12.187024116516113,,,,
6934,6934,10.488106727600098,,,,
6935,6935,9.805964469909668,,,,
6936,6936,9.676803588867188,,,,
6937,6937,10.050447463989258,,,,
6938,6938,11.070006370544434,,,,
6939,6939,,11.204604148864746,,,
6939,6939,11.204604148864746,,,,
6940,6940,13.19534683227539,,,,
6941,6941,11.225197792053223,,,,
6942,6942,10.823352813720703,,,,
6943,6943,9.875948905944824,,,,
6944,6944,9.953593254089355,,,,
6945,6945,10.718913078308105,,,,
6946,6946,10.95318603515625,,,,
6947,6947,11.971394538879395,,,,
6948,6948,10.844618797302246,,,,
6949,6949,,10.569950103759766,,,
6949,6949,10.569950103759766,,,,
6950,6950,9.882465362548828,,,,
6951,6951,9.749146461486816,,,,
6952,6952,9.974507331848145,,,,
6953,6953,10.459290504455566,,,,
6954,6954,11.949776649475098,,,,
6955,6955,11.398741722106934,,,,
6956,6956,12.735208511352539,,,,
6957,6957,10.573590278625488,,,,
6958,6958,9.825546264648438,,,,
6959,6959,,9.925894737243652,,,
6959,6959,9.925894737243652,,,,
6960,6960,10.454307556152344,,,,
6961,6961,11.202033042907715,,,,
6962,6962,10.506290435791016,,,,
6963,6963,10.389230728149414,,,,
6964,6964,9.905214309692383,,,,
6965,6965,9.739697456359863,,,,
6966,6966,9.644665718078613,,,,
6967,6967,9.628231048583984,,,,
6968,6968,9.713126182556152,,,,
6969,6969,,9.898099899291992,,,
6969,6969,9.898099899291992,,,,
6970,6970,10.4669189453125,,,,
6971,6971,10.914758682250977,,,,
6972,6972,13.175079345703125,,,,
6973,6973,11.509002685546875,,,,
6974,6974,11.672945976257324,,,,
6975,6975,10.082413673400879,,,,
6976,6976,9.758431434631348,,,,
6977,6977,10.470746994018555,,,,
6978,6978,10.863722801208496,,,,
6979,6979,,12.333513259887695,,,
6979,6979,12.333513259887695,,,,
6980,6980,11.00966739654541,,,,
6981,6981,11.109088897705078,,,,
6982,6982,10.035538673400879,,,,
6983,6983,9.730517387390137,,,,
6984,6984,9.715996742248535,,,,
6985,6985,9.905913352966309,,,,
6986,6986,10.732378005981445,,,,
6987,6987,10.907429695129395,,,,
6988,6988,12.850690841674805,,,,
6989,6989,,11.162553787231445,,,
6989,6989,11.162553787231445,,,,
6990,6990,10.543536186218262,,,,
6991,6991,9.756888389587402,,,,
6992,6992,10.049919128417969,,,,
6993,6993,11.320266723632812,,,,
6994,6994,10.963382720947266,,,,
6995,6995,11.343246459960938,,,,
6996,6996,10.232246398925781,,,,
6997,6997,10.040785789489746,,,,
6998,6998,9.676021575927734,,,,
6999,6999,,9.63590145111084,,,
6999,6999,,,0.24553140997886658,368.7274475097656,368.7274475097656
6999,6999,9.63590145111084,,,,
7000,7000,9.595524787902832,,,,
7001,7001,9.58917236328125,,,,
7002,7002,9.586960792541504,,,,
7003,7003,9.644279479980469,,,,
7004,7004,9.656185150146484,,,,
7005,7005,10.233574867248535,,,,
7006,7006,10.71731948852539,,,,
7007,7007,13.361685752868652,,,,
7008,7008,11.881878852844238,,,,
7009,7009,,12.49593734741211,,,
7009,7009,12.49593734741211,,,,
7010,7010,10.235875129699707,,,,
7011,7011,9.734399795532227,,,,
7012,7012,10.710619926452637,,,,
7013,7013,11.072575569152832,,,,
7014,7014,12.221467971801758,,,,
7015,7015,10.622344017028809,,,,
7016,7016,10.033025741577148,,,,
7017,7017,9.621382713317871,,,,
7018,7018,9.541423797607422,,,,
7019,7019,,9.827367782592773,,,
7019,7019,9.827367782592773,,,,
7020,7020,10.370859146118164,,,,
7021,7021,12.04194164276123,,,,
7022,7022,11.511641502380371,,,,
7023,7023,12.52752685546875,,,,
7024,7024,10.424026489257812,,,,
7025,7025,9.657015800476074,,,,
7026,7026,9.851800918579102,,,,
7027,7027,10.689438819885254,,,,
7028,7028,12.225088119506836,,,,
7029,7029,,11.11230182647705,,,
7029,7029,11.11230182647705,,,,
7030,7030,11.232856750488281,,,,
7031,7031,10.163276672363281,,,,
7032,7032,9.596014976501465,,,,
7033,7033,9.513733863830566,,,,
7034,7034,9.953679084777832,,,,
7035,7035,10.85619068145752,,,,
7036,7036,11.140467643737793,,,,
7037,7037,13.355829238891602,,,,
7038,7038,11.279630661010742,,,,
7039,7039,,10.056904792785645,,,
7039,7039,10.056904792785645,,,,
7040,7040,9.814329147338867,,,,
7041,7041,10.528228759765625,,,,
7042,7042,11.59758186340332,,,,
7043,7043,10.629293441772461,,,,
7044,7044,9.989270210266113,,,,
7045,7045,9.624735832214355,,,,
7046,7046,9.502415657043457,,,,
7047,7047,9.610054016113281,,,,
7048,7048,9.850948333740234,,,,
7049,7049,,10.619134902954102,,,
7049,7049,10.619134902954102,,,,
7050,7050,11.054368019104004,,,,
7051,7051,13.045641899108887,,,,
7052,7052,11.136310577392578,,,,
7053,7053,10.453929901123047,,,,
7054,7054,9.706401824951172,,,,
7055,7055,9.579699516296387,,,,
7056,7056,10.009231567382812,,,,
7057,7057,10.676948547363281,,,,
7058,7058,12.586212158203125,,,,
7059,7059,,11.500158309936523,,,
7059,7059,11.500158309936523,,,,
7060,7060,11.683504104614258,,,,
7061,7061,10.12759017944336,,,,
7062,7062,9.786121368408203,,,,
7063,7063,10.298685073852539,,,,
7064,7064,10.819390296936035,,,,
7065,7065,11.450181007385254,,,,
7066,7066,10.529135704040527,,,,
7067,7067,10.332639694213867,,,,
7068,7068,9.8403902053833,,,,
7069,7069,,9.610152244567871,,,
7069,7069,9.610152244567871,,,,
7070,7070,9.47199535369873,,,,
7071,7071,9.433563232421875,,,,
7072,7072,9.480252265930176,,,,
7073,7073,9.607352256774902,,,,
7074,7074,9.971781730651855,,,,
7075,7075,10.608866691589355,,,,
7076,7076,12.822053909301758,,,,
7077,7077,11.541731834411621,,,,
7078,7078,12.202518463134766,,,,
7079,7079,,10.271352767944336,,,
7079,7079,10.271352767944336,,,,
7080,7080,9.577910423278809,,,,
7081,7081,10.230652809143066,,,,
7082,7082,10.89326286315918,,,,
7083,7083,12.16827392578125,,,,
7084,7084,10.819459915161133,,,,
7085,7085,10.47242546081543,,,,
7086,7086,9.698123931884766,,,,
7087,7087,9.456859588623047,,,,
7088,7088,9.530099868774414,,,,
7089,7089,,9.95441722869873,,,
7089,7089,9.95441722869873,,,,
7090,7090,11.310084342956543,,,,
7091,7091,11.4627685546875,,,,
7092,7092,14.133658409118652,,,,
7093,7093,10.892784118652344,,,,
7094,7094,9.658097267150879,,,,
7095,7095,10.014420509338379,,,,
7096,7096,10.755678176879883,,,,
7097,7097,11.577632904052734,,,,
7098,7098,10.143766403198242,,,,
7099,7099,,9.529123306274414,,,
7099,7099,9.529123306274414,,,,
7100,7100,9.57071590423584,,,,
7101,7101,10.214271545410156,,,,
7102,7102,12.306634902954102,,,,
7103,7103,11.896712303161621,,,,
7104,7104,14.251160621643066,,,,
7105,7105,10.50818920135498,,,,
7106,7106,9.766663551330566,,,,
7107,7107,11.126907348632812,,,,
7108,7108,10.99156379699707,,,,
7109,7109,,11.108589172363281,,,
7109,7109,11.108589172363281,,,,
7110,7110,9.741891860961914,,,,
7111,7111,9.610249519348145,,,,
7112,7112,10.61168384552002,,,,
7113,7113,11.19893741607666,,,,
7114,7114,13.819819450378418,,,,
7115,7115,10.705626487731934,,,,
7116,7116,9.656536102294922,,,,
7117,7117,9.905877113342285,,,,
7118,7118,10.584589004516602,,,,
7119,7119,,11.922197341918945,,,
7119,7119,11.922197341918945,,,,
7120,7120,10.177261352539062,,,,
7121,7121,9.676215171813965,,,,
7122,7122,9.466651916503906,,,,
7123,7123,9.504067420959473,,,,
7124,7124,10.178362846374512,,,,
7125,7125,10.388114929199219,,,,
7126,7126,11.559715270996094,,,,
7127,7127,10.252124786376953,,,,
7128,7128,9.931290626525879,,,,
7129,7129,,9.410523414611816,,,
7129,7129,9.410523414611816,,,,
7130,7130,9.396615982055664,,,,
7131,7131,9.666727066040039,,,,
7132,7132,10.178295135498047,,,,
7133,7133,12.099108695983887,,,,
7134,7134,10.985526084899902,,,,
7135,7135,10.745063781738281,,,,
7136,7136,9.574888229370117,,,,
7137,7137,9.922811508178711,,,,
7138,7138,11.441536903381348,,,,
7139,7139,,10.53118896484375,,,
7139,7139,10.53118896484375,,,,
7140,7140,10.290399551391602,,,,
7141,7141,9.453946113586426,,,,
7142,7142,9.403703689575195,,,,
7143,7143,9.643369674682617,,,,
7144,7144,10.055563926696777,,,,
7145,7145,11.830829620361328,,,,
7146,7146,11.022990226745605,,,,
7147,7147,11.939955711364746,,,,
7148,7148,9.96288013458252,,,,
7149,7149,,9.358758926391602,,,
7149,7149,9.358758926391602,,,,
7150,7150,10.063824653625488,,,,
7151,7151,10.604571342468262,,,,
7152,7152,12.61871337890625,,,,
7153,7153,10.730076789855957,,,,
7154,7154,10.50810718536377,,,,
7155,7155,9.487220764160156,,,,
7156,7156,9.421127319335938,,,,
7157,7157,10.129813194274902,,,,
7158,7158,10.265064239501953,,,,
7159,7159,,11.13554573059082,,,
7159,7159,11.13554573059082,,,,
7160,7160,10.171893119812012,,,,
7161,7161,10.115909576416016,,,,
7162,7162,9.5027494430542,,,,
7163,7163,9.39380931854248,,,,
7164,7164,9.354105949401855,,,,
7165,7165,9.456923484802246,,,,
7166,7166,10.046628952026367,,,,
7167,7167,10.170212745666504,,,,
7168,7168,11.462312698364258,,,,
7169,7169,,10.474775314331055,,,
7169,7169,10.474775314331055,,,,
7170,7170,10.289124488830566,,,,
7171,7171,9.442941665649414,,,,
7172,7172,9.349815368652344,,,,
7173,7173,9.870917320251465,,,,
7174,7174,10.257908821105957,,,,
7175,7175,12.229516983032227,,,,
7176,7176,10.999727249145508,,,,
7177,7177,11.184833526611328,,,,
7178,7178,9.6503267288208,,,,
7179,7179,,9.841971397399902,,,
7179,7179,9.841971397399902,,,,
7180,7180,11.137589454650879,,,,
7181,7181,10.436575889587402,,,,
7182,7182,10.064874649047852,,,,
7183,7183,9.402932167053223,,,,
7184,7184,9.399175643920898,,,,
7185,7185,9.969762802124023,,,,
7186,7186,10.600996971130371,,,,
7187,7187,13.199540138244629,,,,
7188,7188,11.03003978729248,,,,
7189,7189,,10.415796279907227,,,
7189,7189,10.415796279907227,,,,
7190,7190,9.483945846557617,,,,
7191,7191,10.08976936340332,,,,
7192,7192,11.200539588928223,,,,
7193,7193,10.22246265411377,,,,
7194,7194,9.72683334350586,,,,
7195,7195,9.315064430236816,,,,
7196,7196,9.376699447631836,,,,
7197,7197,9.92391300201416,,,,
7198,7198,10.425034523010254,,,,
7199,7199,,12.710563659667969,,,
7199,7199,12.710563659667969,,,,
7200,7200,10.841737747192383,,,,
7201,7201,10.248830795288086,,,,
7202,7202,9.402256965637207,,,,
7203,7203,9.612964630126953,,,,
7204,7204,10.577836036682129,,,,
7205,7205,10.65365219116211,,,,
7206,7206,12.375591278076172,,,,
7207,7207,10.69333553314209,,,,
7208,7208,10.410067558288574,,,,
7209,7209,,9.514741897583008,,,
7209,7209,9.514741897583008,,,,
7210,7210,9.60950756072998,,,,
7211,7211,10.635448455810547,,,,
7212,7212,10.36772632598877,,,,
7213,7213,10.723773956298828,,,,
7214,7214,9.82492733001709,,,,
7215,7215,9.495598793029785,,,,
7216,7216,9.349897384643555,,,,
7217,7217,9.258150100708008,,,,
7218,7218,9.25355339050293,,,,
7219,7219,,9.233759880065918,,,
7219,7219,9.233759880065918,,,,
7220,7220,9.247397422790527,,,,
7221,7221,9.242591857910156,,,,
7222,7222,9.26128101348877,,,,
7223,7223,9.557414054870605,,,,
7224,7224,10.435885429382324,,,,
7225,7225,10.942655563354492,,,,
7226,7226,14.804009437561035,,,,
7227,7227,11.281388282775879,,,,
7228,7228,10.404595375061035,,,,
7229,7229,,9.449923515319824,,,
7229,7229,9.449923515319824,,,,
7230,7230,10.030152320861816,,,,
7231,7231,11.476675033569336,,,,
7232,7232,10.332597732543945,,,,
7233,7233,9.771764755249023,,,,
7234,7234,9.282833099365234,,,,
7235,7235,9.43122673034668,,,,
7236,7236,10.047279357910156,,,,
7237,7237,10.604345321655273,,,,
7238,7238,14.082589149475098,,,,
7239,7239,,11.369348526000977,,,
7239,7239,11.369348526000977,,,,
7240,7240,10.544916152954102,,,,
7241,7241,9.487332344055176,,,,
7242,7242,10.168497085571289,,,,
7243,7243,11.668401718139648,,,,
7244,7244,10.236821174621582,,,,
7245,7245,9.481681823730469,,,,
7246,7246,9.330238342285156,,,,
7247,7247,9.882536888122559,,,,
7248,7248,11.597068786621094,,,,
7249,7249,,11.26811408996582,,,
7249,7249,11.26811408996582,,,,
7250,7250,13.59567642211914,,,,
7251,7251,10.344141006469727,,,,
7252,7252,9.50854206085205,,,,
7253,7253,10.38757038116455,,,,
7254,7254,10.508444786071777,,,,
7255,7255,10.892576217651367,,,,
7256,7256,9.627213478088379,,,,
7257,7257,9.319584846496582,,,,
7258,7258,9.45485782623291,,,,
7259,7259,,9.96200180053711,,,
7259,7259,9.96200180053711,,,,
7260,7260,11.585709571838379,,,,
7261,7261,10.694007873535156,,,,
7262,7262,10.793975830078125,,,,
7263,7263,9.598332405090332,,,,
7264,7264,9.638242721557617,,,,
7265,7265,10.71560001373291,,,,
7266,7266,10.34652042388916,,,,
7267,7267,10.736701965332031,,,,
7268,7268,9.835627555847168,,,,
7269,7269,,9.475829124450684,,,
7269,7269,9.475829124450684,,,,
7270,7270,9.207791328430176,,,,
7271,7271,9.171887397766113,,,,
7272,7272,9.352566719055176,,,,
7273,7273,9.671412467956543,,,,
7274,7274,10.43778133392334,,,,
7275,7275,10.356566429138184,,,,
7276,7276,11.944008827209473,,,,
7277,7277,10.450355529785156,,,,
7278,7278,10.068904876708984,,,,
7279,7279,,9.359373092651367,,,
7279,7279,9.359373092651367,,,,
7280,7280,9.389631271362305,,,,
7281,7281,10.16181755065918,,,,
7282,7282,10.377068519592285,,,,
7283,7283,11.934557914733887,,,,
7284,7284,10.373757362365723,,,,
7285,7285,9.806351661682129,,,,
7286,7286,9.336374282836914,,,,
7287,7287,9.831626892089844,,,,
7288,7288,11.128454208374023,,,,
7289,7289,,10.158390045166016,,,
7289,7289,10.158390045166016,,,,
7290,7290,9.811660766601562,,,,
7291,7291,9.300100326538086,,,,
7292,7292,9.147371292114258,,,,
7293,7293,9.250483512878418,,,,
7294,7294,9.472845077514648,,,,
7295,7295,10.049925804138184,,,,
7296,7296,10.051794052124023,,,,
7297,7297,11.056070327758789,,,,
7298,7298,10.087221145629883,,,,
7299,7299,,9.929108619689941,,,
7299,7299,9.929108619689941,,,,
7300,7300,9.289295196533203,,,,
7301,7301,9.131840705871582,,,,
7302,7302,9.25842571258545,,,,
7303,7303,9.492008209228516,,,,
7304,7304,10.465937614440918,,,,
7305,7305,10.47710132598877,,,,
7306,7306,12.02113151550293,,,,
7307,7307,9.91392707824707,,,,
7308,7308,9.245002746582031,,,,
7309,7309,,9.584851264953613,,,
7309,7309,9.584851264953613,,,,
7310,7310,10.059240341186523,,,,
7311,7311,11.393754005432129,,,,
7312,7312,10.122836112976074,,,,
7313,7313,10.18998908996582,,,,
7314,7314,9.35007381439209,,,,
7315,7315,9.14041805267334,,,,
7316,7316,9.389470100402832,,,,
7317,7317,9.66616153717041,,,,
7318,7318,11.05023193359375,,,,
7319,7319,,10.491630554199219,,,
7319,7319,10.491630554199219,,,,
7320,7320,12.256345748901367,,,,
7321,7321,10.109367370605469,,,,
7322,7322,9.4447021484375,,,,
7323,7323,9.272424697875977,,,,
7324,7324,9.69455337524414,,,,
7325,7325,10.922008514404297,,,,
7326,7326,10.190744400024414,,,,
7327,7327,10.780577659606934,,,,
7328,7328,9.673600196838379,,,,
7329,7329,,9.438165664672852,,,
7329,7329,9.438165664672852,,,,
7330,7330,9.122282981872559,,,,
7331,7331,9.19605827331543,,,,
7332,7332,9.685273170471191,,,,
7333,7333,9.942436218261719,,,,
7334,7334,12.23232364654541,,,,
7335,7335,11.099740028381348,,,,
7336,7336,12.367353439331055,,,,
7337,7337,9.57862663269043,,,,
7338,7338,9.411530494689941,,,,
7339,7339,,11.223880767822266,,,
7339,7339,11.223880767822266,,,,
7340,7340,10.418575286865234,,,,
7341,7341,10.260305404663086,,,,
7342,7342,9.182682991027832,,,,
7343,7343,9.250539779663086,,,,
7344,7344,10.377239227294922,,,,
7345,7345,10.874220848083496,,,,
7346,7346,15.644125938415527,,,,
7347,7347,10.911138534545898,,,,
7348,7348,9.456897735595703,,,,
7349,7349,,9.89892578125,,,
7349,7349,9.89892578125,,,,
7350,7350,10.50008773803711,,,,
7351,7351,10.868659973144531,,,,
7352,7352,9.250866889953613,,,,
7353,7353,9.311001777648926,,,,
7354,7354,10.36119270324707,,,,
7355,7355,10.594454765319824,,,,
7356,7356,13.630035400390625,,,,
7357,7357,11.04050350189209,,,,
7358,7358,10.931357383728027,,,,
7359,7359,,9.314936637878418,,,
7359,7359,9.314936637878418,,,,
7360,7360,10.094033241271973,,,,
7361,7361,12.061038970947266,,,,
7362,7362,10.032353401184082,,,,
7363,7363,9.070128440856934,,,,
7364,7364,9.690203666687012,,,,
7365,7365,10.243062019348145,,,,
7366,7366,12.489500045776367,,,,
7367,7367,10.828433990478516,,,,
7368,7368,12.066272735595703,,,,
7369,7369,,9.830411911010742,,,
7369,7369,9.830411911010742,,,,
7370,7370,9.143193244934082,,,,
7371,7371,10.034467697143555,,,,
7372,7372,9.985240936279297,,,,
7373,7373,9.679956436157227,,,,
7374,7374,9.001749038696289,,,,
7375,7375,9.41506290435791,,,,
7376,7376,10.246330261230469,,,,
7377,7377,10.534442901611328,,,,
7378,7378,13.676213264465332,,,,
7379,7379,,11.107803344726562,,,
7379,7379,11.107803344726562,,,,
7380,7380,10.364729881286621,,,,
7381,7381,9.290882110595703,,,,
7382,7382,10.478654861450195,,,,
7383,7383,12.001532554626465,,,,
7384,7384,9.838157653808594,,,,
7385,7385,9.244543075561523,,,,
7386,7386,10.445805549621582,,,,
7387,7387,10.586319923400879,,,,
7388,7388,12.933921813964844,,,,
7389,7389,,10.65442180633545,,,
7389,7389,10.65442180633545,,,,
7390,7390,10.819695472717285,,,,
7391,7391,9.375263214111328,,,,
7392,7392,9.308055877685547,,,,
7393,7393,10.28701114654541,,,,
7394,7394,9.879867553710938,,,,
7395,7395,9.305971145629883,,,,
7396,7396,9.031253814697266,,,,
7397,7397,9.691304206848145,,,,
7398,7398,11.896827697753906,,,,
7399,7399,,11.322442054748535,,,
7399,7399,11.322442054748535,,,,
7400,7400,16.015317916870117,,,,
7401,7401,10.52035903930664,,,,
7402,7402,9.440836906433105,,,,
7403,7403,11.082099914550781,,,,
7404,7404,10.602869033813477,,,,
7405,7405,9.702964782714844,,,,
7406,7406,9.177419662475586,,,,
7407,7407,9.999497413635254,,,,
7408,7408,12.029851913452148,,,,
7409,7409,,10.115484237670898,,,
7409,7409,10.115484237670898,,,,
7410,7410,9.692843437194824,,,,
7411,7411,9.17237663269043,,,,
7412,7412,9.010760307312012,,,,
7413,7413,9.066707611083984,,,,
7414,7414,9.356433868408203,,,,
7415,7415,10.157328605651855,,,,
7416,7416,10.24436092376709,,,,
7417,7417,12.620707511901855,,,,
7418,7418,10.200632095336914,,,,
7419,7419,,9.41741943359375,,,
7419,7419,9.41741943359375,,,,
7420,7420,9.07922649383545,,,,
7421,7421,9.680919647216797,,,,
7422,7422,11.213343620300293,,,,
7423,7423,10.493731498718262,,,,
7424,7424,11.477158546447754,,,,
7425,7425,9.698274612426758,,,,
7426,7426,9.096381187438965,,,,
7427,7427,9.155318260192871,,,,
7428,7428,9.558094024658203,,,,
7429,7429,,10.146979331970215,,,
7429,7429,10.146979331970215,,,,
7430,7430,9.567852020263672,,,,
7431,7431,9.447760581970215,,,,
7432,7432,9.126899719238281,,,,
7433,7433,8.932222366333008,,,,
7434,7434,8.907777786254883,,,,
7435,7435,8.883983612060547,,,,
7436,7436,8.908748626708984,,,,
7437,7437,9.031952857971191,,,,
7438,7438,9.157105445861816,,,,
7439,7439,,9.467611312866211,,,
7439,7439,9.467611312866211,,,,
7440,7440,10.5125093460083,,,,
7441,7441,10.25441837310791,,,,
7442,7442,11.492145538330078,,,,
7443,7443,9.762389183044434,,,,
7444,7444,9.067536354064941,,,,
7445,7445,8.960772514343262,,,,
7446,7446,9.421551704406738,,,,
7447,7447,10.622244834899902,,,,
7448,7448,10.447813987731934,,,,
7449,7449,,12.57097339630127,,,
7449,7449,12.57097339630127,,,,
7450,7450,10.08709716796875,,,,
7451,7451,9.15798282623291,,,,
7452,7452,9.250021934509277,,,,
7453,7453,9.82267951965332,,,,
7454,7454,10.506014823913574,,,,
7455,7455,9.513533592224121,,,,
7456,7456,8.961600303649902,,,,
7457,7457,8.869388580322266,,,,
7458,7458,9.057153701782227,,,,
7459,7459,,9.455368995666504,,,
7459,7459,9.455368995666504,,,,
7460,7460,9.980030059814453,,,,
7461,7461,12.121828079223633,,,,
7462,7462,10.128294944763184,,,,
7463,7463,9.304534912109375,,,,
7464,7464,8.925119400024414,,,,
7465,7465,9.595491409301758,,,,
7466,7466,10.899965286254883,,,,
7467,7467,10.050993919372559,,,,
7468,7468,10.35049057006836,,,,
7469,7469,,9.345314979553223,,,
7469,7469,9.345314979553223,,,,
7470,7470,8.92573070526123,,,,
7471,7471,8.888012886047363,,,,
7472,7472,9.140822410583496,,,,
7473,7473,9.923956871032715,,,,
7474,7474,9.971468925476074,,,,
7475,7475,11.841318130493164,,,,
7476,7476,10.195477485656738,,,,
7477,7477,9.636626243591309,,,,
7478,7478,8.991142272949219,,,,
7479,7479,,9.234936714172363,,,
7479,7479,9.234936714172363,,,,
7480,7480,10.143003463745117,,,,
7481,7481,9.88426685333252,,,,
7482,7482,10.396175384521484,,,,
7483,7483,9.398491859436035,,,,
7484,7484,8.91452407836914,,,,
7485,7485,8.831088066101074,,,,
7486,7486,9.033134460449219,,,,
7487,7487,9.476720809936523,,,,
7488,7488,9.683692932128906,,,,
7489,7489,,11.398883819580078,,,
7489,7489,11.398883819580078,,,,
7490,7490,10.300365447998047,,,,
7491,7491,10.296875953674316,,,,
7492,7492,9.101799011230469,,,,
7493,7493,9.147504806518555,,,,
7494,7494,10.093364715576172,,,,
7495,7495,9.98030948638916,,,,
7496,7496,10.466121673583984,,,,
7497,7497,9.433037757873535,,,,
7498,7498,9.032600402832031,,,,
7499,7499,,8.819228172302246,,,
7499,7499,,,0.2345416396856308,336.45831298828125,336.45831298828125
7499,7499,8.819228172302246,,,,
7500,7500,8.971088409423828,,,,
7501,7501,9.196229934692383,,,,
7502,7502,9.571020126342773,,,,
7503,7503,11.31801700592041,,,,
7504,7504,10.484343528747559,,,,
7505,7505,11.174298286437988,,,,
7506,7506,9.304447174072266,,,,
7507,7507,9.106261253356934,,,,
7508,7508,10.152179718017578,,,,
7509,7509,,10.027050971984863,,,
7509,7509,10.027050971984863,,,,
7510,7510,10.430093765258789,,,,
7511,7511,9.306055068969727,,,,
7512,7512,8.712909698486328,,,,
7513,7513,8.734291076660156,,,,
7514,7514,9.185068130493164,,,,
7515,7515,10.023853302001953,,,,
7516,7516,9.961238861083984,,,,
7517,7517,11.866186141967773,,,,
7518,7518,10.063108444213867,,,,
7519,7519,,9.286314010620117,,,
7519,7519,9.286314010620117,,,,
7520,7520,8.898025512695312,,,,
7521,7521,9.307498931884766,,,,
7522,7522,10.492332458496094,,,,
7523,7523,9.941722869873047,,,,
7524,7524,10.460084915161133,,,,
7525,7525,9.376725196838379,,,,
7526,7526,8.846345901489258,,,,
7527,7527,8.853435516357422,,,,
7528,7528,9.192960739135742,,,,
7529,7529,,9.518621444702148,,,
7529,7529,9.518621444702148,,,,
7530,7530,9.279172897338867,,,,
7531,7531,9.504353523254395,,,,
7532,7532,9.342144012451172,,,,
7533,7533,9.6533203125,,,,
7534,7534,9.257232666015625,,,,
7535,7535,8.897635459899902,,,,
7536,7536,8.764545440673828,,,,
7537,7537,8.846714973449707,,,,
7538,7538,9.077115058898926,,,,
7539,7539,,9.494877815246582,,,
7539,7539,9.494877815246582,,,,
7540,7540,11.26479721069336,,,,
7541,7541,10.213618278503418,,,,
7542,7542,10.155838012695312,,,,
7543,7543,9.118616104125977,,,,
7544,7544,9.32429313659668,,,,
7545,7545,10.438865661621094,,,,
7546,7546,9.719882011413574,,,,
7547,7547,9.321540832519531,,,,
7548,7548,8.820531845092773,,,,
7549,7549,,8.782349586486816,,,
7549,7549,8.782349586486816,,,,
7550,7550,9.126585960388184,,,,
7551,7551,9.881068229675293,,,,
7552,7552,13.68212890625,,,,
7553,7553,10.8798246383667,,,,
7554,7554,10.33319091796875,,,,
7555,7555,9.186065673828125,,,,
7556,7556,10.077291488647461,,,,
7557,7557,12.576485633850098,,,,
7558,7558,9.986645698547363,,,,
7559,7559,,8.972151756286621,,,
7559,7559,8.972151756286621,,,,
7560,7560,8.924286842346191,,,,
7561,7561,10.018972396850586,,,,
7562,7562,14.911798477172852,,,,
7563,7563,11.600624084472656,,,,
7564,7564,14.151542663574219,,,,
7565,7565,9.526811599731445,,,,
7566,7566,10.40375804901123,,,,
7567,7567,14.42444133758545,,,,
7568,7568,10.013786315917969,,,,
7569,7569,,9.440948486328125,,,
7569,7569,9.440948486328125,,,,
7570,7570,12.399591445922852,,,,
7571,7571,10.331310272216797,,,,
7572,7572,10.059887886047363,,,,
7573,7573,8.857975959777832,,,,
7574,7574,8.922661781311035,,,,
7575,7575,10.324515342712402,,,,
7576,7576,10.145813941955566,,,,
7577,7577,12.292008399963379,,,,
7578,7578,9.434107780456543,,,,
7579,7579,,8.991498947143555,,,
7579,7579,8.991498947143555,,,,
7580,7580,10.142208099365234,,,,
7581,7581,9.626044273376465,,,,
7582,7582,9.288844108581543,,,,
7583,7583,8.625993728637695,,,,
7584,7584,8.888531684875488,,,,
7585,7585,10.300512313842773,,,,
7586,7586,10.331997871398926,,,,
7587,7587,13.326898574829102,,,,
7588,7588,9.828605651855469,,,,
7589,7589,,9.06763744354248,,,
7589,7589,9.06763744354248,,,,
7590,7590,10.17227554321289,,,,
7591,7591,9.866610527038574,,,,
7592,7592,9.225156784057617,,,,
7593,7593,8.817867279052734,,,,
7594,7594,9.346212387084961,,,,
7595,7595,10.656203269958496,,,,
7596,7596,9.65546989440918,,,,
7597,7597,9.996321678161621,,,,
7598,7598,9.036977767944336,,,,
7599,7599,,8.838848114013672,,,
7599,7599,8.838848114013672,,,,
7600,7600,8.531834602355957,,,,
7601,7601,8.548895835876465,,,,
7602,7602,8.719303131103516,,,,
7603,7603,9.02305793762207,,,,
7604,7604,10.553772926330566,,,,
7605,7605,10.406644821166992,,,,
7606,7606,13.274889945983887,,,,
7607,7607,9.684144973754883,,,,
7608,7608,8.855493545532227,,,,
7609,7609,,10.368219375610352,,,
7609,7609,10.368219375610352,,,,
7610,7610,10.211494445800781,,,,
7611,7611,10.413021087646484,,,,
7612,7612,8.832037925720215,,,,
7613,7613,8.656927108764648,,,,
7614,7614,9.801366806030273,,,,
7615,7615,10.054781913757324,,,,
7616,7616,13.164610862731934,,,,
7617,7617,9.894064903259277,,,,
7618,7618,8.79742431640625,,,,
7619,7619,,9.1593656539917,,,
7619,7619,9.1593656539917,,,,
7620,7620,9.618021965026855,,,,
7621,7621,9.79522705078125,,,,
7622,7622,8.732970237731934,,,,
7623,7623,8.795268058776855,,,,
7624,7624,9.773998260498047,,,,
7625,7625,9.93858528137207,,,,
7626,7626,12.578448295593262,,,,
7627,7627,9.982603073120117,,,,
7628,7628,8.84192180633545,,,,
7629,7629,,9.113851547241211,,,
7629,7629,9.113851547241211,,,,
7630,7630,9.833613395690918,,,,
7631,7631,9.927282333374023,,,,
7632,7632,8.705913543701172,,,,
7633,7633,8.988980293273926,,,,
7634,7634,10.82163143157959,,,,
7635,7635,10.589478492736816,,,,
7636,7636,14.490068435668945,,,,
7637,7637,10.25550651550293,,,,
7638,7638,8.823426246643066,,,,
7639,7639,,9.453601837158203,,,
7639,7639,9.453601837158203,,,,
7640,7640,9.886329650878906,,,,
7641,7641,9.401994705200195,,,,
7642,7642,8.717982292175293,,,,
7643,7643,9.226999282836914,,,,
7644,7644,10.686330795288086,,,,
7645,7645,9.395317077636719,,,,
7646,7646,9.274616241455078,,,,
7647,7647,8.781243324279785,,,,
7648,7648,8.615150451660156,,,,
7649,7649,,8.46878719329834,,,
7649,7649,8.46878719329834,,,,
7650,7650,8.43974494934082,,,,
7651,7651,8.438992500305176,,,,
7652,7652,8.486315727233887,,,,
7653,7653,8.556111335754395,,,,
7654,7654,8.6167573928833,,,,
7655,7655,9.096054077148438,,,,
7656,7656,9.294210433959961,,,,
7657,7657,10.770355224609375,,,,
7658,7658,9.531706809997559,,,,
7659,7659,,9.560812950134277,,,
7659,7659,9.560812950134277,,,,
7660,7660,8.727594375610352,,,,
7661,7661,8.450870513916016,,,,
7662,7662,8.644088745117188,,,,
7663,7663,8.96621322631836,,,,
7664,7664,9.897231101989746,,,,
7665,7665,9.486666679382324,,,,
7666,7666,10.446529388427734,,,,
7667,7667,9.091836929321289,,,,
7668,7668,8.497907638549805,,,,
7669,7669,,8.760944366455078,,,
7669,7669,8.760944366455078,,,,
7670,7670,9.181961059570312,,,,
7671,7671,10.245583534240723,,,,
7672,7672,9.610932350158691,,,,
7673,7673,10.612435340881348,,,,
7674,7674,9.278063774108887,,,,
7675,7675,8.585112571716309,,,,
7676,7676,8.843880653381348,,,,
7677,7677,9.192401885986328,,,,
7678,7678,9.36355209350586,,,,
7679,7679,,8.644654273986816,,,
7679,7679,8.644654273986816,,,,
7680,7680,8.483277320861816,,,,
7681,7681,8.892104148864746,,,,
7682,7682,9.41399097442627,,,,
7683,7683,12.475979804992676,,,,
7684,7684,10.592530250549316,,,,
7685,7685,10.041897773742676,,,,
7686,7686,8.833107948303223,,,,
7687,7687,10.003302574157715,,,,
7688,7688,11.845532417297363,,,,
7689,7689,,9.411922454833984,,,
7689,7689,9.411922454833984,,,,
7690,7690,8.604921340942383,,,,
7691,7691,9.707073211669922,,,,
7692,7692,10.359699249267578,,,,
7693,7693,16.37201499938965,,,,
7694,7694,10.928315162658691,,,,
7695,7695,10.0667724609375,,,,
7696,7696,8.852855682373047,,,,
7697,7697,10.178550720214844,,,,
7698,7698,11.880972862243652,,,,
7699,7699,,9.194620132446289,,,
7699,7699,9.194620132446289,,,,
7700,7700,9.170623779296875,,,,
7701,7701,11.4209566116333,,,,
7702,7702,9.574055671691895,,,,
7703,7703,9.478631019592285,,,,
7704,7704,8.726175308227539,,,,
7705,7705,8.632020950317383,,,,
7706,7706,8.469980239868164,,,,
7707,7707,8.428261756896973,,,,
7708,7708,8.456212997436523,,,,
7709,7709,,8.436359405517578,,,
7709,7709,8.436359405517578,,,,
7710,7710,8.590521812438965,,,,
7711,7711,8.762816429138184,,,,
7712,7712,10.446891784667969,,,,
7713,7713,10.001960754394531,,,,
7714,7714,11.861135482788086,,,,
7715,7715,8.98080062866211,,,,
7716,7716,8.821828842163086,,,,
7717,7717,10.572895050048828,,,,
7718,7718,9.724297523498535,,,,
7719,7719,,9.752114295959473,,,
7719,7719,9.752114295959473,,,,
7720,7720,8.553054809570312,,,,
7721,7721,8.716935157775879,,,,
7722,7722,10.271894454956055,,,,
7723,7723,9.621816635131836,,,,
7724,7724,11.10702896118164,,,,
7725,7725,9.044368743896484,,,,
7726,7726,8.516005516052246,,,,
7727,7727,8.734572410583496,,,,
7728,7728,9.15640926361084,,,,
7729,7729,,11.719701766967773,,,
7729,7729,11.719701766967773,,,,
7730,7730,10.025384902954102,,,,
7731,7731,10.711129188537598,,,,
7732,7732,8.812030792236328,,,,
7733,7733,9.047895431518555,,,,
7734,7734,10.716660499572754,,,,
7735,7735,9.423145294189453,,,,
7736,7736,8.89608383178711,,,,
7737,7737,8.430419921875,,,,
7738,7738,8.882389068603516,,,,
7739,7739,,10.834471702575684,,,
7739,7739,10.834471702575684,,,,
7740,7740,10.342833518981934,,,,
7741,7741,13.37365436553955,,,,
7742,7742,9.344159126281738,,,,
7743,7743,9.272340774536133,,,,
7744,7744,11.970826148986816,,,,
7745,7745,9.800030708312988,,,,
7746,7746,8.800835609436035,,,,
7747,7747,8.76314640045166,,,,
7748,7748,9.624547004699707,,,,
7749,7749,,13.207808494567871,,,
7749,7749,13.207808494567871,,,,
7750,7750,10.07628059387207,,,,
7751,7751,9.969858169555664,,,,
7752,7752,8.616861343383789,,,,
7753,7753,9.180153846740723,,,,
7754,7754,10.672826766967773,,,,
7755,7755,9.025168418884277,,,,
7756,7756,8.514460563659668,,,,
7757,7757,9.00193977355957,,,,
7758,7758,9.937578201293945,,,,
7759,7759,,16.49435043334961,,,
7759,7759,16.49435043334961,,,,
7760,7760,10.950058937072754,,,,
7761,7761,9.25892162322998,,,,
7762,7762,9.108553886413574,,,,
7763,7763,10.228737831115723,,,,
7764,7764,11.025733947753906,,,,
7765,7765,8.848337173461914,,,,
7766,7766,9.549677848815918,,,,
7767,7767,13.385852813720703,,,,
7768,7768,9.843350410461426,,,,
7769,7769,,9.76933479309082,,,
7769,7769,9.76933479309082,,,,
7770,7770,8.709763526916504,,,,
7771,7771,8.562246322631836,,,,
7772,7772,9.120193481445312,,,,
7773,7773,9.06925106048584,,,,
7774,7774,9.791459083557129,,,,
7775,7775,8.94924545288086,,,,
7776,7776,9.098187446594238,,,,
7777,7777,8.631426811218262,,,,
7778,7778,8.572278022766113,,,,
7779,7779,,8.434954643249512,,,
7779,7779,8.434954643249512,,,,
7780,7780,8.365066528320312,,,,
7781,7781,8.37243938446045,,,,
7782,7782,8.354156494140625,,,,
7783,7783,8.380738258361816,,,,
7784,7784,8.361186981201172,,,,
7785,7785,8.334955215454102,,,,
7786,7786,8.346620559692383,,,,
7787,7787,8.343550682067871,,,,
7788,7788,8.422146797180176,,,,
7789,7789,,8.425139427185059,,,
7789,7789,8.425139427185059,,,,
7790,7790,8.63852596282959,,,,
7791,7791,9.862937927246094,,,,
7792,7792,10.340792655944824,,,,
7793,7793,17.450122833251953,,,,
7794,7794,9.689534187316895,,,,
7795,7795,9.841742515563965,,,,
7796,7796,15.241555213928223,,,,
7797,7797,9.946334838867188,,,,
7798,7798,8.777488708496094,,,,
7799,7799,,10.94422721862793,,,
7799,7799,10.94422721862793,,,,
7800,7800,9.601996421813965,,,,
7801,7801,9.646377563476562,,,,
7802,7802,8.587776184082031,,,,
7803,7803,8.5183687210083,,,,
7804,7804,8.938054084777832,,,,
7805,7805,9.797521591186523,,,,
7806,7806,16.667755126953125,,,,
7807,7807,9.624756813049316,,,,
7808,7808,9.839111328125,,,,
7809,7809,,14.401952743530273,,,
7809,7809,14.401952743530273,,,,
7810,7810,9.396064758300781,,,,
7811,7811,9.761151313781738,,,,
7812,7812,14.718002319335938,,,,
7813,7813,9.222907066345215,,,,
7814,7814,8.789104461669922,,,,
7815,7815,11.915797233581543,,,,
7816,7816,10.28620433807373,,,,
7817,7817,13.667206764221191,,,,
7818,7818,8.835647583007812,,,,
7819,7819,,11.38141918182373,,,
7819,7819,11.38141918182373,,,,
7820,7820,20.83588218688965,,,,
7821,7821,8.923836708068848,,,,
7822,7822,24.546558380126953,,,,
7823,7823,98.59727478027344,,,,
7824,7824,124.37358856201172,,,,
7825,7825,77.69890594482422,,,,
7826,7826,17.54117774963379,,,,
7827,7827,165.025634765625,,,,
7828,7828,26.196517944335938,,,,
7829,7829,,60.943687438964844,,,
7829,7829,60.943687438964844,,,,
7830,7830,73.93025207519531,,,,
7831,7831,67.62677001953125,,,,
7832,7832,52.577083587646484,,,,
7833,7833,40.3609733581543,,,,
7834,7834,38.22089385986328,,,,
7835,7835,45.92844772338867,,,,
7836,7836,55.2985954284668,,,,
7837,7837,59.64106369018555,,,,
7838,7838,58.18721389770508,,,,
7839,7839,,52.535011291503906,,,
7839,7839,52.535011291503906,,,,
7840,7840,47.30500030517578,,,,
7841,7841,44.88313674926758,,,,
7842,7842,44.48696517944336,,,,
7843,7843,45.89141845703125,,,,
7844,7844,47.817413330078125,,,,
7845,7845,48.92228698730469,,,,
7846,7846,48.38264083862305,,,,
7847,7847,46.46851348876953,,,,
7848,7848,44.002044677734375,,,,
7849,7849,,42.0753059387207,,,
7849,7849,42.0753059387207,,,,
7850,7850,41.230323791503906,,,,
7851,7851,41.04901885986328,,,,
7852,7852,40.826438903808594,,,,
7853,7853,40.74529266357422,,,,
7854,7854,40.43146514892578,,,,
7855,7855,39.696571350097656,,,,
7856,7856,38.678985595703125,,,,
7857,7857,37.69709014892578,,,,
7858,7858,37.07407760620117,,,,
7859,7859,,36.704833984375,,,
7859,7859,36.704833984375,,,,
7860,7860,36.28291702270508,,,,
7861,7861,35.61735916137695,,,,
7862,7862,34.77113342285156,,,,
7863,7863,33.941246032714844,,,,
7864,7864,33.18375778198242,,,,
7865,7865,32.6968994140625,,,,
7866,7866,32.16321563720703,,,,
7867,7867,31.498430252075195,,,,
7868,7868,30.834882736206055,,,,
7869,7869,,30.240201950073242,,,
7869,7869,30.240201950073242,,,,
7870,7870,29.754539489746094,,,,
7871,7871,29.231475830078125,,,,
7872,7872,28.662185668945312,,,,
7873,7873,27.9826602935791,,,,
7874,7874,27.527406692504883,,,,
7875,7875,27.153196334838867,,,,
7876,7876,26.69405746459961,,,,
7877,7877,26.260799407958984,,,,
7878,7878,25.82583236694336,,,,
7879,7879,,25.460908889770508,,,
7879,7879,25.460908889770508,,,,
7880,7880,25.040328979492188,,,,
7881,7881,24.590856552124023,,,,
7882,7882,24.208881378173828,,,,
7883,7883,23.79221534729004,,,,
7884,7884,23.427621841430664,,,,
7885,7885,23.069332122802734,,,,
7886,7886,22.712472915649414,,,,
7887,7887,22.35209846496582,,,,
7888,7888,22.01476287841797,,,,
7889,7889,,21.74858283996582,,,
7889,7889,21.74858283996582,,,,
7890,7890,21.458465576171875,,,,
7891,7891,21.15069580078125,,,,
7892,7892,20.930877685546875,,,,
7893,7893,20.712547302246094,,,,
7894,7894,20.47483253479004,,,,
7895,7895,20.32650375366211,,,,
7896,7896,20.10036849975586,,,,
7897,7897,19.8828125,,,,
7898,7898,19.687345504760742,,,,
7899,7899,,19.463430404663086,,,
7899,7899,19.463430404663086,,,,
7900,7900,19.302597045898438,,,,
7901,7901,19.108558654785156,,,,
7902,7902,18.878217697143555,,,,
7903,7903,18.726293563842773,,,,
7904,7904,18.534908294677734,,,,
7905,7905,18.28928565979004,,,,
7906,7906,18.05868148803711,,,,
7907,7907,17.867252349853516,,,,
7908,7908,17.673080444335938,,,,
7909,7909,,17.52472686767578,,,
7909,7909,17.52472686767578,,,,
7910,7910,17.30414390563965,,,,
7911,7911,17.064916610717773,,,,
7912,7912,16.88945198059082,,,,
7913,7913,16.720054626464844,,,,
7914,7914,16.50597381591797,,,,
7915,7915,16.340089797973633,,,,
7916,7916,16.17991065979004,,,,
7917,7917,16.053068161010742,,,,
7918,7918,15.98621654510498,,,,
7919,7919,,15.766467094421387,,,
7919,7919,15.766467094421387,,,,
7920,7920,15.611350059509277,,,,
7921,7921,15.471598625183105,,,,
7922,7922,15.269204139709473,,,,
7923,7923,15.108733177185059,,,,
7924,7924,15.005208015441895,,,,
7925,7925,14.829374313354492,,,,
7926,7926,14.548638343811035,,,,
7927,7927,14.38092041015625,,,,
7928,7928,14.169154167175293,,,,
7929,7929,,13.94305419921875,,,
7929,7929,13.94305419921875,,,,
7930,7930,13.905704498291016,,,,
7931,7931,13.74195384979248,,,,
7932,7932,13.539525985717773,,,,
7933,7933,13.374855995178223,,,,
7934,7934,13.12890338897705,,,,
7935,7935,12.939508438110352,,,,
7936,7936,12.800396919250488,,,,
7937,7937,12.656052589416504,,,,
7938,7938,12.67659854888916,,,,
7939,7939,,12.671795845031738,,,
7939,7939,12.671795845031738,,,,
7940,7940,12.516210556030273,,,,
7941,7941,12.422286033630371,,,,
7942,7942,12.335348129272461,,,,
7943,7943,12.23902416229248,,,,
7944,7944,12.201459884643555,,,,
7945,7945,12.091898918151855,,,,
7946,7946,12.108075141906738,,,,
7947,7947,12.09504508972168,,,,
7948,7948,12.072863578796387,,,,
7949,7949,,11.932186126708984,,,
7949,7949,11.932186126708984,,,,
7950,7950,11.893651008605957,,,,
7951,7951,11.853322982788086,,,,
7952,7952,11.803138732910156,,,,
7953,7953,11.755555152893066,,,,
7954,7954,11.696920394897461,,,,
7955,7955,11.715697288513184,,,,
7956,7956,11.717114448547363,,,,
7957,7957,11.662064552307129,,,,
7958,7958,11.63152027130127,,,,
7959,7959,,11.607690811157227,,,
7959,7959,11.607690811157227,,,,
7960,7960,11.60901165008545,,,,
7961,7961,11.513676643371582,,,,
7962,7962,11.463968276977539,,,,
7963,7963,11.466450691223145,,,,
7964,7964,11.384682655334473,,,,
7965,7965,11.340047836303711,,,,
7966,7966,11.283349990844727,,,,
7967,7967,11.27280330657959,,,,
7968,7968,11.194905281066895,,,,
7969,7969,,11.173762321472168,,,
7969,7969,11.173762321472168,,,,
7970,7970,11.139538764953613,,,,
7971,7971,11.074947357177734,,,,
7972,7972,10.974932670593262,,,,
7973,7973,10.953579902648926,,,,
7974,7974,10.967585563659668,,,,
7975,7975,10.980064392089844,,,,
7976,7976,10.961298942565918,,,,
7977,7977,10.87227725982666,,,,
7978,7978,10.900465965270996,,,,
7979,7979,,10.835518836975098,,,
7979,7979,10.835518836975098,,,,
7980,7980,10.860143661499023,,,,
7981,7981,10.747590065002441,,,,
7982,7982,10.687806129455566,,,,
7983,7983,10.672429084777832,,,,
7984,7984,10.620018005371094,,,,
7985,7985,10.614995956420898,,,,
7986,7986,10.59731388092041,,,,
7987,7987,10.56303882598877,,,,
7988,7988,10.556413650512695,,,,
7989,7989,,10.52129077911377,,,
7989,7989,10.52129077911377,,,,
7990,7990,10.524683952331543,,,,
7991,7991,10.623074531555176,,,,
7992,7992,10.695806503295898,,,,
7993,7993,11.279410362243652,,,,
7994,7994,11.490144729614258,,,,
7995,7995,14.13958740234375,,,,
7996,7996,11.62972354888916,,,,
7997,7997,11.862764358520508,,,,
7998,7998,10.612509727478027,,,,
7999,7999,,10.365241050720215,,,
7999,7999,,,0.26476314663887024,428.7522888183594,336.45831298828125
7999,7999,10.365241050720215,,,,
8000,8000,10.52917194366455,,,,
8001,8001,10.654459953308105,,,,
8002,8002,11.11322021484375,,,,
8003,8003,10.603727340698242,,,,
8004,8004,10.647319793701172,,,,
8005,8005,10.470063209533691,,,,
8006,8006,10.651069641113281,,,,
8007,8007,10.842110633850098,,,,
8008,8008,12.349397659301758,,,,
8009,8009,,12.816961288452148,,,
8009,8009,12.816961288452148,,,,
8010,8010,19.054311752319336,,,,
8011,8011,11.229061126708984,,,,
8012,8012,9.962289810180664,,,,
8013,8013,10.892016410827637,,,,
8014,8014,11.978509902954102,,,,
8015,8015,15.855964660644531,,,,
8016,8016,10.738570213317871,,,,
8017,8017,10.433913230895996,,,,
8018,8018,13.258089065551758,,,,
8019,8019,,11.745887756347656,,,
8019,8019,11.745887756347656,,,,
8020,8020,11.879206657409668,,,,
8021,8021,10.208817481994629,,,,
8022,8022,9.911511421203613,,,,
8023,8023,10.536861419677734,,,,
8024,8024,10.98461627960205,,,,
8025,8025,13.02740478515625,,,,
8026,8026,11.218551635742188,,,,
8027,8027,11.633991241455078,,,,
8028,8028,10.405266761779785,,,,
8029,8029,,9.95065975189209,,,
8029,8029,9.95065975189209,,,,
8030,8030,9.620548248291016,,,,
8031,8031,9.562552452087402,,,,
8032,8032,9.651811599731445,,,,
8033,8033,9.88009262084961,,,,
8034,8034,10.135099411010742,,,,
8035,8035,10.466387748718262,,,,
8036,8036,12.252779006958008,,,,
8037,8037,12.564693450927734,,,,
8038,8038,18.811738967895508,,,,
8039,8039,,11.47118091583252,,,
8039,8039,11.47118091583252,,,,
8040,8040,9.879119873046875,,,,
8041,8041,9.533740997314453,,,,
8042,8042,10.379875183105469,,,,
8043,8043,12.729806900024414,,,,
8044,8044,10.757217407226562,,,,
8045,8045,9.977421760559082,,,,
8046,8046,9.420039176940918,,,,
8047,8047,9.749367713928223,,,,
8048,8048,10.86806869506836,,,,
8049,8049,,10.642095565795898,,,
8049,8049,10.642095565795898,,,,
8050,8050,11.370794296264648,,,,
8051,8051,10.041032791137695,,,,
8052,8052,9.59631633758545,,,,
8053,8053,9.385669708251953,,,,
8054,8054,9.357086181640625,,,,
8055,8055,9.470087051391602,,,,
8056,8056,9.846522331237793,,,,
8057,8057,11.044288635253906,,,,
8058,8058,10.976719856262207,,,,
8059,8059,,14.288877487182617,,,
8059,8059,14.288877487182617,,,,
8060,8060,11.67275619506836,,,,
8061,8061,12.940678596496582,,,,
8062,8062,10.032718658447266,,,,
8063,8063,9.312602043151855,,,,
8064,8064,9.482697486877441,,,,
8065,8065,9.972625732421875,,,,
8066,8066,10.949934005737305,,,,
8067,8067,9.857399940490723,,,,
8068,8068,9.394349098205566,,,,
8069,8069,,9.206854820251465,,,
8069,8069,9.206854820251465,,,,
8070,8070,9.325551986694336,,,,
8071,8071,9.896522521972656,,,,
8072,8072,10.164630889892578,,,,
8073,8073,12.252257347106934,,,,
8074,8074,11.343050003051758,,,,
8075,8075,14.242961883544922,,,,
8076,8076,10.80402660369873,,,,
8077,8077,10.486078262329102,,,,
8078,8078,9.341861724853516,,,,
8079,8079,,9.2642822265625,,,
8079,8079,9.2642822265625,,,,
8080,8080,9.843504905700684,,,,
8081,8081,9.895894050598145,,,,
8082,8082,10.680026054382324,,,,
8083,8083,9.614724159240723,,,,
8084,8084,9.251304626464844,,,,
8085,8085,9.053849220275879,,,,
8086,8086,9.13700008392334,,,,
8087,8087,9.572196006774902,,,,
8088,8088,9.812667846679688,,,,
8089,8089,,11.052203178405762,,,
8089,8089,11.052203178405762,,,,
8090,8090,10.631606101989746,,,,
8091,8091,12.55111312866211,,,,
8092,8092,10.498244285583496,,,,
8093,8093,10.593403816223145,,,,
8094,8094,9.370767593383789,,,,
8095,8095,9.01423168182373,,,,
8096,8096,9.08249568939209,,,,
8097,8097,9.42257022857666,,,,
8098,8098,10.417618751525879,,,,
8099,8099,,10.118382453918457,,,
8099,8099,10.118382453918457,,,,
8100,8100,10.94340991973877,,,,
8101,8101,9.891779899597168,,,,
8102,8102,9.920928001403809,,,,
8103,8103,9.333654403686523,,,,
8104,8104,9.131196975708008,,,,
8105,8105,8.994348526000977,,,,
8106,8106,8.940777778625488,,,,
8107,8107,8.821538925170898,,,,
8108,8108,8.92507553100586,,,,
8109,8109,,8.849126815795898,,,
8109,8109,8.849126815795898,,,,
8110,8110,8.946924209594727,,,,
8111,8111,9.024829864501953,,,,
8112,8112,9.351487159729004,,,,
8113,8113,9.568199157714844,,,,
8114,8114,10.539680480957031,,,,
8115,8115,10.218183517456055,,,,
8116,8116,11.681816101074219,,,,
8117,8117,10.21661376953125,,,,
8118,8118,10.476200103759766,,,,
8119,8119,,9.489178657531738,,,
8119,8119,9.489178657531738,,,,
8120,8120,9.204471588134766,,,,
8121,8121,8.95402717590332,,,,
8122,8122,8.847015380859375,,,,
8123,8123,8.749464988708496,,,,
8124,8124,8.756976127624512,,,,
8125,8125,8.871480941772461,,,,
8126,8126,8.993247032165527,,,,
8127,8127,9.570789337158203,,,,
8128,8128,9.80431079864502,,,,
8129,8129,,11.81475830078125,,,
8129,8129,11.81475830078125,,,,
8130,8130,10.536877632141113,,,,
8131,8131,11.66983699798584,,,,
8132,8132,9.69553279876709,,,,
8133,8133,9.448868751525879,,,,
8134,8134,8.972379684448242,,,,
8135,8135,8.824196815490723,,,,
8136,8136,8.787561416625977,,,,
8137,8137,8.793896675109863,,,,
8138,8138,9.077402114868164,,,,
8139,8139,,9.28564739227295,,,
8139,8139,9.28564739227295,,,,
8140,8140,10.41872501373291,,,,
8141,8141,9.949112892150879,,,,
8142,8142,11.291484832763672,,,,
8143,8143,9.763548851013184,,,,
8144,8144,9.870807647705078,,,,
8145,8145,9.080748558044434,,,,
8146,8146,8.938661575317383,,,,
8147,8147,8.716225624084473,,,,
8148,8148,8.769713401794434,,,,
8149,8149,,8.68362808227539,,,
8149,8149,8.68362808227539,,,,
8150,8150,8.800143241882324,,,,
8151,8151,8.764958381652832,,,,
8152,8152,9.186524391174316,,,,
8153,8153,9.209604263305664,,,,
8154,8154,10.05789566040039,,,,
8155,8155,9.522929191589355,,,,
8156,8156,10.3060884475708,,,,
8157,8157,9.298749923706055,,,,
8158,8158,9.562820434570312,,,,
8159,8159,,9.066332817077637,,,
8159,8159,9.066332817077637,,,,
8160,8160,9.157851219177246,,,,
8161,8161,8.916929244995117,,,,
8162,8162,9.072090148925781,,,,
8163,8163,8.916759490966797,,,,
8164,8164,9.21331787109375,,,,
8165,8165,9.066802978515625,,,,
8166,8166,9.503286361694336,,,,
8167,8167,9.248332023620605,,,,
8168,8168,10.1942777633667,,,,
8169,8169,,9.594423294067383,,,
8169,8169,9.594423294067383,,,,
8170,8170,10.624342918395996,,,,
8171,8171,9.513318061828613,,,,
8172,8172,9.830008506774902,,,,
8173,8173,9.064023971557617,,,,
8174,8174,9.1511812210083,,,,
8175,8175,8.811826705932617,,,,
8176,8176,8.7648344039917,,,,
8177,8177,8.599994659423828,,,,
8178,8178,8.687544822692871,,,,
8179,8179,,8.651867866516113,,,
8179,8179,8.651867866516113,,,,
8180,8180,8.784790992736816,,,,
8181,8181,8.77931022644043,,,,
8182,8182,9.166740417480469,,,,
8183,8183,9.180536270141602,,,,
8184,8184,10.333444595336914,,,,
8185,8185,9.787944793701172,,,,
8186,8186,11.335461616516113,,,,
8187,8187,9.610896110534668,,,,
8188,8188,9.6546630859375,,,,
8189,8189,,8.883516311645508,,,
8189,8189,8.883516311645508,,,,
8190,8190,8.623751640319824,,,,
8191,8191,8.541204452514648,,,,
8192,8192,8.631227493286133,,,,
8193,8193,8.753703117370605,,,,
8194,8194,8.822721481323242,,,,
8195,8195,9.270353317260742,,,,
8196,8196,9.240030288696289,,,,
8197,8197,10.594080924987793,,,,
8198,8198,9.884710311889648,,,,
8199,8199,,11.467634201049805,,,
8199,8199,11.467634201049805,,,,
8200,8200,9.59357738494873,,,,
8201,8201,9.496060371398926,,,,
8202,8202,8.796271324157715,,,,
8203,8203,8.523727416992188,,,,
8204,8204,8.48086929321289,,,,
8205,8205,8.665857315063477,,,,
8206,8206,8.976197242736816,,,,
8207,8207,9.010476112365723,,,,
8208,8208,9.438263893127441,,,,
8209,8209,,9.083359718322754,,,
8209,8209,9.083359718322754,,,,
8210,8210,9.348933219909668,,,,
8211,8211,8.934134483337402,,,,
8212,8212,8.87365436553955,,,,
8213,8213,8.685707092285156,,,,
8214,8214,8.622632026672363,,,,
8215,8215,8.63121223449707,,,,
8216,8216,8.548674583435059,,,,
8217,8217,8.623247146606445,,,,
8218,8218,8.647028923034668,,,,
8219,8219,,8.765341758728027,,,
8219,8219,8.765341758728027,,,,
8220,8220,8.959341049194336,,,,
8221,8221,8.846314430236816,,,,
8222,8222,9.054718971252441,,,,
8223,8223,8.876852989196777,,,,
8224,8224,9.136734962463379,,,,
8225,8225,8.893651962280273,,,,
8226,8226,9.147043228149414,,,,
8227,8227,8.887928009033203,,,,
8228,8228,9.291642189025879,,,,
8229,8229,,8.939434051513672,,,
8229,8229,8.939434051513672,,,,
8230,8230,9.34805965423584,,,,
8231,8231,8.924015998840332,,,,
8232,8232,9.199604988098145,,,,
8233,8233,8.864846229553223,,,,
8234,8234,9.025333404541016,,,,
8235,8235,8.7795991897583,,,,
8236,8236,8.941396713256836,,,,
8237,8237,8.806010246276855,,,,
8238,8238,8.978466033935547,,,,
8239,8239,,8.878412246704102,,,
8239,8239,8.878412246704102,,,,
8240,8240,9.239083290100098,,,,
8241,8241,8.97938060760498,,,,
8242,8242,9.817911148071289,,,,
8243,8243,9.367319107055664,,,,
8244,8244,10.633213996887207,,,,
8245,8245,9.428257942199707,,,,
8246,8246,9.780701637268066,,,,
8247,8247,8.86988639831543,,,,
8248,8248,8.7983980178833,,,,
8249,8249,,8.546595573425293,,,
8249,8249,8.546595573425293,,,,
8250,8250,8.475467681884766,,,,
8251,8251,8.463507652282715,,,,
8252,8252,8.514754295349121,,,,
8253,8253,8.6260404586792,,,,
8254,8254,8.733731269836426,,,,
8255,8255,9.28661060333252,,,,
8256,8256,9.304728507995605,,,,
8257,8257,11.315070152282715,,,,
8258,8258,10.001119613647461,,,,
8259,8259,,11.375102996826172,,,
8259,8259,11.375102996826172,,,,
8260,8260,9.236456871032715,,,,
8261,8261,9.02101993560791,,,,
8262,8262,8.542142868041992,,,,
8263,8263,8.499556541442871,,,,
8264,8264,8.683158874511719,,,,
8265,8265,8.907102584838867,,,,
8266,8266,9.83936882019043,,,,
8267,8267,9.477402687072754,,,,
8268,8268,11.142129898071289,,,,
8269,8269,,9.534590721130371,,,
8269,8269,9.534590721130371,,,,
8270,8270,10.010218620300293,,,,
8271,8271,8.928818702697754,,,,
8272,8272,8.676132202148438,,,,
8273,8273,8.405348777770996,,,,
8274,8274,8.396076202392578,,,,
8275,8275,8.512683868408203,,,,
8276,8276,8.856284141540527,,,,
8277,8277,10.024613380432129,,,,
8278,8278,9.56434440612793,,,,
8279,8279,,11.022422790527344,,,
8279,8279,11.022422790527344,,,,
8280,8280,9.123493194580078,,,,
8281,8281,8.841486930847168,,,,
8282,8282,8.486421585083008,,,,
8283,8283,8.490188598632812,,,,
8284,8284,8.712088584899902,,,,
8285,8285,8.872169494628906,,,,
8286,8286,9.564199447631836,,,,
8287,8287,9.15191650390625,,,,
8288,8288,10.03165340423584,,,,
8289,8289,,9.126314163208008,,,
8289,8289,9.126314163208008,,,,
8290,8290,9.554404258728027,,,,
8291,8291,8.834362983703613,,,,
8292,8292,8.869563102722168,,,,
8293,8293,8.579133033752441,,,,
8294,8294,8.499255180358887,,,,
8295,8295,8.463335990905762,,,,
8296,8296,8.579179763793945,,,,
8297,8297,8.723557472229004,,,,
8298,8298,9.346320152282715,,,,
8299,8299,,9.21887493133545,,,
8299,8299,9.21887493133545,,,,
8300,8300,10.794588088989258,,,,
8301,8301,9.404808044433594,,,,
8302,8302,10.036275863647461,,,,
8303,8303,8.76253604888916,,,,
8304,8304,8.434167861938477,,,,
8305,8305,8.402929306030273,,,,
8306,8306,8.532228469848633,,,,
8307,8307,9.212546348571777,,,,
8308,8308,9.222116470336914,,,,
8309,8309,,11.154568672180176,,,
8309,8309,11.154568672180176,,,,
8310,8310,9.738715171813965,,,,
8311,8311,11.069845199584961,,,,
8312,8312,8.992030143737793,,,,
8313,8313,8.618647575378418,,,,
8314,8314,8.392387390136719,,,,
8315,8315,8.46761703491211,,,,
8316,8316,8.996739387512207,,,,
8317,8317,8.96616268157959,,,,
8318,8318,9.924957275390625,,,,
8319,8319,,9.148453712463379,,,
8319,8319,9.148453712463379,,,,
8320,8320,10.124507904052734,,,,
8321,8321,8.998122215270996,,,,
8322,8322,9.06970500946045,,,,
8323,8323,8.540129661560059,,,,
8324,8324,8.362981796264648,,,,
8325,8325,8.28210735321045,,,,
8326,8326,8.333840370178223,,,,
8327,8327,8.544753074645996,,,,
8328,8328,8.71325397491455,,,,
8329,8329,,10.077817916870117,,,
8329,8329,10.077817916870117,,,,
8330,8330,9.906391143798828,,,,
8331,8331,12.86076545715332,,,,
8332,8332,9.158577919006348,,,,
8333,8333,8.420450210571289,,,,
8334,8334,8.614401817321777,,,,
8335,8335,9.191866874694824,,,,
8336,8336,10.95962142944336,,,,
8337,8337,9.233152389526367,,,,
8338,8338,9.28199291229248,,,,
8339,8339,,8.441244125366211,,,
8339,8339,8.441244125366211,,,,
8340,8340,8.281344413757324,,,,
8341,8341,8.42109203338623,,,,
8342,8342,8.81082534790039,,,,
8343,8343,11.488388061523438,,,,
8344,8344,10.903817176818848,,,,
8345,8345,17.09878921508789,,,,
8346,8346,8.924836158752441,,,,
8347,8347,10.97734260559082,,,,
8348,8348,24.745264053344727,,,,
8349,8349,,8.754748344421387,,,
8349,8349,8.754748344421387,,,,
8350,8350,42.57545852661133,,,,
8351,8351,164.8140411376953,,,,
8352,8352,243.770751953125,,,,
8353,8353,234.39019775390625,,,,
8354,8354,173.72779846191406,,,,
8355,8355,97.88580322265625,,,,
8356,8356,44.09343338012695,,,,
8357,8357,86.22227478027344,,,,
8358,8358,119.50059509277344,,,,
8359,8359,,67.46312713623047,,,
8359,8359,67.46312713623047,,,,
8360,8360,43.88850784301758,,,,
8361,8361,37.03094482421875,,,,
8362,8362,44.18440246582031,,,,
8363,8363,53.18033981323242,,,,
8364,8364,59.79247283935547,,,,
8365,8365,61.32074737548828,,,,
8366,8366,58.33618927001953,,,,
8367,8367,53.63002395629883,,,,
8368,8368,49.738155364990234,,,,
8369,8369,,47.764278411865234,,,
8369,8369,47.764278411865234,,,,
8370,8370,47.51942443847656,,,,
8371,8371,48.65087127685547,,,,
8372,8372,50.31990051269531,,,,
8373,8373,51.28190994262695,,,,
8374,8374,51.10152816772461,,,,
8375,8375,49.62094497680664,,,,
8376,8376,47.25110626220703,,,,
8377,8377,44.95248031616211,,,,
8378,8378,43.44784927368164,,,,
8379,8379,,42.75032043457031,,,
8379,8379,42.75032043457031,,,,
8380,8380,42.66526794433594,,,,
8381,8381,42.686092376708984,,,,
8382,8382,42.446815490722656,,,,
8383,8383,41.839569091796875,,,,
8384,8384,40.95768737792969,,,,
8385,8385,39.90771484375,,,,
8386,8386,39.10624313354492,,,,
8387,8387,38.61909484863281,,,,
8388,8388,38.36548614501953,,,,
8389,8389,,38.139225006103516,,,
8389,8389,38.139225006103516,,,,
8390,8390,37.833946228027344,,,,
8391,8391,37.531898498535156,,,,
8392,8392,37.09807205200195,,,,
8393,8393,36.62367630004883,,,,
8394,8394,36.169960021972656,,,,
8395,8395,35.728145599365234,,,,
8396,8396,35.29800033569336,,,,
8397,8397,34.875953674316406,,,,
8398,8398,34.41911697387695,,,,
8399,8399,,33.925201416015625,,,
8399,8399,33.925201416015625,,,,
8400,8400,33.406429290771484,,,,
8401,8401,32.916587829589844,,,,
8402,8402,32.46708297729492,,,,
8403,8403,31.998674392700195,,,,
8404,8404,31.67633056640625,,,,
8405,8405,31.265979766845703,,,,
8406,8406,30.826095581054688,,,,
8407,8407,30.382848739624023,,,,
8408,8408,29.952802658081055,,,,
8409,8409,,29.53830337524414,,,
8409,8409,29.53830337524414,,,,
8410,8410,29.1546630859375,,,,
8411,8411,28.806427001953125,,,,
8412,8412,28.416471481323242,,,,
8413,8413,28.01743507385254,,,,
8414,8414,27.67776870727539,,,,
8415,8415,27.362071990966797,,,,
8416,8416,27.026308059692383,,,,
8417,8417,26.628747940063477,,,,
8418,8418,26.25977325439453,,,,
8419,8419,,25.903196334838867,,,
8419,8419,25.903196334838867,,,,
8420,8420,25.555633544921875,,,,
8421,8421,25.246017456054688,,,,
8422,8422,24.914676666259766,,,,
8423,8423,24.579383850097656,,,,
8424,8424,24.272275924682617,,,,
8425,8425,23.93430519104004,,,,
8426,8426,23.604190826416016,,,,
8427,8427,23.28935432434082,,,,
8428,8428,22.944133758544922,,,,
8429,8429,,22.6788272857666,,,
8429,8429,22.6788272857666,,,,
8430,8430,22.384090423583984,,,,
8431,8431,22.167804718017578,,,,
8432,8432,21.8963565826416,,,,
8433,8433,21.637496948242188,,,,
8434,8434,21.411191940307617,,,,
8435,8435,21.197904586791992,,,,
8436,8436,20.9150333404541,,,,
8437,8437,20.744823455810547,,,,
8438,8438,20.54814910888672,,,,
8439,8439,,20.2955265045166,,,
8439,8439,20.2955265045166,,,,
8440,8440,20.101970672607422,,,,
8441,8441,19.927400588989258,,,,
8442,8442,19.703269958496094,,,,
8443,8443,19.494773864746094,,,,
8444,8444,19.347562789916992,,,,
8445,8445,19.154516220092773,,,,
8446,8446,18.98638153076172,,,,
8447,8447,18.821077346801758,,,,
8448,8448,18.633132934570312,,,,
8449,8449,,18.53385353088379,,,
8449,8449,18.53385353088379,,,,
8450,8450,18.394088745117188,,,,
8451,8451,18.2222957611084,,,,
8452,8452,18.15557098388672,,,,
8453,8453,18.014272689819336,,,,
8454,8454,17.884511947631836,,,,
8455,8455,17.766510009765625,,,,
8456,8456,17.679443359375,,,,
8457,8457,17.569547653198242,,,,
8458,8458,17.41693687438965,,,,
8459,8459,,17.37615394592285,,,
8459,8459,17.37615394592285,,,,
8460,8460,17.227014541625977,,,,
8461,8461,17.094192504882812,,,,
8462,8462,16.98411750793457,,,,
8463,8463,16.850645065307617,,,,
8464,8464,16.742164611816406,,,,
8465,8465,16.687875747680664,,,,
8466,8466,16.601831436157227,,,,
8467,8467,16.450531005859375,,,,
8468,8468,16.356966018676758,,,,
8469,8469,,16.23951530456543,,,
8469,8469,16.23951530456543,,,,
8470,8470,16.128910064697266,,,,
8471,8471,16.05907440185547,,,,
8472,8472,15.903383255004883,,,,
8473,8473,15.797740936279297,,,,
8474,8474,15.748422622680664,,,,
8475,8475,15.610298156738281,,,,
8476,8476,15.521308898925781,,,,
8477,8477,15.412121772766113,,,,
8478,8478,15.370885848999023,,,,
8479,8479,,15.226713180541992,,,
8479,8479,15.226713180541992,,,,
8480,8480,15.100181579589844,,,,
8481,8481,15.032261848449707,,,,
8482,8482,14.976455688476562,,,,
8483,8483,14.886287689208984,,,,
8484,8484,14.85029125213623,,,,
8485,8485,14.721033096313477,,,,
8486,8486,14.611388206481934,,,,
8487,8487,14.524624824523926,,,,
8488,8488,14.472018241882324,,,,
8489,8489,,14.427216529846191,,,
8489,8489,14.427216529846191,,,,
8490,8490,14.33647632598877,,,,
8491,8491,14.302464485168457,,,,
8492,8492,14.20511531829834,,,,
8493,8493,14.0929536819458,,,,
8494,8494,14.049466133117676,,,,
8495,8495,14.0660400390625,,,,
8496,8496,13.91683578491211,,,,
8497,8497,13.847406387329102,,,,
8498,8498,13.759947776794434,,,,
8499,8499,,13.7247314453125,,,
8499,8499,,,0.2669129967689514,435.743408203125,336.45831298828125
8499,8499,13.7247314453125,,,,
8500,8500,13.641108512878418,,,,
8501,8501,13.547062873840332,,,,
8502,8502,13.551342010498047,,,,
8503,8503,13.462667465209961,,,,
8504,8504,13.372398376464844,,,,
8505,8505,13.333335876464844,,,,
8506,8506,13.287689208984375,,,,
8507,8507,13.264217376708984,,,,
8508,8508,13.140563011169434,,,,
8509,8509,,13.089097023010254,,,
8509,8509,13.089097023010254,,,,
8510,8510,13.084400177001953,,,,
8511,8511,12.986931800842285,,,,
8512,8512,12.778532981872559,,,,
8513,8513,12.686579704284668,,,,
8514,8514,12.654603004455566,,,,
8515,8515,12.666563987731934,,,,
8516,8516,12.627531051635742,,,,
8517,8517,12.587716102600098,,,,
8518,8518,12.499210357666016,,,,
8519,8519,,12.503228187561035,,,
8519,8519,12.503228187561035,,,,
8520,8520,12.499629020690918,,,,
8521,8521,12.438584327697754,,,,
8522,8522,12.40135383605957,,,,
8523,8523,12.379302024841309,,,,
8524,8524,12.36812686920166,,,,
8525,8525,12.33434009552002,,,,
8526,8526,12.271758079528809,,,,
8527,8527,12.224654197692871,,,,
8528,8528,12.215253829956055,,,,
8529,8529,,12.132922172546387,,,
8529,8529,12.132922172546387,,,,
8530,8530,12.086845397949219,,,,
8531,8531,12.080307006835938,,,,
8532,8532,12.043983459472656,,,,
8533,8533,12.01352310180664,,,,
8534,8534,11.928214073181152,,,,
8535,8535,11.886892318725586,,,,
8536,8536,11.836559295654297,,,,
8537,8537,11.788493156433105,,,,
8538,8538,11.774975776672363,,,,
8539,8539,,11.713460922241211,,,
8539,8539,11.713460922241211,,,,
8540,8540,11.615046501159668,,,,
8541,8541,11.545304298400879,,,,
8542,8542,11.497483253479004,,,,
8543,8543,11.449309349060059,,,,
8544,8544,11.34776496887207,,,,
8545,8545,11.346038818359375,,,,
8546,8546,11.365113258361816,,,,
8547,8547,11.311783790588379,,,,
8548,8548,11.293517112731934,,,,
8549,8549,,11.21837329864502,,,
8549,8549,11.21837329864502,,,,
8550,8550,11.18017292022705,,,,
8551,8551,11.178877830505371,,,,
8552,8552,11.087503433227539,,,,
8553,8553,11.059701919555664,,,,
8554,8554,10.997234344482422,,,,
8555,8555,10.898455619812012,,,,
8556,8556,10.852992057800293,,,,
8557,8557,10.776607513427734,,,,
8558,8558,10.786211013793945,,,,
8559,8559,,10.759207725524902,,,
8559,8559,10.759207725524902,,,,
8560,8560,10.713334083557129,,,,
8561,8561,10.69402027130127,,,,
8562,8562,10.62042236328125,,,,
8563,8563,10.49850082397461,,,,
8564,8564,10.450486183166504,,,,
8565,8565,10.379148483276367,,,,
8566,8566,10.298049926757812,,,,
8567,8567,10.150691986083984,,,,
8568,8568,10.15709114074707,,,,
8569,8569,,10.038322448730469,,,
8569,8569,10.038322448730469,,,,
8570,8570,9.9708890914917,,,,
8571,8571,9.87232494354248,,,,
8572,8572,9.715028762817383,,,,
8573,8573,9.64022445678711,,,,
8574,8574,9.579272270202637,,,,
8575,8575,9.520602226257324,,,,
8576,8576,9.537933349609375,,,,
8577,8577,9.437422752380371,,,,
8578,8578,9.401782989501953,,,,
8579,8579,,9.468558311462402,,,
8579,8579,9.468558311462402,,,,
8580,8580,9.4500732421875,,,,
8581,8581,9.403976440429688,,,,
8582,8582,9.272273063659668,,,,
8583,8583,9.225543975830078,,,,
8584,8584,9.265686988830566,,,,
8585,8585,9.227027893066406,,,,
8586,8586,9.18480110168457,,,,
8587,8587,9.220542907714844,,,,
8588,8588,9.22144603729248,,,,
8589,8589,,9.164078712463379,,,
8589,8589,9.164078712463379,,,,
8590,8590,9.074009895324707,,,,
8591,8591,9.060940742492676,,,,
8592,8592,8.959282875061035,,,,
8593,8593,8.954306602478027,,,,
8594,8594,8.96313190460205,,,,
8595,8595,8.95236587524414,,,,
8596,8596,8.941540718078613,,,,
8597,8597,8.917258262634277,,,,
8598,8598,8.914761543273926,,,,
8599,8599,,8.900510787963867,,,
8599,8599,8.900510787963867,,,,
8600,8600,8.894903182983398,,,,
8601,8601,8.904460906982422,,,,
8602,8602,8.89483642578125,,,,
8603,8603,8.891157150268555,,,,
8604,8604,8.919600486755371,,,,
8605,8605,8.941755294799805,,,,
8606,8606,9.139721870422363,,,,
8607,8607,9.173771858215332,,,,
8608,8608,9.251453399658203,,,,
8609,8609,,9.22687816619873,,,
8609,8609,9.22687816619873,,,,
8610,8610,9.177945137023926,,,,
8611,8611,8.980279922485352,,,,
8612,8612,8.914742469787598,,,,
8613,8613,8.780598640441895,,,,
8614,8614,8.774380683898926,,,,
8615,8615,8.731865882873535,,,,
8616,8616,8.717194557189941,,,,
8617,8617,8.716009140014648,,,,
8618,8618,8.691032409667969,,,,
8619,8619,,8.67088508605957,,,
8619,8619,8.67088508605957,,,,
8620,8620,8.690718650817871,,,,
8621,8621,8.694336891174316,,,,
8622,8622,8.852683067321777,,,,
8623,8623,8.940864562988281,,,,
8624,8624,9.255921363830566,,,,
8625,8625,9.925320625305176,,,,
8626,8626,9.795845031738281,,,,
8627,8627,10.907552719116211,,,,
8628,8628,9.84498405456543,,,,
8629,8629,,9.925067901611328,,,
8629,8629,9.925067901611328,,,,
8630,8630,8.975305557250977,,,,
8631,8631,8.669917106628418,,,,
8632,8632,8.715263366699219,,,,
8633,8633,8.992709159851074,,,,
8634,8634,9.482337951660156,,,,
8635,8635,9.3861722946167,,,,
8636,8636,9.65335750579834,,,,
8637,8637,9.123858451843262,,,,
8638,8638,8.979631423950195,,,,
8639,8639,,8.857034683227539,,,
8639,8639,8.857034683227539,,,,
8640,8640,8.75036907196045,,,,
8641,8641,8.81148624420166,,,,
8642,8642,8.796713829040527,,,,
8643,8643,9.132516860961914,,,,
8644,8644,9.862430572509766,,,,
8645,8645,9.90495491027832,,,,
8646,8646,12.109745979309082,,,,
8647,8647,9.950217247009277,,,,
8648,8648,9.719934463500977,,,,
8649,8649,,8.713785171508789,,,
8649,8649,8.713785171508789,,,,
8650,8650,8.687311172485352,,,,
8651,8651,9.378639221191406,,,,
8652,8652,9.521062850952148,,,,
8653,8653,9.933476448059082,,,,
8654,8654,8.965826034545898,,,,
8655,8655,8.588311195373535,,,,
8656,8656,8.493967056274414,,,,
8657,8657,8.761098861694336,,,,
8658,8658,9.343538284301758,,,,
8659,8659,,9.666340827941895,,,
8659,8659,9.666340827941895,,,,
8660,8660,12.608468055725098,,,,
8661,8661,10.247262954711914,,,,
8662,8662,10.183910369873047,,,,
8663,8663,8.732884407043457,,,,
8664,8664,9.022494316101074,,,,
8665,8665,10.470243453979492,,,,
8666,8666,9.54479694366455,,,,
8667,8667,9.14914321899414,,,,
8668,8668,8.647419929504395,,,,
8669,8669,,8.551026344299316,,,
8669,8669,8.551026344299316,,,,
8670,8670,9.035919189453125,,,,
8671,8671,9.406820297241211,,,,
8672,8672,10.727006912231445,,,,
8673,8673,9.472536087036133,,,,
8674,8674,9.550020217895508,,,,
8675,8675,8.870551109313965,,,,
8676,8676,8.530625343322754,,,,
8677,8677,8.3357515335083,,,,
8678,8678,8.366205215454102,,,,
8679,8679,,8.456634521484375,,,
8679,8679,8.456634521484375,,,,
8680,8680,8.53449821472168,,,,
8681,8681,8.927125930786133,,,,
8682,8682,9.473128318786621,,,,
8683,8683,11.605781555175781,,,,
8684,8684,9.652056694030762,,,,
8685,8685,9.18343734741211,,,,
8686,8686,8.639165878295898,,,,
8687,8687,8.458635330200195,,,,
8688,8688,8.770366668701172,,,,
8689,8689,,9.201656341552734,,,
8689,8689,9.201656341552734,,,,
8690,8690,10.146842002868652,,,,
8691,8691,9.39846420288086,,,,
8692,8692,9.771656036376953,,,,
8693,8693,9.002358436584473,,,,
8694,8694,8.755566596984863,,,,
8695,8695,8.548304557800293,,,,
8696,8696,8.302651405334473,,,,
8697,8697,8.328166961669922,,,,
8698,8698,8.447602272033691,,,,
8699,8699,,8.590008735656738,,,
8699,8699,8.590008735656738,,,,
8700,8700,9.35882568359375,,,,
8701,8701,9.877697944641113,,,,
8702,8702,13.052775382995605,,,,
8703,8703,9.449618339538574,,,,
8704,8704,8.41759204864502,,,,
8705,8705,8.682950019836426,,,,
8706,8706,9.478658676147461,,,,
8707,8707,11.078653335571289,,,,
8708,8708,9.080039978027344,,,,
8709,8709,,8.391143798828125,,,
8709,8709,8.391143798828125,,,,
8710,8710,8.781394958496094,,,,
8711,8711,9.609650611877441,,,,
8712,8712,12.935981750488281,,,,
8713,8713,9.723315238952637,,,,
8714,8714,9.500736236572266,,,,
8715,8715,8.579245567321777,,,,
8716,8716,8.319120407104492,,,,
8717,8717,8.468945503234863,,,,
8718,8718,8.883934020996094,,,,
8719,8719,,10.385065078735352,,,
8719,8719,10.385065078735352,,,,
8720,8720,9.77518081665039,,,,
8721,8721,11.886570930480957,,,,
8722,8722,9.201226234436035,,,,
8723,8723,8.458465576171875,,,,
8724,8724,8.52879810333252,,,,
8725,8725,9.093249320983887,,,,
8726,8726,9.914397239685059,,,,
8727,8727,8.882266998291016,,,,
8728,8728,8.361870765686035,,,,
8729,8729,,8.324554443359375,,,
8729,8729,8.324554443359375,,,,
8730,8730,8.656037330627441,,,,
8731,8731,9.640180587768555,,,,
8732,8732,9.65527057647705,,,,
8733,8733,13.061978340148926,,,,
8734,8734,9.547441482543945,,,,
8735,8735,8.558185577392578,,,,
8736,8736,8.642635345458984,,,,
8737,8737,9.285381317138672,,,,
8738,8738,9.55412483215332,,,,
8739,8739,,8.676068305969238,,,
8739,8739,8.676068305969238,,,,
8740,8740,8.708940505981445,,,,
8741,8741,9.605218887329102,,,,
8742,8742,9.270499229431152,,,,
8743,8743,10.338550567626953,,,,
8744,8744,9.367659568786621,,,,
8745,8745,11.001606941223145,,,,
8746,8746,9.599591255187988,,,,
8747,8747,10.518535614013672,,,,
8748,8748,8.805601119995117,,,,
8749,8749,,8.42173957824707,,,
8749,8749,8.42173957824707,,,,
8750,8750,8.692205429077148,,,,
8751,8751,9.103048324584961,,,,
8752,8752,9.954243659973145,,,,
8753,8753,8.745040893554688,,,,
8754,8754,8.348801612854004,,,,
8755,8755,8.206192016601562,,,,
8756,8756,8.327476501464844,,,,
8757,8757,8.951383590698242,,,,
8758,8758,9.137321472167969,,,,
8759,8759,,12.09919261932373,,,
8759,8759,12.09919261932373,,,,
8760,8760,9.836369514465332,,,,
8761,8761,10.175641059875488,,,,
8762,8762,8.5381441116333,,,,
8763,8763,8.832600593566895,,,,
8764,8764,10.614310264587402,,,,
8765,8765,9.133990287780762,,,,
8766,8766,8.502635955810547,,,,
8767,8767,8.256998062133789,,,,
8768,8768,8.600985527038574,,,,
8769,8769,,9.984965324401855,,,
8769,8769,9.984965324401855,,,,
8770,8770,9.732036590576172,,,,
8771,8771,13.510330200195312,,,,
8772,8772,9.424820899963379,,,,
8773,8773,8.435697555541992,,,,
8774,8774,8.432193756103516,,,,
8775,8775,9.051932334899902,,,,
8776,8776,10.280783653259277,,,,
8777,8777,8.62139892578125,,,,
8778,8778,8.31224250793457,,,,
8779,8779,,8.810628890991211,,,
8779,8779,8.810628890991211,,,,
8780,8780,9.235587120056152,,,,
8781,8781,11.503860473632812,,,,
8782,8782,9.353063583374023,,,,
8783,8783,9.968481063842773,,,,
8784,8784,8.540803909301758,,,,
8785,8785,8.237322807312012,,,,
8786,8786,8.126255989074707,,,,
8787,8787,8.216048240661621,,,,
8788,8788,8.697546005249023,,,,
8789,8789,,8.949419021606445,,,
8789,8789,8.949419021606445,,,,
8790,8790,11.065203666687012,,,,
8791,8791,9.403341293334961,,,,
8792,8792,9.87979507446289,,,,
8793,8793,8.331859588623047,,,,
8794,8794,8.37110710144043,,,,
8795,8795,9.454615592956543,,,,
8796,8796,8.792061805725098,,,,
8797,8797,8.510760307312012,,,,
8798,8798,8.140043258666992,,,,
8799,8799,,8.115791320800781,,,
8799,8799,8.115791320800781,,,,
8800,8800,8.435927391052246,,,,
8801,8801,8.97429084777832,,,,
8802,8802,11.92679500579834,,,,
8803,8803,10.044807434082031,,,,
8804,8804,11.095935821533203,,,,
8805,8805,8.433869361877441,,,,
8806,8806,9.365914344787598,,,,
8807,8807,12.595582008361816,,,,
8808,8808,9.007148742675781,,,,
8809,8809,,8.563492774963379,,,
8809,8809,8.563492774963379,,,,
8810,8810,10.985465049743652,,,,
8811,8811,9.231602668762207,,,,
8812,8812,9.241127014160156,,,,
8813,8813,8.275274276733398,,,,
8814,8814,8.043612480163574,,,,
8815,8815,8.09365463256836,,,,
8816,8816,8.14598560333252,,,,
8817,8817,8.543551445007324,,,,
8818,8818,9.257347106933594,,,,
8819,8819,,13.269044876098633,,,
8819,8819,13.269044876098633,,,,
8820,8820,9.107019424438477,,,,
8821,8821,8.15377426147461,,,,
8822,8822,8.357743263244629,,,,
8823,8823,8.964858055114746,,,,
8824,8824,10.344764709472656,,,,
8825,8825,8.728608131408691,,,,
8826,8826,8.112682342529297,,,,
8827,8827,8.044352531433105,,,,
8828,8828,8.41104507446289,,,,
8829,8829,,9.797877311706543,,,
8829,8829,9.797877311706543,,,,
8830,8830,10.112190246582031,,,,
8831,8831,17.496078491210938,,,,
8832,8832,9.027308464050293,,,,
8833,8833,11.2025728225708,,,,
8834,8834,23.94672966003418,,,,
8835,8835,8.937189102172852,,,,
8836,8836,33.790565490722656,,,,
8837,8837,137.0909881591797,,,,
8838,8838,201.3076629638672,,,,
8839,8839,,183.11485290527344,,,
8839,8839,183.11485290527344,,,,
8840,8840,115.47449493408203,,,,
8841,8841,38.356773376464844,,,,
8842,8842,62.63677978515625,,,,
8843,8843,110.95564270019531,,,,
8844,8844,36.698768615722656,,,,
8845,8845,35.5190544128418,,,,
8846,8846,57.489051818847656,,,,
8847,8847,71.20002746582031,,,,
8848,8848,74.13578796386719,,,,
8849,8849,,68.82697296142578,,,
8849,8849,68.82697296142578,,,,
8850,8850,59.82362747192383,,,,
8851,8851,51.457923889160156,,,,
8852,8852,46.6936149597168,,,,
8853,8853,46.599517822265625,,,,
8854,8854,49.68751907348633,,,,
8855,8855,53.795249938964844,,,,
8856,8856,57.26010513305664,,,,
8857,8857,58.91825866699219,,,,
8858,8858,58.424285888671875,,,,
8859,8859,,55.93394470214844,,,
8859,8859,55.93394470214844,,,,
8860,8860,52.35713195800781,,,,
8861,8861,49.0559196472168,,,,
8862,8862,46.73518753051758,,,,
8863,8863,45.57545471191406,,,,
8864,8864,45.39109802246094,,,,
8865,8865,45.77933883666992,,,,
8866,8866,46.28076934814453,,,,
8867,8867,46.45188522338867,,,,
8868,8868,46.03936767578125,,,,
8869,8869,,45.06638717651367,,,
8869,8869,45.06638717651367,,,,
8870,8870,43.796817779541016,,,,
8871,8871,42.69148254394531,,,,
8872,8872,41.865867614746094,,,,
8873,8873,41.214412689208984,,,,
8874,8874,40.683929443359375,,,,
8875,8875,40.2640266418457,,,,
8876,8876,39.96609115600586,,,,
8877,8877,39.6907844543457,,,,
8878,8878,39.32200241088867,,,,
8879,8879,,38.87091827392578,,,
8879,8879,38.87091827392578,,,,
8880,8880,38.40584945678711,,,,
8881,8881,37.958736419677734,,,,
8882,8882,37.5795783996582,,,,
8883,8883,37.218719482421875,,,,
8884,8884,36.82878112792969,,,,
8885,8885,36.4681282043457,,,,
8886,8886,36.109310150146484,,,,
8887,8887,35.70332336425781,,,,
8888,8888,35.29938888549805,,,,
8889,8889,,34.998844146728516,,,
8889,8889,34.998844146728516,,,,
8890,8890,34.739173889160156,,,,
8891,8891,34.52865219116211,,,,
8892,8892,34.21985626220703,,,,
8893,8893,33.830169677734375,,,,
8894,8894,33.39772415161133,,,,
8895,8895,33.12261962890625,,,,
8896,8896,32.84632873535156,,,,
8897,8897,32.49541091918945,,,,
8898,8898,32.121036529541016,,,,
8899,8899,,31.79248046875,,,
8899,8899,31.79248046875,,,,
8900,8900,31.513242721557617,,,,
8901,8901,31.229595184326172,,,,
8902,8902,30.987537384033203,,,,
8903,8903,30.739992141723633,,,,
8904,8904,30.43086814880371,,,,
8905,8905,30.143272399902344,,,,
8906,8906,29.857872009277344,,,,
8907,8907,29.58283233642578,,,,
8908,8908,29.28119659423828,,,,
8909,8909,,29.01582145690918,,,
8909,8909,29.01582145690918,,,,
8910,8910,28.764860153198242,,,,
8911,8911,28.513137817382812,,,,
8912,8912,28.26292610168457,,,,
8913,8913,28.010345458984375,,,,
8914,8914,27.744647979736328,,,,
8915,8915,27.48910140991211,,,,
8916,8916,27.222312927246094,,,,
8917,8917,26.957937240600586,,,,
8918,8918,26.728878021240234,,,,
8919,8919,,26.470436096191406,,,
8919,8919,26.470436096191406,,,,
8920,8920,26.238739013671875,,,,
8921,8921,25.971651077270508,,,,
8922,8922,25.736942291259766,,,,
8923,8923,25.530670166015625,,,,
8924,8924,25.31334686279297,,,,
8925,8925,25.10403823852539,,,,
8926,8926,24.863340377807617,,,,
8927,8927,24.635602951049805,,,,
8928,8928,24.48135757446289,,,,
8929,8929,,24.235780715942383,,,
8929,8929,24.235780715942383,,,,
8930,8930,24.077756881713867,,,,
8931,8931,23.86360740661621,,,,
8932,8932,23.703227996826172,,,,
8933,8933,23.42635726928711,,,,
8934,8934,23.242279052734375,,,,
8935,8935,23.1154842376709,,,,
8936,8936,22.98494529724121,,,,
8937,8937,22.793643951416016,,,,
8938,8938,22.66952896118164,,,,
8939,8939,,22.487491607666016,,,
8939,8939,22.487491607666016,,,,
8940,8940,22.35042953491211,,,,
8941,8941,22.174116134643555,,,,
8942,8942,22.002660751342773,,,,
8943,8943,21.8253173828125,,,,
8944,8944,21.670440673828125,,,,
8945,8945,21.501911163330078,,,,
8946,8946,21.27005386352539,,,,
8947,8947,21.168315887451172,,,,
8948,8948,21.000288009643555,,,,
8949,8949,,20.903858184814453,,,
8949,8949,20.903858184814453,,,,
8950,8950,20.7696533203125,,,,
8951,8951,20.614627838134766,,,,
8952,8952,20.453275680541992,,,,
8953,8953,20.344118118286133,,,,
8954,8954,20.243608474731445,,,,
8955,8955,20.0893611907959,,,,
8956,8956,19.954484939575195,,,,
8957,8957,19.816139221191406,,,,
8958,8958,19.6990909576416,,,,
8959,8959,,19.563167572021484,,,
8959,8959,19.563167572021484,,,,
8960,8960,19.45033836364746,,,,
8961,8961,19.35987663269043,,,,
8962,8962,19.21283721923828,,,,
8963,8963,19.139074325561523,,,,
8964,8964,19.038257598876953,,,,
8965,8965,18.856353759765625,,,,
8966,8966,18.767087936401367,,,,
8967,8967,18.637771606445312,,,,
8968,8968,18.559127807617188,,,,
8969,8969,,18.374202728271484,,,
8969,8969,18.374202728271484,,,,
8970,8970,18.261438369750977,,,,
8971,8971,18.20463752746582,,,,
8972,8972,18.104419708251953,,,,
8973,8973,18.00042152404785,,,,
8974,8974,17.902196884155273,,,,
8975,8975,17.827964782714844,,,,
8976,8976,17.725568771362305,,,,
8977,8977,17.567035675048828,,,,
8978,8978,17.49065399169922,,,,
8979,8979,,17.4124755859375,,,
8979,8979,17.4124755859375,,,,
8980,8980,17.317842483520508,,,,
8981,8981,17.213186264038086,,,,
8982,8982,17.12981605529785,,,,
8983,8983,17.035402297973633,,,,
8984,8984,16.903398513793945,,,,
8985,8985,16.81062126159668,,,,
8986,8986,16.674894332885742,,,,
8987,8987,16.59315299987793,,,,
8988,8988,16.490148544311523,,,,
8989,8989,,16.43412971496582,,,
8989,8989,16.43412971496582,,,,
8990,8990,16.35140609741211,,,,
8991,8991,16.244022369384766,,,,
8992,8992,16.216297149658203,,,,
8993,8993,16.131900787353516,,,,
8994,8994,16.047969818115234,,,,
8995,8995,15.920896530151367,,,,
8996,8996,15.918588638305664,,,,
8997,8997,15.831226348876953,,,,
8998,8998,15.787920951843262,,,,
8999,8999,,15.69309139251709,,,
8999,8999,,,0.28035086393356323,480.72332763671875,336.45831298828125
8999,8999,15.69309139251709,,,,
9000,9000,15.661051750183105,,,,
9001,9001,15.612310409545898,,,,
9002,9002,15.477287292480469,,,,
9003,9003,15.38520336151123,,,,
9004,9004,15.336907386779785,,,,
9005,9005,15.237794876098633,,,,
9006,9006,15.154535293579102,,,,
9007,9007,15.026287078857422,,,,
9008,9008,14.997252464294434,,,,
9009,9009,,14.938979148864746,,,
9009,9009,14.938979148864746,,,,
9010,9010,14.867074012756348,,,,
9011,9011,14.825700759887695,,,,
9012,9012,14.78808879852295,,,,
9013,9013,14.725977897644043,,,,
9014,9014,14.710049629211426,,,,
9015,9015,14.601155281066895,,,,
9016,9016,14.516029357910156,,,,
9017,9017,14.442212104797363,,,,
9018,9018,14.416053771972656,,,,
9019,9019,,14.345414161682129,,,
9019,9019,14.345414161682129,,,,
9020,9020,14.233073234558105,,,,
9021,9021,14.153584480285645,,,,
9022,9022,14.107213020324707,,,,
9023,9023,14.044734001159668,,,,
9024,9024,14.013691902160645,,,,
9025,9025,14.01351547241211,,,,
9026,9026,13.896862030029297,,,,
9027,9027,13.7896728515625,,,,
9028,9028,13.785663604736328,,,,
9029,9029,,13.69820499420166,,,
9029,9029,13.69820499420166,,,,
9030,9030,13.713275909423828,,,,
9031,9031,13.607588768005371,,,,
9032,9032,13.524056434631348,,,,
9033,9033,13.472793579101562,,,,
9034,9034,13.374968528747559,,,,
9035,9035,13.312664031982422,,,,
9036,9036,13.276995658874512,,,,
9037,9037,13.260024070739746,,,,
9038,9038,13.214942932128906,,,,
9039,9039,,13.157155990600586,,,
9039,9039,13.157155990600586,,,,
9040,9040,13.136269569396973,,,,
9041,9041,13.14125919342041,,,,
9042,9042,13.11817455291748,,,,
9043,9043,13.068746566772461,,,,
9044,9044,13.016739845275879,,,,
9045,9045,12.973201751708984,,,,
9046,9046,12.915864944458008,,,,
9047,9047,12.918743133544922,,,,
9048,9048,12.899540901184082,,,,
9049,9049,,12.841964721679688,,,
9049,9049,12.841964721679688,,,,
9050,9050,12.783453941345215,,,,
9051,9051,12.758033752441406,,,,
9052,9052,12.661515235900879,,,,
9053,9053,12.599089622497559,,,,
9054,9054,12.607796669006348,,,,
9055,9055,12.530051231384277,,,,
9056,9056,12.555160522460938,,,,
9057,9057,12.471359252929688,,,,
9058,9058,12.470735549926758,,,,
9059,9059,,12.428054809570312,,,
9059,9059,12.428054809570312,,,,
9060,9060,12.383397102355957,,,,
9061,9061,12.419645309448242,,,,
9062,9062,12.35895824432373,,,,
9063,9063,12.350212097167969,,,,
9064,9064,12.307226181030273,,,,
9065,9065,12.323241233825684,,,,
9066,9066,12.313837051391602,,,,
9067,9067,12.22175121307373,,,,
9068,9068,12.149863243103027,,,,
9069,9069,,12.123435974121094,,,
9069,9069,12.123435974121094,,,,
9070,9070,12.119843482971191,,,,
9071,9071,12.09428882598877,,,,
9072,9072,12.076194763183594,,,,
9073,9073,12.024676322937012,,,,
9074,9074,11.993820190429688,,,,
9075,9075,12.011067390441895,,,,
9076,9076,11.98726749420166,,,,
9077,9077,11.943612098693848,,,,
9078,9078,11.969470977783203,,,,
9079,9079,,11.939481735229492,,,
9079,9079,11.939481735229492,,,,
9080,9080,11.882027626037598,,,,
9081,9081,11.866288185119629,,,,
9082,9082,11.841385841369629,,,,
9083,9083,11.778676986694336,,,,
9084,9084,11.812501907348633,,,,
9085,9085,11.77480411529541,,,,
9086,9086,11.716912269592285,,,,
9087,9087,11.687333106994629,,,,
9088,9088,11.658766746520996,,,,
9089,9089,,11.616201400756836,,,
9089,9089,11.616201400756836,,,,
9090,9090,11.574917793273926,,,,
9091,9091,11.540115356445312,,,,
9092,9092,11.506442070007324,,,,
9093,9093,11.456143379211426,,,,
9094,9094,11.443982124328613,,,,
9095,9095,11.450126647949219,,,,
9096,9096,11.420862197875977,,,,
9097,9097,11.357929229736328,,,,
9098,9098,11.324951171875,,,,
9099,9099,,11.308450698852539,,,
9099,9099,11.308450698852539,,,,
9100,9100,11.26264476776123,,,,
9101,9101,11.206890106201172,,,,
9102,9102,11.199932098388672,,,,
9103,9103,11.217242240905762,,,,
9104,9104,11.191977500915527,,,,
9105,9105,11.155731201171875,,,,
9106,9106,11.145988464355469,,,,
9107,9107,11.129878044128418,,,,
9108,9108,11.14806842803955,,,,
9109,9109,,11.186484336853027,,,
9109,9109,11.186484336853027,,,,
9110,9110,11.17158317565918,,,,
9111,9111,11.132307052612305,,,,
9112,9112,11.084697723388672,,,,
9113,9113,11.109682083129883,,,,
9114,9114,11.134206771850586,,,,
9115,9115,11.082725524902344,,,,
9116,9116,11.051209449768066,,,,
9117,9117,11.051389694213867,,,,
9118,9118,11.010437965393066,,,,
9119,9119,,10.922895431518555,,,
9119,9119,10.922895431518555,,,,
9120,9120,10.897317886352539,,,,
9121,9121,10.901351928710938,,,,
9122,9122,10.927351951599121,,,,
9123,9123,10.876596450805664,,,,
9124,9124,10.85330581665039,,,,
9125,9125,10.887091636657715,,,,
9126,9126,10.827345848083496,,,,
9127,9127,10.854371070861816,,,,
9128,9128,10.806564331054688,,,,
9129,9129,,10.845969200134277,,,
9129,9129,10.845969200134277,,,,
9130,9130,10.825762748718262,,,,
9131,9131,10.768750190734863,,,,
9132,9132,10.769747734069824,,,,
9133,9133,10.729207038879395,,,,
9134,9134,10.749632835388184,,,,
9135,9135,10.726968765258789,,,,
9136,9136,10.74456787109375,,,,
9137,9137,10.732043266296387,,,,
9138,9138,10.687209129333496,,,,
9139,9139,,10.676451683044434,,,
9139,9139,10.676451683044434,,,,
9140,9140,10.653172492980957,,,,
9141,9141,10.664297103881836,,,,
9142,9142,10.628035545349121,,,,
9143,9143,10.643494606018066,,,,
9144,9144,10.663122177124023,,,,
9145,9145,10.62185287475586,,,,
9146,9146,10.661589622497559,,,,
9147,9147,10.647873878479004,,,,
9148,9148,10.628600120544434,,,,
9149,9149,,10.639402389526367,,,
9149,9149,10.639402389526367,,,,
9150,9150,10.642499923706055,,,,
9151,9151,10.567363739013672,,,,
9152,9152,10.581472396850586,,,,
9153,9153,10.50886058807373,,,,
9154,9154,10.54592514038086,,,,
9155,9155,10.582517623901367,,,,
9156,9156,10.529958724975586,,,,
9157,9157,10.489374160766602,,,,
9158,9158,10.471372604370117,,,,
9159,9159,,10.426863670349121,,,
9159,9159,10.426863670349121,,,,
9160,9160,10.421669006347656,,,,
9161,9161,10.391827583312988,,,,
9162,9162,10.312880516052246,,,,
9163,9163,10.281572341918945,,,,
9164,9164,10.228997230529785,,,,
9165,9165,10.259337425231934,,,,
9166,9166,10.227533340454102,,,,
9167,9167,10.182108879089355,,,,
9168,9168,10.145503997802734,,,,
9169,9169,,10.162284851074219,,,
9169,9169,10.162284851074219,,,,
9170,9170,10.09550952911377,,,,
9171,9171,10.062716484069824,,,,
9172,9172,9.96280288696289,,,,
9173,9173,9.97071647644043,,,,
9174,9174,9.971418380737305,,,,
9175,9175,9.96264934539795,,,,
9176,9176,9.969648361206055,,,,
9177,9177,10.022940635681152,,,,
9178,9178,9.975750923156738,,,,
9179,9179,,9.943914413452148,,,
9179,9179,9.943914413452148,,,,
9180,9180,9.958609580993652,,,,
9181,9181,9.936776161193848,,,,
9182,9182,9.903257369995117,,,,
9183,9183,9.897883415222168,,,,
9184,9184,9.809403419494629,,,,
9185,9185,9.796998023986816,,,,
9186,9186,9.83073616027832,,,,
9187,9187,9.763529777526855,,,,
9188,9188,9.800636291503906,,,,
9189,9189,,9.576248168945312,,,
9189,9189,9.576248168945312,,,,
9190,9190,9.57685375213623,,,,
9191,9191,9.479907989501953,,,,
9192,9192,9.43481731414795,,,,
9193,9193,9.463981628417969,,,,
9194,9194,9.42575454711914,,,,
9195,9195,9.400647163391113,,,,
9196,9196,9.367250442504883,,,,
9197,9197,9.362316131591797,,,,
9198,9198,9.389500617980957,,,,
9199,9199,,9.449850082397461,,,
9199,9199,9.449850082397461,,,,
9200,9200,9.371138572692871,,,,
9201,9201,9.435609817504883,,,,
9202,9202,9.413553237915039,,,,
9203,9203,9.853028297424316,,,,
9204,9204,10.691908836364746,,,,
9205,9205,15.61415958404541,,,,
9206,9206,18.998554229736328,,,,
9207,9207,45.06147003173828,,,,
9208,9208,11.0741605758667,,,,
9209,9209,,153.5878448486328,,,
9209,9209,153.5878448486328,,,,
9210,9210,318.2688903808594,,,,
9211,9211,527.6615600585938,,,,
9212,9212,598.1118774414062,,,,
9213,9213,574.5285034179688,,,,
9214,9214,494.5096435546875,,,,
9215,9215,386.50030517578125,,,,
9216,9216,272.3716735839844,,,,
9217,9217,170.2532958984375,,,,
9218,9218,96.37320709228516,,,,
9219,9219,,61.09799575805664,,,
9219,9219,61.09799575805664,,,,
9220,9220,65.93304443359375,,,,
9221,9221,101.58771514892578,,,,
9222,9222,125.92760467529297,,,,
9223,9223,144.65797424316406,,,,
9224,9224,151.57049560546875,,,,
9225,9225,151.55299377441406,,,,
9226,9226,145.45916748046875,,,,
9227,9227,135.96351623535156,,,,
9228,9228,124.80472564697266,,,,
9229,9229,,110.50150299072266,,,
9229,9229,110.50150299072266,,,,
9230,9230,94.87994384765625,,,,
9231,9231,79.08557891845703,,,,
9232,9232,65.50804138183594,,,,
9233,9233,57.652748107910156,,,,
9234,9234,55.20821762084961,,,,
9235,9235,56.55646896362305,,,,
9236,9236,60.031524658203125,,,,
9237,9237,64.23339080810547,,,,
9238,9238,68.05465698242188,,,,
9239,9239,,70.79739379882812,,,
9239,9239,70.79739379882812,,,,
9240,9240,71.6189956665039,,,,
9241,9241,70.27458190917969,,,,
9242,9242,67.29524230957031,,,,
9243,9243,63.314247131347656,,,,
9244,9244,58.937843322753906,,,,
9245,9245,54.96895980834961,,,,
9246,9246,51.916587829589844,,,,
9247,9247,50.029972076416016,,,,
9248,9248,49.1614990234375,,,,
9249,9249,,49.118038177490234,,,
9249,9249,49.118038177490234,,,,
9250,9250,49.28181076049805,,,,
9251,9251,49.51007080078125,,,,
9252,9252,49.894691467285156,,,,
9253,9253,49.89384460449219,,,,
9254,9254,49.17695617675781,,,,
9255,9255,48.15400314331055,,,,
9256,9256,47.32748031616211,,,,
9257,9257,46.607826232910156,,,,
9258,9258,46.18794631958008,,,,
9259,9259,,46.012351989746094,,,
9259,9259,46.012351989746094,,,,
9260,9260,45.714454650878906,,,,
9261,9261,45.153770446777344,,,,
9262,9262,44.56822204589844,,,,
9263,9263,44.132286071777344,,,,
9264,9264,43.86576461791992,,,,
9265,9265,43.61472702026367,,,,
9266,9266,43.28644943237305,,,,
9267,9267,42.89767074584961,,,,
9268,9268,42.49663543701172,,,,
9269,9269,,42.135684967041016,,,
9269,9269,42.135684967041016,,,,
9270,9270,41.7930793762207,,,,
9271,9271,41.44111633300781,,,,
9272,9272,41.13615798950195,,,,
9273,9273,40.877506256103516,,,,
9274,9274,40.668514251708984,,,,
9275,9275,40.494930267333984,,,,
9276,9276,40.30430221557617,,,,
9277,9277,40.07181167602539,,,,
9278,9278,39.81150436401367,,,,
9279,9279,,39.57196044921875,,,
9279,9279,39.57196044921875,,,,
9280,9280,39.33118438720703,,,,
9281,9281,39.150733947753906,,,,
9282,9282,38.957515716552734,,,,
9283,9283,38.777339935302734,,,,
9284,9284,38.5691032409668,,,,
9285,9285,38.39548110961914,,,,
9286,9286,38.1803092956543,,,,
9287,9287,38.011680603027344,,,,
9288,9288,37.833621978759766,,,,
9289,9289,,37.66532897949219,,,
9289,9289,37.66532897949219,,,,
9290,9290,37.487403869628906,,,,
9291,9291,37.285194396972656,,,,
9292,9292,37.08345413208008,,,,
9293,9293,36.90610122680664,,,,
9294,9294,36.723854064941406,,,,
9295,9295,36.58781051635742,,,,
9296,9296,36.42604446411133,,,,
9297,9297,36.260528564453125,,,,
9298,9298,36.07200622558594,,,,
9299,9299,,35.86821365356445,,,
9299,9299,35.86821365356445,,,,
9300,9300,35.729347229003906,,,,
9301,9301,35.55326461791992,,,,
9302,9302,35.390254974365234,,,,
9303,9303,35.227745056152344,,,,
9304,9304,35.08041000366211,,,,
9305,9305,34.91904067993164,,,,
9306,9306,34.73621368408203,,,,
9307,9307,34.53800964355469,,,,
9308,9308,34.363433837890625,,,,
9309,9309,,34.20071792602539,,,
9309,9309,34.20071792602539,,,,
9310,9310,34.05116653442383,,,,
9311,9311,33.89044952392578,,,,
9312,9312,33.718929290771484,,,,
9313,9313,33.548221588134766,,,,
9314,9314,33.3985595703125,,,,
9315,9315,33.17829895019531,,,,
9316,9316,33.00715637207031,,,,
9317,9317,32.8460807800293,,,,
9318,9318,32.6908073425293,,,,
9319,9319,,32.53159713745117,,,
9319,9319,32.53159713745117,,,,
9320,9320,32.349395751953125,,,,
9321,9321,32.19484329223633,,,,
9322,9322,32.00849914550781,,,,
9323,9323,31.844539642333984,,,,
9324,9324,31.710067749023438,,,,
9325,9325,31.526222229003906,,,,
9326,9326,31.342479705810547,,,,
9327,9327,31.155820846557617,,,,
9328,9328,30.99958610534668,,,,
9329,9329,,30.8205623626709,,,
9329,9329,30.8205623626709,,,,
9330,9330,30.668624877929688,,,,
9331,9331,30.49333381652832,,,,
9332,9332,30.319026947021484,,,,
9333,9333,30.165042877197266,,,,
9334,9334,30.026508331298828,,,,
9335,9335,29.869821548461914,,,,
9336,9336,29.70793342590332,,,,
9337,9337,29.547189712524414,,,,
9338,9338,29.369976043701172,,,,
9339,9339,,29.224353790283203,,,
9339,9339,29.224353790283203,,,,
9340,9340,29.087980270385742,,,,
9341,9341,28.95525550842285,,,,
9342,9342,28.774538040161133,,,,
9343,9343,28.629430770874023,,,,
9344,9344,28.4990177154541,,,,
9345,9345,28.34658432006836,,,,
9346,9346,28.238431930541992,,,,
9347,9347,28.10566520690918,,,,
9348,9348,27.9581241607666,,,,
9349,9349,,27.848237991333008,,,
9349,9349,27.848237991333008,,,,
9350,9350,27.709604263305664,,,,
9351,9351,27.609485626220703,,,,
9352,9352,27.451841354370117,,,,
9353,9353,27.26129913330078,,,,
9354,9354,27.16236114501953,,,,
9355,9355,27.010452270507812,,,,
9356,9356,26.935226440429688,,,,
9357,9357,26.825634002685547,,,,
9358,9358,26.682828903198242,,,,
9359,9359,,26.546236038208008,,,
9359,9359,26.546236038208008,,,,
9360,9360,26.446022033691406,,,,
9361,9361,26.303014755249023,,,,
9362,9362,26.19552993774414,,,,
9363,9363,26.014883041381836,,,,
9364,9364,25.895477294921875,,,,
9365,9365,25.808393478393555,,,,
9366,9366,25.650468826293945,,,,
9367,9367,25.4830322265625,,,,
9368,9368,25.339765548706055,,,,
9369,9369,,25.21400260925293,,,
9369,9369,25.21400260925293,,,,
9370,9370,25.08605194091797,,,,
9371,9371,24.96231460571289,,,,
9372,9372,24.855308532714844,,,,
9373,9373,24.723621368408203,,,,
9374,9374,24.614234924316406,,,,
9375,9375,24.477031707763672,,,,
9376,9376,24.37006378173828,,,,
9377,9377,24.247041702270508,,,,
9378,9378,24.136951446533203,,,,
9379,9379,,23.975582122802734,,,
9379,9379,23.975582122802734,,,,
9380,9380,23.871532440185547,,,,
9381,9381,23.710742950439453,,,,
9382,9382,23.574954986572266,,,,
9383,9383,23.436975479125977,,,,
9384,9384,23.26732635498047,,,,
9385,9385,23.1201229095459,,,,
9386,9386,22.949764251708984,,,,
9387,9387,22.796449661254883,,,,
9388,9388,22.683443069458008,,,,
9389,9389,,22.571361541748047,,,
9389,9389,22.571361541748047,,,,
9390,9390,22.442415237426758,,,,
9391,9391,22.282318115234375,,,,
9392,9392,22.14687728881836,,,,
9393,9393,22.01406478881836,,,,
9394,9394,21.884536743164062,,,,
9395,9395,21.73442840576172,,,,
9396,9396,21.64133644104004,,,,
9397,9397,21.51140022277832,,,,
9398,9398,21.430320739746094,,,,
9399,9399,,21.340646743774414,,,
9399,9399,21.340646743774414,,,,
9400,9400,21.228565216064453,,,,
9401,9401,21.132747650146484,,,,
9402,9402,21.011573791503906,,,,
9403,9403,20.879270553588867,,,,
9404,9404,20.77912712097168,,,,
9405,9405,20.727619171142578,,,,
9406,9406,20.596027374267578,,,,
9407,9407,20.516952514648438,,,,
9408,9408,20.438566207885742,,,,
9409,9409,,20.355297088623047,,,
9409,9409,20.355297088623047,,,,
9410,9410,20.27789878845215,,,,
9411,9411,20.1994571685791,,,,
9412,9412,20.09202766418457,,,,
9413,9413,20.015283584594727,,,,
9414,9414,19.941728591918945,,,,
9415,9415,19.83871841430664,,,,
9416,9416,19.75231170654297,,,,
9417,9417,19.62794303894043,,,,
9418,9418,19.52623748779297,,,,
9419,9419,,19.471786499023438,,,
9419,9419,19.471786499023438,,,,
9420,9420,19.362516403198242,,,,
9421,9421,19.272201538085938,,,,
9422,9422,19.2028865814209,,,,
9423,9423,19.148056030273438,,,,
9424,9424,19.049222946166992,,,,
9425,9425,18.93470001220703,,,,
9426,9426,18.844221115112305,,,,
9427,9427,18.78084945678711,,,,
9428,9428,18.679468154907227,,,,
9429,9429,,18.64104461669922,,,
9429,9429,18.64104461669922,,,,
9430,9430,18.559295654296875,,,,
9431,9431,18.424602508544922,,,,
9432,9432,18.317081451416016,,,,
9433,9433,18.254037857055664,,,,
9434,9434,18.22716522216797,,,,
9435,9435,18.15424156188965,,,,
9436,9436,18.047489166259766,,,,
9437,9437,18.00465965270996,,,,
9438,9438,17.866374969482422,,,,
9439,9439,,17.79938316345215,,,
9439,9439,17.79938316345215,,,,
9440,9440,17.667722702026367,,,,
9441,9441,17.639514923095703,,,,
9442,9442,17.569948196411133,,,,
9443,9443,17.4986629486084,,,,
9444,9444,17.40543556213379,,,,
9445,9445,17.359086990356445,,,,
9446,9446,17.292198181152344,,,,
9447,9447,17.1787052154541,,,,
9448,9448,17.10725212097168,,,,
9449,9449,,16.99624252319336,,,
9449,9449,16.99624252319336,,,,
9450,9450,16.934551239013672,,,,
9451,9451,16.893699645996094,,,,
9452,9452,16.810354232788086,,,,
9453,9453,16.750450134277344,,,,
9454,9454,16.72300148010254,,,,
9455,9455,16.647794723510742,,,,
9456,9456,16.558902740478516,,,,
9457,9457,16.49921989440918,,,,
9458,9458,16.4664249420166,,,,
9459,9459,,16.339244842529297,,,
9459,9459,16.339244842529297,,,,
9460,9460,16.31103515625,,,,
9461,9461,16.23674964904785,,,,
9462,9462,16.161178588867188,,,,
9463,9463,16.101564407348633,,,,
9464,9464,16.042634963989258,,,,
9465,9465,15.960718154907227,,,,
9466,9466,15.89603328704834,,,,
9467,9467,15.825307846069336,,,,
9468,9468,15.730376243591309,,,,
9469,9469,,15.640758514404297,,,
9469,9469,15.640758514404297,,,,
9470,9470,15.59424877166748,,,,
9471,9471,15.537521362304688,,,,
9472,9472,15.4319486618042,,,,
9473,9473,15.36359977722168,,,,
9474,9474,15.273226737976074,,,,
9475,9475,15.233760833740234,,,,
9476,9476,15.150765419006348,,,,
9477,9477,15.138421058654785,,,,
9478,9478,15.068536758422852,,,,
9479,9479,,15.023384094238281,,,
9479,9479,15.023384094238281,,,,
9480,9480,14.927346229553223,,,,
9481,9481,14.864150047302246,,,,
9482,9482,14.818422317504883,,,,
9483,9483,14.73900032043457,,,,
9484,9484,14.648356437683105,,,,
9485,9485,14.577781677246094,,,,
9486,9486,14.551953315734863,,,,
9487,9487,14.513559341430664,,,,
9488,9488,14.480331420898438,,,,
9489,9489,,14.413841247558594,,,
9489,9489,14.413841247558594,,,,
9490,9490,14.319917678833008,,,,
9491,9491,14.234648704528809,,,,
9492,9492,14.152698516845703,,,,
9493,9493,14.062173843383789,,,,
9494,9494,13.97565746307373,,,,
9495,9495,13.909832000732422,,,,
9496,9496,13.829512596130371,,,,
9497,9497,13.74366283416748,,,,
9498,9498,13.690861701965332,,,,
9499,9499,,13.667925834655762,,,
9499,9499,,,0.2796071469783783,478.17608642578125,336.45831298828125
9499,9499,13.667925834655762,,,,
9500,9500,13.533390045166016,,,,
9501,9501,13.411005973815918,,,,
9502,9502,13.369303703308105,,,,
9503,9503,13.323537826538086,,,,
9504,9504,13.270665168762207,,,,
9505,9505,13.18445873260498,,,,
9506,9506,13.166656494140625,,,,
9507,9507,13.059056282043457,,,,
9508,9508,13.000568389892578,,,,
9509,9509,,12.969850540161133,,,
9509,9509,12.969850540161133,,,,
9510,9510,12.869277954101562,,,,
9511,9511,12.817277908325195,,,,
9512,9512,12.753707885742188,,,,
9513,9513,12.662155151367188,,,,
9514,9514,12.64098834991455,,,,
9515,9515,12.573612213134766,,,,
9516,9516,12.530269622802734,,,,
9517,9517,12.467118263244629,,,,
9518,9518,12.431561470031738,,,,
9519,9519,,12.422649383544922,,,
9519,9519,12.422649383544922,,,,
9520,9520,12.339750289916992,,,,
9521,9521,12.262682914733887,,,,
9522,9522,12.272163391113281,,,,
9523,9523,12.242959976196289,,,,
9524,9524,12.267148971557617,,,,
9525,9525,12.219849586486816,,,,
9526,9526,12.206892967224121,,,,
9527,9527,12.11491584777832,,,,
9528,9528,12.123248100280762,,,,
9529,9529,,12.03962516784668,,,
9529,9529,12.03962516784668,,,,
9530,9530,11.983216285705566,,,,
9531,9531,11.926362991333008,,,,
9532,9532,11.893134117126465,,,,
9533,9533,11.846659660339355,,,,
9534,9534,11.812600135803223,,,,
9535,9535,11.732036590576172,,,,
9536,9536,11.667242050170898,,,,
9537,9537,11.524291038513184,,,,
9538,9538,11.470072746276855,,,,
9539,9539,,11.449880599975586,,,
9539,9539,11.449880599975586,,,,
9540,9540,11.411895751953125,,,,
9541,9541,11.406363487243652,,,,
9542,9542,11.391195297241211,,,,
9543,9543,11.35782527923584,,,,
9544,9544,11.345968246459961,,,,
9545,9545,11.36536693572998,,,,
9546,9546,11.34967041015625,,,,
9547,9547,11.34839153289795,,,,
9548,9548,11.37574577331543,,,,
9549,9549,,11.321523666381836,,,
9549,9549,11.321523666381836,,,,
9550,9550,11.31014633178711,,,,
9551,9551,11.259563446044922,,,,
9552,9552,11.278903007507324,,,,
9553,9553,11.188790321350098,,,,
9554,9554,11.163606643676758,,,,
9555,9555,11.122357368469238,,,,
9556,9556,11.11917495727539,,,,
9557,9557,11.151053428649902,,,,
9558,9558,11.064255714416504,,,,
9559,9559,,11.036715507507324,,,
9559,9559,11.036715507507324,,,,
9560,9560,11.054986953735352,,,,
9561,9561,11.057154655456543,,,,
9562,9562,11.006589889526367,,,,
9563,9563,10.972307205200195,,,,
9564,9564,10.998894691467285,,,,
9565,9565,10.94159984588623,,,,
9566,9566,10.968348503112793,,,,
9567,9567,10.946138381958008,,,,
9568,9568,10.886297225952148,,,,
9569,9569,,10.86259937286377,,,
9569,9569,10.86259937286377,,,,
9570,9570,10.829236030578613,,,,
9571,9571,10.813138961791992,,,,
9572,9572,10.760333061218262,,,,
9573,9573,10.712860107421875,,,,
9574,9574,10.722309112548828,,,,
9575,9575,10.765605926513672,,,,
9576,9576,10.746657371520996,,,,
9577,9577,10.75499439239502,,,,
9578,9578,10.687532424926758,,,,
9579,9579,,10.703627586364746,,,
9579,9579,10.703627586364746,,,,
9580,9580,10.706547737121582,,,,
9581,9581,10.689496040344238,,,,
9582,9582,10.66940975189209,,,,
9583,9583,10.67349624633789,,,,
9584,9584,10.66113567352295,,,,
9585,9585,10.660642623901367,,,,
9586,9586,10.660884857177734,,,,
9587,9587,10.633548736572266,,,,
9588,9588,10.647171020507812,,,,
9589,9589,,10.641368865966797,,,
9589,9589,10.641368865966797,,,,
9590,9590,10.662393569946289,,,,
9591,9591,10.629375457763672,,,,
9592,9592,10.67733097076416,,,,
9593,9593,10.68188190460205,,,,
9594,9594,10.640863418579102,,,,
9595,9595,10.65859603881836,,,,
9596,9596,10.613838195800781,,,,
9597,9597,10.657288551330566,,,,
9598,9598,10.601157188415527,,,,
9599,9599,,10.624711990356445,,,
9599,9599,10.624711990356445,,,,
9600,9600,10.594281196594238,,,,
9601,9601,10.634963035583496,,,,
9602,9602,10.609177589416504,,,,
9603,9603,10.58645248413086,,,,
9604,9604,10.608753204345703,,,,
9605,9605,10.550655364990234,,,,
9606,9606,10.533851623535156,,,,
9607,9607,10.556256294250488,,,,
9608,9608,10.517154693603516,,,,
9609,9609,,10.527223587036133,,,
9609,9609,10.527223587036133,,,,
9610,9610,10.488429069519043,,,,
9611,9611,10.47108268737793,,,,
9612,9612,10.46319580078125,,,,
9613,9613,10.406672477722168,,,,
9614,9614,10.385936737060547,,,,
9615,9615,10.380824089050293,,,,
9616,9616,10.39504337310791,,,,
9617,9617,10.335945129394531,,,,
9618,9618,10.35248851776123,,,,
9619,9619,,10.313759803771973,,,
9619,9619,10.313759803771973,,,,
9620,9620,10.31468677520752,,,,
9621,9621,10.319110870361328,,,,
9622,9622,10.316401481628418,,,,
9623,9623,10.296856880187988,,,,
9624,9624,10.279478073120117,,,,
9625,9625,10.249476432800293,,,,
9626,9626,10.224554061889648,,,,
9627,9627,10.225727081298828,,,,
9628,9628,10.245108604431152,,,,
9629,9629,,10.217653274536133,,,
9629,9629,10.217653274536133,,,,
9630,9630,10.215044975280762,,,,
9631,9631,10.24063777923584,,,,
9632,9632,10.243759155273438,,,,
9633,9633,10.241823196411133,,,,
9634,9634,10.156377792358398,,,,
9635,9635,10.219855308532715,,,,
9636,9636,10.179047584533691,,,,
9637,9637,10.178497314453125,,,,
9638,9638,10.131948471069336,,,,
9639,9639,,10.143841743469238,,,
9639,9639,10.143841743469238,,,,
9640,9640,10.1539306640625,,,,
9641,9641,10.141505241394043,,,,
9642,9642,10.145581245422363,,,,
9643,9643,10.15488338470459,,,,
9644,9644,10.149277687072754,,,,
9645,9645,10.124978065490723,,,,
9646,9646,10.117297172546387,,,,
9647,9647,10.087821960449219,,,,
9648,9648,10.086868286132812,,,,
9649,9649,,10.07091236114502,,,
9649,9649,10.07091236114502,,,,
9650,9650,10.076665878295898,,,,
9651,9651,10.071863174438477,,,,
9652,9652,10.056747436523438,,,,
9653,9653,10.02688217163086,,,,
9654,9654,10.009231567382812,,,,
9655,9655,10.062027931213379,,,,
9656,9656,9.985862731933594,,,,
9657,9657,10.108793258666992,,,,
9658,9658,9.9949312210083,,,,
9659,9659,,10.0835599899292,,,
9659,9659,10.0835599899292,,,,
9660,9660,10.019159317016602,,,,
9661,9661,10.046173095703125,,,,
9662,9662,10.00175666809082,,,,
9663,9663,10.01607894897461,,,,
9664,9664,9.97964096069336,,,,
9665,9665,9.996302604675293,,,,
9666,9666,9.979899406433105,,,,
9667,9667,9.978792190551758,,,,
9668,9668,9.970285415649414,,,,
9669,9669,,9.960511207580566,,,
9669,9669,9.960511207580566,,,,
9670,9670,9.967268943786621,,,,
9671,9671,9.947254180908203,,,,
9672,9672,9.967491149902344,,,,
9673,9673,9.958581924438477,,,,
9674,9674,9.92946720123291,,,,
9675,9675,9.931462287902832,,,,
9676,9676,9.913337707519531,,,,
9677,9677,9.937049865722656,,,,
9678,9678,9.907222747802734,,,,
9679,9679,,9.88615894317627,,,
9679,9679,9.88615894317627,,,,
9680,9680,9.911992073059082,,,,
9681,9681,9.892366409301758,,,,
9682,9682,9.867630004882812,,,,
9683,9683,9.868053436279297,,,,
9684,9684,9.851448059082031,,,,
9685,9685,9.868083953857422,,,,
9686,9686,9.84486198425293,,,,
9687,9687,9.851713180541992,,,,
9688,9688,9.838339805603027,,,,
9689,9689,,9.854692459106445,,,
9689,9689,9.854692459106445,,,,
9690,9690,9.854791641235352,,,,
9691,9691,9.822965621948242,,,,
9692,9692,9.820140838623047,,,,
9693,9693,9.809001922607422,,,,
9694,9694,9.812211990356445,,,,
9695,9695,9.791523933410645,,,,
9696,9696,9.796178817749023,,,,
9697,9697,9.801393508911133,,,,
9698,9698,9.7786283493042,,,,
9699,9699,,9.806991577148438,,,
9699,9699,9.806991577148438,,,,
9700,9700,9.778139114379883,,,,
9701,9701,9.775081634521484,,,,
9702,9702,9.753692626953125,,,,
9703,9703,9.754840850830078,,,,
9704,9704,9.751453399658203,,,,
9705,9705,9.765260696411133,,,,
9706,9706,9.783088684082031,,,,
9707,9707,9.745871543884277,,,,
9708,9708,9.754807472229004,,,,
9709,9709,,9.737897872924805,,,
9709,9709,9.737897872924805,,,,
9710,9710,9.727154731750488,,,,
9711,9711,9.728104591369629,,,,
9712,9712,9.728089332580566,,,,
9713,9713,9.724902153015137,,,,
9714,9714,9.73563289642334,,,,
9715,9715,9.720036506652832,,,,
9716,9716,9.679570198059082,,,,
9717,9717,9.706425666809082,,,,
9718,9718,9.746063232421875,,,,
9719,9719,,9.690635681152344,,,
9719,9719,9.690635681152344,,,,
9720,9720,9.697525024414062,,,,
9721,9721,9.726688385009766,,,,
9722,9722,9.669013023376465,,,,
9723,9723,9.755967140197754,,,,
9724,9724,9.636734962463379,,,,
9725,9725,9.72005558013916,,,,
9726,9726,9.631382942199707,,,,
9727,9727,9.698164939880371,,,,
9728,9728,9.640143394470215,,,,
9729,9729,,9.650607109069824,,,
9729,9729,9.650607109069824,,,,
9730,9730,9.679807662963867,,,,
9731,9731,9.622116088867188,,,,
9732,9732,9.676207542419434,,,,
9733,9733,9.643611907958984,,,,
9734,9734,9.600394248962402,,,,
9735,9735,9.621092796325684,,,,
9736,9736,9.613636016845703,,,,
9737,9737,9.604472160339355,,,,
9738,9738,9.585585594177246,,,,
9739,9739,,9.626091957092285,,,
9739,9739,9.626091957092285,,,,
9740,9740,9.575033187866211,,,,
9741,9741,9.618571281433105,,,,
9742,9742,9.622032165527344,,,,
9743,9743,9.541669845581055,,,,
9744,9744,9.612911224365234,,,,
9745,9745,9.56269645690918,,,,
9746,9746,9.524728775024414,,,,
9747,9747,9.532674789428711,,,,
9748,9748,9.50158405303955,,,,
9749,9749,,9.520379066467285,,,
9749,9749,9.520379066467285,,,,
9750,9750,9.505300521850586,,,,
9751,9751,9.514984130859375,,,,
9752,9752,9.50205135345459,,,,
9753,9753,9.506264686584473,,,,
9754,9754,9.536412239074707,,,,
9755,9755,9.505420684814453,,,,
9756,9756,9.504251480102539,,,,
9757,9757,9.476714134216309,,,,
9758,9758,9.475883483886719,,,,
9759,9759,,9.469392776489258,,,
9759,9759,9.469392776489258,,,,
9760,9760,9.487629890441895,,,,
9761,9761,9.510775566101074,,,,
9762,9762,9.526129722595215,,,,
9763,9763,9.508438110351562,,,,
9764,9764,9.520439147949219,,,,
9765,9765,9.542356491088867,,,,
9766,9766,9.5100679397583,,,,
9767,9767,9.531445503234863,,,,
9768,9768,9.492194175720215,,,,
9769,9769,,9.495580673217773,,,
9769,9769,9.495580673217773,,,,
9770,9770,9.490434646606445,,,,
9771,9771,9.48759651184082,,,,
9772,9772,9.513887405395508,,,,
9773,9773,9.472418785095215,,,,
9774,9774,9.481095314025879,,,,
9775,9775,9.503241539001465,,,,
9776,9776,9.438664436340332,,,,
9777,9777,9.449715614318848,,,,
9778,9778,9.457194328308105,,,,
9779,9779,,9.418680191040039,,,
9779,9779,9.418680191040039,,,,
9780,9780,9.44882583618164,,,,
9781,9781,9.4570894241333,,,,
9782,9782,9.455754280090332,,,,
9783,9783,9.43852424621582,,,,
9784,9784,9.427905082702637,,,,
9785,9785,9.421951293945312,,,,
9786,9786,9.405220031738281,,,,
9787,9787,9.416845321655273,,,,
9788,9788,9.40351676940918,,,,
9789,9789,,9.399840354919434,,,
9789,9789,9.399840354919434,,,,
9790,9790,9.360641479492188,,,,
9791,9791,9.381891250610352,,,,
9792,9792,9.361075401306152,,,,
9793,9793,9.34958553314209,,,,
9794,9794,9.337212562561035,,,,
9795,9795,9.344060897827148,,,,
9796,9796,9.3263521194458,,,,
9797,9797,9.321298599243164,,,,
9798,9798,9.299248695373535,,,,
9799,9799,,9.286182403564453,,,
9799,9799,9.286182403564453,,,,
9800,9800,9.2897310256958,,,,
9801,9801,9.28963851928711,,,,
9802,9802,9.293476104736328,,,,
9803,9803,9.260095596313477,,,,
9804,9804,9.282488822937012,,,,
9805,9805,9.271647453308105,,,,
9806,9806,9.258770942687988,,,,
9807,9807,9.23730754852295,,,,
9808,9808,9.231339454650879,,,,
9809,9809,,9.232597351074219,,,
9809,9809,9.232597351074219,,,,
9810,9810,9.241983413696289,,,,
9811,9811,9.241103172302246,,,,
9812,9812,9.233407020568848,,,,
9813,9813,9.222533226013184,,,,
9814,9814,9.215195655822754,,,,
9815,9815,9.189709663391113,,,,
9816,9816,9.196366310119629,,,,
9817,9817,9.232133865356445,,,,
9818,9818,9.184406280517578,,,,
9819,9819,,9.244680404663086,,,
9819,9819,9.244680404663086,,,,
9820,9820,9.212051391601562,,,,
9821,9821,9.254015922546387,,,,
9822,9822,9.200896263122559,,,,
9823,9823,9.29865837097168,,,,
9824,9824,9.16007137298584,,,,
9825,9825,9.254985809326172,,,,
9826,9826,9.20346450805664,,,,
9827,9827,9.153291702270508,,,,
9828,9828,9.272192001342773,,,,
9829,9829,,9.116128921508789,,,
9829,9829,9.116128921508789,,,,
9830,9830,9.274209976196289,,,,
9831,9831,9.170708656311035,,,,
9832,9832,9.153676986694336,,,,
9833,9833,9.24600601196289,,,,
9834,9834,9.130228042602539,,,,
9835,9835,9.234715461730957,,,,
9836,9836,9.132487297058105,,,,
9837,9837,9.277716636657715,,,,
9838,9838,9.134807586669922,,,,
9839,9839,,9.30300521850586,,,
9839,9839,9.30300521850586,,,,
9840,9840,9.195134162902832,,,,
9841,9841,9.376729011535645,,,,
9842,9842,9.33984088897705,,,,
9843,9843,9.661742210388184,,,,
9844,9844,9.995668411254883,,,,
9845,9845,10.400317192077637,,,,
9846,9846,12.51819133758545,,,,
9847,9847,12.381595611572266,,,,
9848,9848,17.39533233642578,,,,
9849,9849,,11.538772583007812,,,
9849,9849,11.538772583007812,,,,
9850,9850,9.888193130493164,,,,
9851,9851,9.259655952453613,,,,
9852,9852,9.55295181274414,,,,
9853,9853,10.453432083129883,,,,
9854,9854,10.641046524047852,,,,
9855,9855,11.382583618164062,,,,
9856,9856,10.270207405090332,,,,
9857,9857,9.564214706420898,,,,
9858,9858,9.250917434692383,,,,
9859,9859,,9.165854454040527,,,
9859,9859,9.165854454040527,,,,
9860,9860,9.385021209716797,,,,
9861,9861,9.894932746887207,,,,
9862,9862,10.57329273223877,,,,
9863,9863,10.342148780822754,,,,
9864,9864,10.91249942779541,,,,
9865,9865,10.245373725891113,,,,
9866,9866,10.466188430786133,,,,
9867,9867,9.896615982055664,,,,
9868,9868,9.895926475524902,,,,
9869,9869,,9.692567825317383,,,
9869,9869,9.692567825317383,,,,
9870,9870,9.681830406188965,,,,
9871,9871,9.597007751464844,,,,
9872,9872,9.62641429901123,,,,
9873,9873,9.583253860473633,,,,
9874,9874,9.783120155334473,,,,
9875,9875,9.790576934814453,,,,
9876,9876,10.262956619262695,,,,
9877,9877,10.162619590759277,,,,
9878,9878,11.179497718811035,,,,
9879,9879,,10.615378379821777,,,
9879,9879,10.615378379821777,,,,
9880,9880,11.610183715820312,,,,
9881,9881,10.349153518676758,,,,
9882,9882,10.213502883911133,,,,
9883,9883,9.537819862365723,,,,
9884,9884,9.079963684082031,,,,
9885,9885,8.980708122253418,,,,
9886,9886,9.059060096740723,,,,
9887,9887,9.27304744720459,,,,
9888,9888,9.712431907653809,,,,
9889,9889,,10.816880226135254,,,
9889,9889,10.816880226135254,,,,
9890,9890,10.803730010986328,,,,
9891,9891,12.788838386535645,,,,
9892,9892,10.995245933532715,,,,
9893,9893,11.482890129089355,,,,
9894,9894,9.858366012573242,,,,
9895,9895,9.23870849609375,,,,
9896,9896,8.9955415725708,,,,
9897,9897,8.862019538879395,,,,
9898,9898,9.019709587097168,,,,
9899,9899,,9.483582496643066,,,
9899,9899,9.483582496643066,,,,
9900,9900,10.256382942199707,,,,
9901,9901,10.165679931640625,,,,
9902,9902,11.342229843139648,,,,
9903,9903,10.654282569885254,,,,
9904,9904,11.62289810180664,,,,
9905,9905,10.25131607055664,,,,
9906,9906,10.220542907714844,,,,
9907,9907,9.423479080200195,,,,
9908,9908,9.019987106323242,,,,
9909,9909,,8.800785064697266,,,
9909,9909,8.800785064697266,,,,
9910,9910,8.796842575073242,,,,
9911,9911,8.900985717773438,,,,
9912,9912,9.220903396606445,,,,
9913,9913,9.883837699890137,,,,
9914,9914,9.91064453125,,,,
9915,9915,11.371374130249023,,,,
9916,9916,10.75249195098877,,,,
9917,9917,12.514315605163574,,,,
9918,9918,10.65323543548584,,,,
9919,9919,,10.840523719787598,,,
9919,9919,10.840523719787598,,,,
9920,9920,9.529192924499512,,,,
9921,9921,9.036285400390625,,,,
9922,9922,8.800089836120605,,,,
9923,9923,8.764250755310059,,,,
9924,9924,8.967012405395508,,,,
9925,9925,9.359171867370605,,,,
9926,9926,10.31314468383789,,,,
9927,9927,10.264796257019043,,,,
9928,9928,11.986573219299316,,,,
9929,9929,,10.768953323364258,,,
9929,9929,10.768953323364258,,,,
9930,9930,12.071954727172852,,,,
9931,9931,10.182997703552246,,,,
9932,9932,9.924750328063965,,,,
9933,9933,9.097209930419922,,,,
9934,9934,8.716533660888672,,,,
9935,9935,8.645374298095703,,,,
9936,9936,8.655649185180664,,,,
9937,9937,8.742793083190918,,,,
9938,9938,8.955070495605469,,,,
9939,9939,,9.57231330871582,,,
9939,9939,9.57231330871582,,,,
9940,9940,9.8516206741333,,,,
9941,9941,12.03724479675293,,,,
9942,9942,11.353832244873047,,,,
9943,9943,14.2901611328125,,,,
9944,9944,10.469369888305664,,,,
9945,9945,9.381216049194336,,,,
9946,9946,8.661295890808105,,,,
9947,9947,8.790031433105469,,,,
9948,9948,9.658102989196777,,,,
9949,9949,,9.858951568603516,,,
9949,9949,9.858951568603516,,,,
9950,9950,10.70329475402832,,,,
9951,9951,9.698848724365234,,,,
9952,9952,9.591655731201172,,,,
9953,9953,8.855328559875488,,,,
9954,9954,8.554210662841797,,,,
9955,9955,8.536422729492188,,,,
9956,9956,8.717096328735352,,,,
9957,9957,9.246950149536133,,,,
9958,9958,9.32465934753418,,,,
9959,9959,,10.395440101623535,,,
9959,9959,10.395440101623535,,,,
9960,9960,10.117334365844727,,,,
9961,9961,12.337957382202148,,,,
9962,9962,10.877001762390137,,,,
9963,9963,12.712492942810059,,,,
9964,9964,10.178360939025879,,,,
9965,9965,9.590230941772461,,,,
9966,9966,8.602751731872559,,,,
9967,9967,8.531084060668945,,,,
9968,9968,9.13880729675293,,,,
9969,9969,,9.37065315246582,,,
9969,9969,9.37065315246582,,,,
9970,9970,9.929487228393555,,,,
9971,9971,9.276630401611328,,,,
9972,9972,8.87393856048584,,,,
9973,9973,8.506077766418457,,,,
9974,9974,8.491466522216797,,,,
9975,9975,8.780596733093262,,,,
9976,9976,9.132490158081055,,,,
9977,9977,10.141138076782227,,,,
9978,9978,10.026267051696777,,,,
9979,9979,,11.99814510345459,,,
9979,9979,11.99814510345459,,,,
9980,9980,10.711442947387695,,,,
9981,9981,12.71192741394043,,,,
9982,9982,10.11536693572998,,,,
9983,9983,9.720955848693848,,,,
9984,9984,8.6755952835083,,,,
9985,9985,8.436684608459473,,,,
9986,9986,8.832263946533203,,,,
9987,9987,9.2850923538208,,,,
9988,9988,9.9258451461792,,,,
9989,9989,,9.343104362487793,,,
9989,9989,9.343104362487793,,,,
9990,9990,9.31674861907959,,,,
9991,9991,8.785282135009766,,,,
9992,9992,8.420631408691406,,,,
9993,9993,8.348851203918457,,,,
9994,9994,8.45687484741211,,,,
9995,9995,8.522953987121582,,,,
9996,9996,8.776772499084473,,,,
9997,9997,8.986115455627441,,,,
9998,9998,9.10445785522461,,,,
9999,9999,,10.040386199951172,,,
9999,9999,,,0.2495429366827011,380.8745422363281,336.45831298828125
9999,9999,10.040386199951172,,,,
10000,10000,10.220331192016602,,,,
10001,10001,13.740853309631348,,,,
10002,10002,11.39816951751709,,,,
10003,10003,14.118627548217773,,,,
10004,10004,9.731213569641113,,,,
10005,10005,8.337188720703125,,,,
10006,10006,8.845972061157227,,,,
10007,10007,9.805859565734863,,,,
10008,10008,11.600090980529785,,,,
10009,10009,,9.574585914611816,,,
10009,10009,9.574585914611816,,,,
10010,10010,8.52322769165039,,,,
10011,10011,8.46120834350586,,,,
10012,10012,9.313084602355957,,,,
10013,10013,10.475074768066406,,,,
10014,10014,9.362266540527344,,,,
10015,10015,8.83381175994873,,,,
10016,10016,8.380751609802246,,,,
10017,10017,8.38149642944336,,,,
10018,10018,8.830719947814941,,,,
10019,10019,,9.367674827575684,,,
10019,10019,9.367674827575684,,,,
10020,10020,11.427645683288574,,,,
10021,10021,10.939313888549805,,,,
10022,10022,15.467132568359375,,,,
10023,10023,10.856666564941406,,,,
10024,10024,10.448594093322754,,,,
10025,10025,8.717827796936035,,,,
10026,10026,8.406497955322266,,,,
10027,10027,9.176950454711914,,,,
10028,10028,9.721577644348145,,,,
10029,10029,,10.566903114318848,,,
10029,10029,10.566903114318848,,,,
10030,10030,8.993868827819824,,,,
10031,10031,8.286091804504395,,,,
10032,10032,8.564628601074219,,,,
10033,10033,9.267659187316895,,,,
10034,10034,10.437719345092773,,,,
10035,10035,9.592527389526367,,,,
10036,10036,9.741559982299805,,,,
10037,10037,8.912830352783203,,,,
10038,10038,8.591960906982422,,,,
10039,10039,,8.491324424743652,,,
10039,10039,8.491324424743652,,,,
10040,10040,8.146021842956543,,,,
10041,10041,8.142217636108398,,,,
10042,10042,8.186623573303223,,,,
10043,10043,8.268159866333008,,,,
10044,10044,8.587628364562988,,,,
10045,10045,9.632564544677734,,,,
10046,10046,10.689454078674316,,,,
10047,10047,18.491436004638672,,,,
10048,10048,10.948868751525879,,,,
10049,10049,,9.355652809143066,,,
10049,10049,9.355652809143066,,,,
10050,10050,8.383193969726562,,,,
10051,10051,8.989368438720703,,,,
10052,10052,10.601734161376953,,,,
10053,10053,9.44314193725586,,,,
10054,10054,8.47687816619873,,,,
10055,10055,8.430892944335938,,,,
10056,10056,9.060121536254883,,,,
10057,10057,9.721721649169922,,,,
10058,10058,8.948841094970703,,,,
10059,10059,,8.405386924743652,,,
10059,10059,8.405386924743652,,,,
10060,10060,8.145426750183105,,,,
10061,10061,8.430383682250977,,,,
10062,10062,8.865200996398926,,,,
10063,10063,9.43521785736084,,,,
10064,10064,12.768111228942871,,,,
10065,10065,11.61087703704834,,,,
10066,10066,18.185209274291992,,,,
10067,10067,9.729597091674805,,,,
10068,10068,8.381455421447754,,,,
10069,10069,,10.170061111450195,,,
10069,10069,10.170061111450195,,,,
10070,10070,10.348769187927246,,,,
10071,10071,10.54344654083252,,,,
10072,10072,8.572030067443848,,,,
10073,10073,9.000146865844727,,,,
10074,10074,10.65542221069336,,,,
10075,10075,9.335253715515137,,,,
10076,10076,8.324328422546387,,,,
10077,10077,8.25844955444336,,,,
10078,10078,8.969823837280273,,,,
10079,10079,,10.40124225616455,,,
10079,10079,10.40124225616455,,,,
10080,10080,9.574844360351562,,,,
10081,10081,10.401427268981934,,,,
10082,10082,9.29299259185791,,,,
10083,10083,9.772254943847656,,,,
10084,10084,9.008991241455078,,,,
10085,10085,9.288764953613281,,,,
10086,10086,8.767354011535645,,,,
10087,10087,8.789427757263184,,,,
10088,10088,8.46645450592041,,,,
10089,10089,,8.438369750976562,,,
10089,10089,8.438369750976562,,,,
10090,10090,8.237439155578613,,,,
10091,10091,8.110289573669434,,,,
10092,10092,8.10606861114502,,,,
10093,10093,8.110121726989746,,,,
10094,10094,8.195503234863281,,,,
10095,10095,8.290267944335938,,,,
10096,10096,8.830702781677246,,,,
10097,10097,9.238767623901367,,,,
10098,10098,11.987955093383789,,,,
10099,10099,,10.450084686279297,,,
10099,10099,10.450084686279297,,,,
10100,10100,12.372974395751953,,,,
10101,10101,9.041658401489258,,,,
10102,10102,8.096529006958008,,,,
10103,10103,8.929723739624023,,,,
10104,10104,9.400444984436035,,,,
10105,10105,10.122882843017578,,,,
10106,10106,8.520604133605957,,,,
10107,10107,8.293044090270996,,,,
10108,10108,9.063677787780762,,,,
10109,10109,,9.202351570129395,,,
10109,10109,9.202351570129395,,,,
10110,10110,10.041041374206543,,,,
10111,10111,8.826828002929688,,,,
10112,10112,8.664618492126465,,,,
10113,10113,8.297028541564941,,,,
10114,10114,8.077325820922852,,,,
10115,10115,7.966161727905273,,,,
10116,10116,7.990331649780273,,,,
10117,10117,7.996007442474365,,,,
10118,10118,8.075459480285645,,,,
10119,10119,,8.210512161254883,,,
10119,10119,8.210512161254883,,,,
10120,10120,8.366393089294434,,,,
10121,10121,9.075202941894531,,,,
10122,10122,9.285168647766113,,,,
10123,10123,11.666207313537598,,,,
10124,10124,9.742368698120117,,,,
10125,10125,10.154037475585938,,,,
10126,10126,8.3972749710083,,,,
10127,10127,8.128089904785156,,,,
10128,10128,8.987776756286621,,,,
10129,10129,,9.094611167907715,,,
10129,10129,9.094611167907715,,,,
10130,10130,9.602266311645508,,,,
10131,10131,8.360289573669434,,,,
10132,10132,8.076939582824707,,,,
10133,10133,8.387831687927246,,,,
10134,10134,8.781637191772461,,,,
10135,10135,10.177380561828613,,,,
10136,10136,9.52673625946045,,,,
10137,10137,11.348350524902344,,,,
10138,10138,9.283003807067871,,,,
10139,10139,,9.351341247558594,,,
10139,10139,9.351341247558594,,,,
10140,10140,8.39697551727295,,,,
10141,10141,8.134476661682129,,,,
10142,10142,8.068910598754883,,,,
10143,10143,8.13203239440918,,,,
10144,10144,8.429308891296387,,,,
10145,10145,8.45228385925293,,,,
10146,10146,8.840998649597168,,,,
10147,10147,8.589652061462402,,,,
10148,10148,9.025667190551758,,,,
10149,10149,,8.714661598205566,,,
10149,10149,8.714661598205566,,,,
10150,10150,9.658248901367188,,,,
10151,10151,9.084144592285156,,,,
10152,10152,10.154735565185547,,,,
10153,10153,8.919294357299805,,,,
10154,10154,8.95219612121582,,,,
10155,10155,8.242673873901367,,,,
10156,10156,7.973416805267334,,,,
10157,10157,8.200594902038574,,,,
10158,10158,8.443375587463379,,,,
10159,10159,,9.231536865234375,,,
10159,10159,9.231536865234375,,,,
10160,10160,8.804353713989258,,,,
10161,10161,9.565433502197266,,,,
10162,10162,8.71273422241211,,,,
10163,10163,8.980876922607422,,,,
10164,10164,8.444568634033203,,,,
10165,10165,8.348429679870605,,,,
10166,10166,8.084210395812988,,,,
10167,10167,7.903181076049805,,,,
10168,10168,7.880746364593506,,,,
10169,10169,,7.956470966339111,,,
10169,10169,7.956470966339111,,,,
10170,10170,8.16849136352539,,,,
10171,10171,8.760982513427734,,,,
10172,10172,10.667969703674316,,,,
10173,10173,9.993317604064941,,,,
10174,10174,12.338310241699219,,,,
10175,10175,8.869604110717773,,,,
10176,10176,8.01091480255127,,,,
10177,10177,8.456459045410156,,,,
10178,10178,8.9981050491333,,,,
10179,10179,,9.79784870147705,,,
10179,10179,9.79784870147705,,,,
10180,10180,8.48287296295166,,,,
10181,10181,8.00040340423584,,,,
10182,10182,8.06373405456543,,,,
10183,10183,8.52550983428955,,,,
10184,10184,9.94683837890625,,,,
10185,10185,9.728002548217773,,,,
10186,10186,13.55436897277832,,,,
10187,10187,9.801499366760254,,,,
10188,10188,9.493704795837402,,,,
10189,10189,,8.165913581848145,,,
10189,10189,8.165913581848145,,,,
10190,10190,8.207103729248047,,,,
10191,10191,9.386578559875488,,,,
10192,10192,8.994226455688477,,,,
10193,10193,8.983953475952148,,,,
10194,10194,8.107321739196777,,,,
10195,10195,7.998130798339844,,,,
10196,10196,8.695831298828125,,,,
10197,10197,9.106456756591797,,,,
10198,10198,11.602850914001465,,,,
10199,10199,,9.815764427185059,,,
10199,10199,9.815764427185059,,,,
10200,10200,11.748730659484863,,,,
10201,10201,8.869073867797852,,,,
10202,10202,8.275760650634766,,,,
10203,10203,8.05094051361084,,,,
10204,10204,8.459239959716797,,,,
10205,10205,9.591713905334473,,,,
10206,10206,8.859382629394531,,,,
10207,10207,8.745548248291016,,,,
10208,10208,8.141609191894531,,,,
10209,10209,,7.88325834274292,,,
10209,10209,7.88325834274292,,,,
10210,10210,7.849167823791504,,,,
10211,10211,8.00865650177002,,,,
10212,10212,8.505279541015625,,,,
10213,10213,9.359402656555176,,,,
10214,10214,14.73786735534668,,,,
10215,10215,10.266725540161133,,,,
10216,10216,9.691461563110352,,,,
10217,10217,8.191082000732422,,,,
10218,10218,9.210857391357422,,,,
10219,10219,,11.706467628479004,,,
10219,10219,11.706467628479004,,,,
10220,10220,8.885697364807129,,,,
10221,10221,8.16745376586914,,,,
10222,10222,8.97805404663086,,,,
10223,10223,9.046998977661133,,,,
10224,10224,9.914896965026855,,,,
10225,10225,8.50436019897461,,,,
10226,10226,8.003816604614258,,,,
10227,10227,7.773150444030762,,,,
10228,10228,7.79030179977417,,,,
10229,10229,,8.002776145935059,,,
10229,10229,8.002776145935059,,,,
10230,10230,8.588850021362305,,,,
10231,10231,10.733992576599121,,,,
10232,10232,9.945171356201172,,,,
10233,10233,12.06519889831543,,,,
10234,10234,8.484704971313477,,,,
10235,10235,8.751916885375977,,,,
10236,10236,11.853473663330078,,,,
10237,10237,8.955991744995117,,,,
10238,10238,8.025956153869629,,,,
10239,10239,,8.820013999938965,,,
10239,10239,8.820013999938965,,,,
10240,10240,9.14357852935791,,,,
10241,10241,10.577159881591797,,,,
10242,10242,8.505048751831055,,,,
10243,10243,7.8152241706848145,,,,
10244,10244,7.848973751068115,,,,
10245,10245,8.492368698120117,,,,
10246,10246,11.017333030700684,,,,
10247,10247,10.378814697265625,,,,
10248,10248,15.011178970336914,,,,
10249,10249,,8.562865257263184,,,
10249,10249,8.562865257263184,,,,
10250,10250,9.196667671203613,,,,
10251,10251,14.707907676696777,,,,
10252,10252,8.794452667236328,,,,
10253,10253,9.55139446258545,,,,
10254,10254,15.581703186035156,,,,
10255,10255,8.477123260498047,,,,
10256,10256,10.828593254089355,,,,
10257,10257,24.02726936340332,,,,
10258,10258,8.0679931640625,,,,
10259,10259,,51.992828369140625,,,
10259,10259,51.992828369140625,,,,
10260,10260,158.96925354003906,,,,
10261,10261,248.03500366210938,,,,
10262,10262,262.4808044433594,,,,
10263,10263,223.50999450683594,,,,
10264,10264,154.953369140625,,,,
10265,10265,81.60395050048828,,,,
10266,10266,31.695480346679688,,,,
10267,10267,62.43882751464844,,,,
10268,10268,129.67428588867188,,,,
10269,10269,,88.92894744873047,,,
10269,10269,88.92894744873047,,,,
10270,10270,62.16484832763672,,,,
10271,10271,43.02861022949219,,,,
10272,10272,37.95079040527344,,,,
10273,10273,42.56842041015625,,,,
10274,10274,50.242916107177734,,,,
10275,10275,56.717769622802734,,,,
10276,10276,60.09523010253906,,,,
10277,10277,60.20166778564453,,,,
10278,10278,57.64437484741211,,,,
10279,10279,,53.8065185546875,,,
10279,10279,53.8065185546875,,,,
10280,10280,50.062557220458984,,,,
10281,10281,47.24999237060547,,,,
10282,10282,45.80559539794922,,,,
10283,10283,45.9389533996582,,,,
10284,10284,46.8776741027832,,,,
10285,10285,47.7490234375,,,,
10286,10286,48.252281188964844,,,,
10287,10287,48.03428268432617,,,,
10288,10288,47.07984924316406,,,,
10289,10289,,45.48647689819336,,,
10289,10289,45.48647689819336,,,,
10290,10290,43.616302490234375,,,,
10291,10291,41.84126281738281,,,,
10292,10292,40.538856506347656,,,,
10293,10293,39.751129150390625,,,,
10294,10294,39.39228439331055,,,,
10295,10295,39.226985931396484,,,,
10296,10296,39.068267822265625,,,,
10297,10297,38.721473693847656,,,,
10298,10298,38.22920227050781,,,,
10299,10299,,37.505760192871094,,,
10299,10299,37.505760192871094,,,,
10300,10300,36.64927673339844,,,,
10301,10301,35.698116302490234,,,,
10302,10302,35.06251525878906,,,,
10303,10303,34.96304702758789,,,,
10304,10304,35.035099029541016,,,,
10305,10305,34.83435821533203,,,,
10306,10306,34.40264129638672,,,,
10307,10307,33.85871505737305,,,,
10308,10308,33.31981658935547,,,,
10309,10309,,32.9043083190918,,,
10309,10309,32.9043083190918,,,,
10310,10310,32.66481018066406,,,,
10311,10311,32.455108642578125,,,,
10312,10312,32.199554443359375,,,,
10313,10313,31.7691707611084,,,,
10314,10314,31.321359634399414,,,,
10315,10315,31.05872917175293,,,,
10316,10316,30.895648956298828,,,,
10317,10317,30.76253890991211,,,,
10318,10318,30.484703063964844,,,,
10319,10319,,30.133255004882812,,,
10319,10319,30.133255004882812,,,,
10320,10320,29.834970474243164,,,,
10321,10321,29.608938217163086,,,,
10322,10322,29.410816192626953,,,,
10323,10323,29.148691177368164,,,,
10324,10324,28.86587905883789,,,,
10325,10325,28.61570930480957,,,,
10326,10326,28.42605972290039,,,,
10327,10327,28.243215560913086,,,,
10328,10328,28.002792358398438,,,,
10329,10329,,27.73583984375,,,
10329,10329,27.73583984375,,,,
10330,10330,27.491737365722656,,,,
10331,10331,27.247804641723633,,,,
10332,10332,27.04252815246582,,,,
10333,10333,26.819499969482422,,,,
10334,10334,26.632614135742188,,,,
10335,10335,26.412944793701172,,,,
10336,10336,26.201007843017578,,,,
10337,10337,25.975889205932617,,,,
10338,10338,25.757312774658203,,,,
10339,10339,,25.542652130126953,,,
10339,10339,25.542652130126953,,,,
10340,10340,25.361896514892578,,,,
10341,10341,25.185253143310547,,,,
10342,10342,24.99042510986328,,,,
10343,10343,24.802894592285156,,,,
10344,10344,24.595380783081055,,,,
10345,10345,24.456087112426758,,,,
10346,10346,24.242563247680664,,,,
10347,10347,24.069904327392578,,,,
10348,10348,23.848209381103516,,,,
10349,10349,,23.687959671020508,,,
10349,10349,23.687959671020508,,,,
10350,10350,23.507308959960938,,,,
10351,10351,23.35129737854004,,,,
10352,10352,23.146060943603516,,,,
10353,10353,22.982707977294922,,,,
10354,10354,22.80876350402832,,,,
10355,10355,22.540441513061523,,,,
10356,10356,22.342458724975586,,,,
10357,10357,22.176084518432617,,,,
10358,10358,21.998390197753906,,,,
10359,10359,,21.856922149658203,,,
10359,10359,21.856922149658203,,,,
10360,10360,21.66644859313965,,,,
10361,10361,21.46082878112793,,,,
10362,10362,21.321208953857422,,,,
10363,10363,21.13454246520996,,,,
10364,10364,20.963130950927734,,,,
10365,10365,20.840768814086914,,,,
10366,10366,20.657154083251953,,,,
10367,10367,20.53961181640625,,,,
10368,10368,20.401927947998047,,,,
10369,10369,,20.25920295715332,,,
10369,10369,20.25920295715332,,,,
10370,10370,20.072959899902344,,,,
10371,10371,19.938417434692383,,,,
10372,10372,19.80133056640625,,,,
10373,10373,19.628217697143555,,,,
10374,10374,19.524272918701172,,,,
10375,10375,19.411863327026367,,,,
10376,10376,19.28411102294922,,,,
10377,10377,19.151079177856445,,,,
10378,10378,18.980913162231445,,,,
10379,10379,,18.819658279418945,,,
10379,10379,18.819658279418945,,,,
10380,10380,18.68023109436035,,,,
10381,10381,18.60542869567871,,,,
10382,10382,18.481565475463867,,,,
10383,10383,18.350873947143555,,,,
10384,10384,18.20358657836914,,,,
10385,10385,18.091812133789062,,,,
10386,10386,18.01577377319336,,,,
10387,10387,17.87208366394043,,,,
10388,10388,17.7014217376709,,,,
10389,10389,,17.57026481628418,,,
10389,10389,17.57026481628418,,,,
10390,10390,17.445682525634766,,,,
10391,10391,17.308870315551758,,,,
10392,10392,17.206632614135742,,,,
10393,10393,17.11749839782715,,,,
10394,10394,16.92438507080078,,,,
10395,10395,16.8280029296875,,,,
10396,10396,16.729490280151367,,,,
10397,10397,16.605375289916992,,,,
10398,10398,16.493152618408203,,,,
10399,10399,,16.379640579223633,,,
10399,10399,16.379640579223633,,,,
10400,10400,16.226539611816406,,,,
10401,10401,16.142345428466797,,,,
10402,10402,16.03326988220215,,,,
10403,10403,15.94074821472168,,,,
10404,10404,15.831663131713867,,,,
10405,10405,15.764806747436523,,,,
10406,10406,15.667906761169434,,,,
10407,10407,15.548883438110352,,,,
10408,10408,15.437678337097168,,,,
10409,10409,,15.364374160766602,,,
10409,10409,15.364374160766602,,,,
10410,10410,15.257076263427734,,,,
10411,10411,15.197782516479492,,,,
10412,10412,15.13430404663086,,,,
10413,10413,15.020586967468262,,,,
10414,10414,14.948699951171875,,,,
10415,10415,14.878344535827637,,,,
10416,10416,14.82963752746582,,,,
10417,10417,14.8175630569458,,,,
10418,10418,14.734020233154297,,,,
10419,10419,,14.661731719970703,,,
10419,10419,14.661731719970703,,,,
10420,10420,14.518930435180664,,,,
10421,10421,14.445833206176758,,,,
10422,10422,14.311169624328613,,,,
10423,10423,14.28782844543457,,,,
10424,10424,14.127607345581055,,,,
10425,10425,14.07570743560791,,,,
10426,10426,14.035078048706055,,,,
10427,10427,13.874066352844238,,,,
10428,10428,13.842901229858398,,,,
10429,10429,,13.799272537231445,,,
10429,10429,13.799272537231445,,,,
10430,10430,13.734234809875488,,,,
10431,10431,13.67671012878418,,,,
10432,10432,13.644547462463379,,,,
10433,10433,13.557994842529297,,,,
10434,10434,13.486437797546387,,,,
10435,10435,13.448126792907715,,,,
10436,10436,13.38914966583252,,,,
10437,10437,13.366129875183105,,,,
10438,10438,13.289976119995117,,,,
10439,10439,,13.2391357421875,,,
10439,10439,13.2391357421875,,,,
10440,10440,13.21219253540039,,,,
10441,10441,13.175280570983887,,,,
10442,10442,13.118639945983887,,,,
10443,10443,13.093413352966309,,,,
10444,10444,13.076146125793457,,,,
10445,10445,12.983120918273926,,,,
10446,10446,13.032157897949219,,,,
10447,10447,13.044354438781738,,,,
10448,10448,12.941615104675293,,,,
10449,10449,,12.944541931152344,,,
10449,10449,12.944541931152344,,,,
10450,10450,12.916608810424805,,,,
10451,10451,12.901083946228027,,,,
10452,10452,12.875179290771484,,,,
10453,10453,12.871113777160645,,,,
10454,10454,12.794259071350098,,,,
10455,10455,12.815311431884766,,,,
10456,10456,12.790059089660645,,,,
10457,10457,12.738875389099121,,,,
10458,10458,12.686447143554688,,,,
10459,10459,,12.648970603942871,,,
10459,10459,12.648970603942871,,,,
10460,10460,12.61773681640625,,,,
10461,10461,12.569204330444336,,,,
10462,10462,12.519532203674316,,,,
10463,10463,12.407975196838379,,,,
10464,10464,12.400341033935547,,,,
10465,10465,12.29797077178955,,,,
10466,10466,12.29682445526123,,,,
10467,10467,12.216245651245117,,,,
10468,10468,12.167645454406738,,,,
10469,10469,,12.123027801513672,,,
10469,10469,12.123027801513672,,,,
10470,10470,12.092419624328613,,,,
10471,10471,11.994064331054688,,,,
10472,10472,12.025474548339844,,,,
10473,10473,12.001860618591309,,,,
10474,10474,11.935626983642578,,,,
10475,10475,11.835719108581543,,,,
10476,10476,11.824624061584473,,,,
10477,10477,11.841599464416504,,,,
10478,10478,11.795963287353516,,,,
10479,10479,,11.659575462341309,,,
10479,10479,11.659575462341309,,,,
10480,10480,11.660406112670898,,,,
10481,10481,11.575886726379395,,,,
10482,10482,11.60651969909668,,,,
10483,10483,11.541387557983398,,,,
10484,10484,11.473370552062988,,,,
10485,10485,11.466448783874512,,,,
10486,10486,11.35561466217041,,,,
10487,10487,11.307130813598633,,,,
10488,10488,11.249778747558594,,,,
10489,10489,,11.153560638427734,,,
10489,10489,11.153560638427734,,,,
10490,10490,11.04284954071045,,,,
10491,10491,11.047975540161133,,,,
10492,10492,11.009207725524902,,,,
10493,10493,10.90907096862793,,,,
10494,10494,10.866999626159668,,,,
10495,10495,10.785882949829102,,,,
10496,10496,10.746038436889648,,,,
10497,10497,10.65379810333252,,,,
10498,10498,10.591439247131348,,,,
10499,10499,,10.536267280578613,,,
10499,10499,,,0.2664527893066406,434.2420959472656,336.45831298828125
10499,10499,10.536267280578613,,,,
10500,10500,10.515480041503906,,,,
10501,10501,10.496489524841309,,,,
10502,10502,10.554490089416504,,,,
10503,10503,10.535482406616211,,,,
10504,10504,10.374261856079102,,,,
10505,10505,10.291706085205078,,,,
10506,10506,10.199016571044922,,,,
10507,10507,10.159685134887695,,,,
10508,10508,10.119474411010742,,,,
10509,10509,,10.062259674072266,,,
10509,10509,10.062259674072266,,,,
10510,10510,10.097365379333496,,,,
10511,10511,10.046195030212402,,,,
10512,10512,9.971101760864258,,,,
10513,10513,9.89376163482666,,,,
10514,10514,9.796887397766113,,,,
10515,10515,9.739636421203613,,,,
10516,10516,9.68906021118164,,,,
10517,10517,9.629546165466309,,,,
10518,10518,9.519062042236328,,,,
10519,10519,,9.420088768005371,,,
10519,10519,9.420088768005371,,,,
10520,10520,9.294636726379395,,,,
10521,10521,9.169805526733398,,,,
10522,10522,9.028998374938965,,,,
10523,10523,8.950273513793945,,,,
10524,10524,8.905255317687988,,,,
10525,10525,8.876137733459473,,,,
10526,10526,8.832700729370117,,,,
10527,10527,8.837089538574219,,,,
10528,10528,8.864222526550293,,,,
10529,10529,,8.845458984375,,,
10529,10529,8.845458984375,,,,
10530,10530,8.887749671936035,,,,
10531,10531,8.877799987792969,,,,
10532,10532,8.835689544677734,,,,
10533,10533,8.766288757324219,,,,
10534,10534,8.715051651000977,,,,
10535,10535,8.678074836730957,,,,
10536,10536,8.652816772460938,,,,
10537,10537,8.636070251464844,,,,
10538,10538,8.623526573181152,,,,
10539,10539,,8.586828231811523,,,
10539,10539,8.586828231811523,,,,
10540,10540,8.591689109802246,,,,
10541,10541,8.495184898376465,,,,
10542,10542,8.525177001953125,,,,
10543,10543,8.482439994812012,,,,
10544,10544,8.514771461486816,,,,
10545,10545,8.480741500854492,,,,
10546,10546,8.408454895019531,,,,
10547,10547,8.35561752319336,,,,
10548,10548,8.376178741455078,,,,
10549,10549,,8.368062973022461,,,
10549,10549,8.368062973022461,,,,
10550,10550,8.297369956970215,,,,
10551,10551,8.35000228881836,,,,
10552,10552,8.351880073547363,,,,
10553,10553,8.362383842468262,,,,
10554,10554,8.330842018127441,,,,
10555,10555,8.358284950256348,,,,
10556,10556,8.282654762268066,,,,
10557,10557,8.33116626739502,,,,
10558,10558,8.274737358093262,,,,
10559,10559,,8.257946014404297,,,
10559,10559,8.257946014404297,,,,
10560,10560,8.272209167480469,,,,
10561,10561,8.19057559967041,,,,
10562,10562,8.310157775878906,,,,
10563,10563,8.251263618469238,,,,
10564,10564,8.2704496383667,,,,
10565,10565,8.153358459472656,,,,
10566,10566,8.187881469726562,,,,
10567,10567,8.110445976257324,,,,
10568,10568,8.155991554260254,,,,
10569,10569,,8.141555786132812,,,
10569,10569,8.141555786132812,,,,
10570,10570,8.054734230041504,,,,
10571,10571,8.150748252868652,,,,
10572,10572,8.115867614746094,,,,
10573,10573,8.222625732421875,,,,
10574,10574,8.17533016204834,,,,
10575,10575,8.243498802185059,,,,
10576,10576,8.172185897827148,,,,
10577,10577,8.228559494018555,,,,
10578,10578,8.135754585266113,,,,
10579,10579,,8.15178394317627,,,
10579,10579,8.15178394317627,,,,
10580,10580,8.05361270904541,,,,
10581,10581,8.135050773620605,,,,
10582,10582,8.039427757263184,,,,
10583,10583,8.089228630065918,,,,
10584,10584,8.02929401397705,,,,
10585,10585,8.071304321289062,,,,
10586,10586,8.09702205657959,,,,
10587,10587,8.145569801330566,,,,
10588,10588,8.229700088500977,,,,
10589,10589,,8.320954322814941,,,
10589,10589,8.320954322814941,,,,
10590,10590,8.486404418945312,,,,
10591,10591,8.703368186950684,,,,
10592,10592,8.674357414245605,,,,
10593,10593,8.83940315246582,,,,
10594,10594,8.578231811523438,,,,
10595,10595,8.358336448669434,,,,
10596,10596,8.184595108032227,,,,
10597,10597,7.954128742218018,,,,
10598,10598,8.005634307861328,,,,
10599,10599,,8.191732406616211,,,
10599,10599,8.191732406616211,,,,
10600,10600,8.3095064163208,,,,
10601,10601,8.542669296264648,,,,
10602,10602,9.005996704101562,,,,
10603,10603,8.948224067687988,,,,
10604,10604,9.5911283493042,,,,
10605,10605,8.877728462219238,,,,
10606,10606,8.691121101379395,,,,
10607,10607,8.155651092529297,,,,
10608,10608,8.010566711425781,,,,
10609,10609,,8.087665557861328,,,
10609,10609,8.087665557861328,,,,
10610,10610,8.3657865524292,,,,
10611,10611,8.700220108032227,,,,
10612,10612,8.642804145812988,,,,
10613,10613,8.900918006896973,,,,
10614,10614,8.638935089111328,,,,
10615,10615,8.755099296569824,,,,
10616,10616,8.470245361328125,,,,
10617,10617,8.430797576904297,,,,
10618,10618,8.213666915893555,,,,
10619,10619,,8.016521453857422,,,
10619,10619,8.016521453857422,,,,
10620,10620,7.987678050994873,,,,
10621,10621,7.98899507522583,,,,
10622,10622,7.967835426330566,,,,
10623,10623,7.957598686218262,,,,
10624,10624,7.907254219055176,,,,
10625,10625,7.954329967498779,,,,
10626,10626,7.957726001739502,,,,
10627,10627,8.093562126159668,,,,
10628,10628,8.439664840698242,,,,
10629,10629,,9.417767524719238,,,
10629,10629,9.417767524719238,,,,
10630,10630,9.453752517700195,,,,
10631,10631,11.763897895812988,,,,
10632,10632,9.103341102600098,,,,
10633,10633,8.361905097961426,,,,
10634,10634,7.9983320236206055,,,,
10635,10635,8.459426879882812,,,,
10636,10636,9.330110549926758,,,,
10637,10637,8.670454025268555,,,,
10638,10638,8.397966384887695,,,,
10639,10639,,8.03561782836914,,,
10639,10639,8.03561782836914,,,,
10640,10640,7.855252265930176,,,,
10641,10641,7.93802547454834,,,,
10642,10642,8.26773738861084,,,,
10643,10643,9.221744537353516,,,,
10644,10644,9.747005462646484,,,,
10645,10645,14.958398818969727,,,,
10646,10646,9.3594331741333,,,,
10647,10647,8.086316108703613,,,,
10648,10648,8.716625213623047,,,,
10649,10649,,9.028486251831055,,,
10649,10649,9.028486251831055,,,,
10650,10650,9.040159225463867,,,,
10651,10651,8.055716514587402,,,,
10652,10652,8.183977127075195,,,,
10653,10653,9.63831901550293,,,,
10654,10654,9.743284225463867,,,,
10655,10655,14.424132347106934,,,,
10656,10656,9.564425468444824,,,,
10657,10657,8.730274200439453,,,,
10658,10658,7.9975409507751465,,,,
10659,10659,,8.862318992614746,,,
10659,10659,8.862318992614746,,,,
10660,10660,11.04681396484375,,,,
10661,10661,8.485212326049805,,,,
10662,10662,8.269387245178223,,,,
10663,10663,9.66969108581543,,,,
10664,10664,8.77301025390625,,,,
10665,10665,8.473116874694824,,,,
10666,10666,7.968357086181641,,,,
10667,10667,7.855391502380371,,,,
10668,10668,7.909936428070068,,,,
10669,10669,,8.341961860656738,,,
10669,10669,8.341961860656738,,,,
10670,10670,9.756972312927246,,,,
10671,10671,9.217362403869629,,,,
10672,10672,10.513920783996582,,,,
10673,10673,8.265107154846191,,,,
10674,10674,8.30622386932373,,,,
10675,10675,9.799811363220215,,,,
10676,10676,8.594106674194336,,,,
10677,10677,8.099942207336426,,,,
10678,10678,7.834714412689209,,,,
10679,10679,,8.017607688903809,,,
10679,10679,8.017607688903809,,,,
10680,10680,8.730883598327637,,,,
10681,10681,9.101625442504883,,,,
10682,10682,12.755743980407715,,,,
10683,10683,9.247246742248535,,,,
10684,10684,8.569507598876953,,,,
10685,10685,8.0361909866333,,,,
10686,10686,8.735278129577637,,,,
10687,10687,10.359660148620605,,,,
10688,10688,8.282548904418945,,,,
10689,10689,,8.023430824279785,,,
10689,10689,8.023430824279785,,,,
10690,10690,9.172470092773438,,,,
10691,10691,8.866263389587402,,,,
10692,10692,9.983565330505371,,,,
10693,10693,8.67679214477539,,,,
10694,10694,8.734368324279785,,,,
10695,10695,8.03879165649414,,,,
10696,10696,7.772495269775391,,,,
10697,10697,7.915477275848389,,,,
10698,10698,8.173669815063477,,,,
10699,10699,,8.52550220489502,,,
10699,10699,8.52550220489502,,,,
10700,10700,8.101351737976074,,,,
10701,10701,7.919498920440674,,,,
10702,10702,7.694085121154785,,,,
10703,10703,7.746139049530029,,,,
10704,10704,7.877357006072998,,,,
10705,10705,8.046761512756348,,,,
10706,10706,8.692142486572266,,,,
10707,10707,8.586835861206055,,,,
10708,10708,9.684566497802734,,,,
10709,10709,,8.345011711120605,,,
10709,10709,8.345011711120605,,,,
10710,10710,7.883531093597412,,,,
10711,10711,7.762864112854004,,,,
10712,10712,7.967271327972412,,,,
10713,10713,8.346756935119629,,,,
10714,10714,8.16419506072998,,,,
10715,10715,8.230650901794434,,,,
10716,10716,7.947775840759277,,,,
10717,10717,7.89949369430542,,,,
10718,10718,7.828561305999756,,,,
10719,10719,,7.7719035148620605,,,
10719,10719,7.7719035148620605,,,,
10720,10720,7.838314056396484,,,,
10721,10721,7.897701263427734,,,,
10722,10722,7.983372211456299,,,,
10723,10723,8.523275375366211,,,,
10724,10724,8.683613777160645,,,,
10725,10725,10.456780433654785,,,,
10726,10726,8.364212989807129,,,,
10727,10727,7.803534984588623,,,,
10728,10728,8.088334083557129,,,,
10729,10729,,8.530672073364258,,,
10729,10729,8.530672073364258,,,,
10730,10730,9.867266654968262,,,,
10731,10731,8.143823623657227,,,,
10732,10732,7.683423042297363,,,,
10733,10733,7.69778299331665,,,,
10734,10734,8.131163597106934,,,,
10735,10735,10.154791831970215,,,,
10736,10736,9.372498512268066,,,,
10737,10737,12.061450004577637,,,,
10738,10738,8.195697784423828,,,,
10739,10739,,8.573443412780762,,,
10739,10739,8.573443412780762,,,,
10740,10740,12.430951118469238,,,,
10741,10741,8.478400230407715,,,,
10742,10742,8.032561302185059,,,,
10743,10743,10.04037857055664,,,,
10744,10744,8.661168098449707,,,,
10745,10745,8.757351875305176,,,,
10746,10746,7.835762977600098,,,,
10747,10747,7.624240875244141,,,,
10748,10748,7.62667989730835,,,,
10749,10749,,7.777118682861328,,,
10749,10749,7.777118682861328,,,,
10750,10750,8.295049667358398,,,,
10751,10751,8.264740943908691,,,,
10752,10752,9.22089672088623,,,,
10753,10753,8.089115142822266,,,,
10754,10754,7.718319892883301,,,,
10755,10755,7.7074384689331055,,,,
10756,10756,7.960841178894043,,,,
10757,10757,8.603726387023926,,,,
10758,10758,8.230435371398926,,,,
10759,10759,,8.673420906066895,,,
10759,10759,8.673420906066895,,,,
10760,10760,7.985759735107422,,,,
10761,10761,7.853741645812988,,,,
10762,10762,7.589611530303955,,,,
10763,10763,7.526186466217041,,,,
10764,10764,7.656360626220703,,,,
10765,10765,7.638625621795654,,,,
10766,10766,7.890185356140137,,,,
10767,10767,7.902308940887451,,,,
10768,10768,8.752732276916504,,,,
10769,10769,,8.314160346984863,,,
10769,10769,8.314160346984863,,,,
10770,10770,9.003290176391602,,,,
10771,10771,7.981402397155762,,,,
10772,10772,7.652704238891602,,,,
10773,10773,7.683642387390137,,,,
10774,10774,7.955297946929932,,,,
10775,10775,8.612076759338379,,,,
10776,10776,8.142790794372559,,,,
10777,10777,8.67697525024414,,,,
10778,10778,8.006309509277344,,,,
10779,10779,,8.093215942382812,,,
10779,10779,8.093215942382812,,,,
10780,10780,7.684565544128418,,,,
10781,10781,7.701095104217529,,,,
10782,10782,7.4982008934021,,,,
10783,10783,7.516459941864014,,,,
10784,10784,7.4489922523498535,,,,
10785,10785,7.487654685974121,,,,
10786,10786,7.445799827575684,,,,
10787,10787,7.473274230957031,,,,
10788,10788,7.449267864227295,,,,
10789,10789,,7.475032806396484,,,
10789,10789,7.475032806396484,,,,
10790,10790,7.481266975402832,,,,
10791,10791,7.575997829437256,,,,
10792,10792,7.523952960968018,,,,
10793,10793,7.92805814743042,,,,
10794,10794,8.349164962768555,,,,
10795,10795,11.255785942077637,,,,
10796,10796,8.718052864074707,,,,
10797,10797,8.826889991760254,,,,
10798,10798,7.666448593139648,,,,
10799,10799,,7.806632995605469,,,
10799,10799,7.806632995605469,,,,
10800,10800,9.030689239501953,,,,
10801,10801,8.4077730178833,,,,
10802,10802,9.802462577819824,,,,
10803,10803,8.34047794342041,,,,
10804,10804,8.960521697998047,,,,
10805,10805,7.940222263336182,,,,
10806,10806,7.874475955963135,,,,
10807,10807,7.523836135864258,,,,
10808,10808,7.35527229309082,,,,
10809,10809,,7.542537212371826,,,
10809,10809,7.542537212371826,,,,
10810,10810,7.66039514541626,,,,
10811,10811,8.10693359375,,,,
10812,10812,8.141803741455078,,,,
10813,10813,9.94990062713623,,,,
10814,10814,8.561609268188477,,,,
10815,10815,9.554286003112793,,,,
10816,10816,7.796237945556641,,,,
10817,10817,7.616633415222168,,,,
10818,10818,8.297890663146973,,,,
10819,10819,,8.053266525268555,,,
10819,10819,8.053266525268555,,,,
10820,10820,8.749722480773926,,,,
10821,10821,7.972386837005615,,,,
10822,10822,8.180949211120605,,,,
10823,10823,7.853229999542236,,,,
10824,10824,8.233365058898926,,,,
10825,10825,7.85468053817749,,,,
10826,10826,7.987105846405029,,,,
10827,10827,7.579777717590332,,,,
10828,10828,7.406265735626221,,,,
10829,10829,,7.392745494842529,,,
10829,10829,7.392745494842529,,,,
10830,10830,7.433821678161621,,,,
10831,10831,7.552694797515869,,,,
10832,10832,7.778665542602539,,,,
10833,10833,8.91815185546875,,,,
10834,10834,8.61392593383789,,,,
10835,10835,11.456904411315918,,,,
10836,10836,8.022480964660645,,,,
10837,10837,7.634768962860107,,,,
10838,10838,8.758316040039062,,,,
10839,10839,,8.056597709655762,,,
10839,10839,8.056597709655762,,,,
10840,10840,8.149120330810547,,,,
10841,10841,7.538263320922852,,,,
10842,10842,7.4743170738220215,,,,
10843,10843,7.41749906539917,,,,
10844,10844,7.35434627532959,,,,
10845,10845,7.381725311279297,,,,
10846,10846,7.404239177703857,,,,
10847,10847,7.522673606872559,,,,
10848,10848,7.83090353012085,,,,
10849,10849,,8.249011993408203,,,
10849,10849,8.249011993408203,,,,
10850,10850,11.51600170135498,,,,
10851,10851,8.545215606689453,,,,
10852,10852,8.591387748718262,,,,
10853,10853,7.5560808181762695,,,,
10854,10854,7.6053996086120605,,,,
10855,10855,8.801902770996094,,,,
10856,10856,8.50584888458252,,,,
10857,10857,11.417488098144531,,,,
10858,10858,8.398942947387695,,,,
10859,10859,,8.494864463806152,,,
10859,10859,8.494864463806152,,,,
10860,10860,7.532248497009277,,,,
10861,10861,7.412966251373291,,,,
10862,10862,7.837235450744629,,,,
10863,10863,7.9693074226379395,,,,
10864,10864,9.309123039245605,,,,
10865,10865,8.408021926879883,,,,
10866,10866,10.057475090026855,,,,
10867,10867,8.086089134216309,,,,
10868,10868,7.835667133331299,,,,
10869,10869,,7.395683288574219,,,
10869,10869,7.395683288574219,,,,
10870,10870,7.471532821655273,,,,
10871,10871,7.871190071105957,,,,
10872,10872,8.01090145111084,,,,
10873,10873,9.631511688232422,,,,
10874,10874,8.544636726379395,,,,
10875,10875,10.407136917114258,,,,
10876,10876,7.959366321563721,,,,
10877,10877,7.450545787811279,,,,
10878,10878,7.738201141357422,,,,
10879,10879,,7.9741668701171875,,,
10879,10879,7.9741668701171875,,,,
10880,10880,9.28994369506836,,,,
10881,10881,8.050687789916992,,,,
10882,10882,8.556337356567383,,,,
10883,10883,7.930394172668457,,,,
10884,10884,8.749238967895508,,,,
10885,10885,7.8797993659973145,,,,
10886,10886,8.017422676086426,,,,
10887,10887,7.327169895172119,,,,
10888,10888,7.248321533203125,,,,
10889,10889,,7.6186842918396,,,
10889,10889,7.6186842918396,,,,
10890,10890,8.049211502075195,,,,
10891,10891,10.841423988342285,,,,
10892,10892,8.760588645935059,,,,
10893,10893,10.365606307983398,,,,
10894,10894,7.730139255523682,,,,
10895,10895,7.6281328201293945,,,,
10896,10896,9.258147239685059,,,,
10897,10897,8.110725402832031,,,,
10898,10898,8.255621910095215,,,,
10899,10899,,7.571005344390869,,,
10899,10899,7.571005344390869,,,,
10900,10900,7.60186767578125,,,,
10901,10901,7.58612060546875,,,,
10902,10902,8.459503173828125,,,,
10903,10903,8.667370796203613,,,,
10904,10904,12.612324714660645,,,,
10905,10905,7.931769371032715,,,,
10906,10906,8.260296821594238,,,,
10907,10907,12.054224014282227,,,,
10908,10908,7.8437371253967285,,,,
10909,10909,,7.574354648590088,,,
10909,10909,7.574354648590088,,,,
10910,10910,10.856352806091309,,,,
10911,10911,8.913016319274902,,,,
10912,10912,11.481728553771973,,,,
10913,10913,7.616427421569824,,,,
10914,10914,7.898921489715576,,,,
10915,10915,10.962148666381836,,,,
10916,10916,7.874549865722656,,,,
10917,10917,7.36890172958374,,,,
10918,10918,8.891407012939453,,,,
10919,10919,,8.653470993041992,,,
10919,10919,8.653470993041992,,,,
10920,10920,12.55366325378418,,,,
10921,10921,7.833471775054932,,,,
10922,10922,7.409341335296631,,,,
10923,10923,9.007081985473633,,,,
10924,10924,7.955404281616211,,,,
10925,10925,7.554254531860352,,,,
10926,10926,7.22802209854126,,,,
10927,10927,7.565272808074951,,,,
10928,10928,9.849674224853516,,,,
10929,10929,,9.63248348236084,,,
10929,10929,9.63248348236084,,,,
10930,10930,18.494415283203125,,,,
10931,10931,8.195333480834961,,,,
10932,10932,18.940717697143555,,,,
10933,10933,70.84918975830078,,,,
10934,10934,81.09552001953125,,,,
10935,10935,24.631235122680664,,,,
10936,10936,261.5789489746094,,,,
10937,10937,33.34552764892578,,,,
10938,10938,77.74044036865234,,,,
10939,10939,,75.75640106201172,,,
10939,10939,75.75640106201172,,,,
10940,10940,43.6126594543457,,,,
10941,10941,16.962648391723633,,,,
10942,10942,37.555885314941406,,,,
10943,10943,59.57155227661133,,,,
10944,10944,49.119232177734375,,,,
10945,10945,35.5382194519043,,,,
10946,10946,21.0621337890625,,,,
10947,10947,27.97730827331543,,,,
10948,10948,37.0953369140625,,,,
10949,10949,,38.48652648925781,,,
10949,10949,38.48652648925781,,,,
10950,10950,32.93281173706055,,,,
10951,10951,26.214101791381836,,,,
10952,10952,25.3505802154541,,,,
10953,10953,31.52861976623535,,,,
10954,10954,33.611881256103516,,,,
10955,10955,29.218204498291016,,,,
10956,10956,25.130064010620117,,,,
10957,10957,26.35696029663086,,,,
10958,10958,28.86903953552246,,,,
10959,10959,,29.608800888061523,,,
10959,10959,29.608800888061523,,,,
10960,10960,28.14674186706543,,,,
10961,10961,25.50269317626953,,,,
10962,10962,23.850074768066406,,,,
10963,10963,24.95292854309082,,,,
10964,10964,26.288516998291016,,,,
10965,10965,24.590564727783203,,,,
10966,10966,22.58338165283203,,,,
10967,10967,22.771934509277344,,,,
10968,10968,23.631412506103516,,,,
10969,10969,,23.37053680419922,,,
10969,10969,23.37053680419922,,,,
10970,10970,21.87640953063965,,,,
10971,10971,20.806074142456055,,,,
10972,10972,21.419340133666992,,,,
10973,10973,21.676488876342773,,,,
10974,10974,20.138181686401367,,,,
10975,10975,19.940000534057617,,,,
10976,10976,20.54129409790039,,,,
10977,10977,20.229921340942383,,,,
10978,10978,19.202547073364258,,,,
10979,10979,,19.138534545898438,,,
10979,10979,19.138534545898438,,,,
10980,10980,19.545930862426758,,,,
10981,10981,18.833715438842773,,,,
10982,10982,18.479862213134766,,,,
10983,10983,18.83725357055664,,,,
10984,10984,18.49875831604004,,,,
10985,10985,17.94524383544922,,,,
10986,10986,18.00033950805664,,,,
10987,10987,17.94264793395996,,,,
10988,10988,17.45693588256836,,,,
10989,10989,,17.434253692626953,,,
10989,10989,17.434253692626953,,,,
10990,10990,17.381669998168945,,,,
10991,10991,16.950498580932617,,,,
10992,10992,16.835205078125,,,,
10993,10993,16.778051376342773,,,,
10994,10994,16.46248435974121,,,,
10995,10995,16.35198974609375,,,,
10996,10996,16.295076370239258,,,,
10997,10997,15.954822540283203,,,,
10998,10998,15.903368949890137,,,,
10999,10999,,15.86634635925293,,,
10999,10999,,,0.2524060904979706,389.6646423339844,336.45831298828125
10999,10999,15.86634635925293,,,,
11000,11000,15.651543617248535,,,,
11001,11001,15.526956558227539,,,,
11002,11002,15.484432220458984,,,,
11003,11003,15.311039924621582,,,,
11004,11004,15.21567153930664,,,,
11005,11005,15.137289047241211,,,,
11006,11006,14.989372253417969,,,,
11007,11007,14.87028694152832,,,,
11008,11008,14.818059921264648,,,,
11009,11009,,14.66494369506836,,,
11009,11009,14.66494369506836,,,,
11010,11010,14.655458450317383,,,,
11011,11011,14.544894218444824,,,,
11012,11012,14.475985527038574,,,,
11013,11013,14.456765174865723,,,,
11014,11014,14.41711139678955,,,,
11015,11015,14.31220531463623,,,,
11016,11016,14.247054100036621,,,,
11017,11017,14.18486499786377,,,,
11018,11018,14.053298950195312,,,,
11019,11019,,14.031124114990234,,,
11019,11019,14.031124114990234,,,,
11020,11020,13.973882675170898,,,,
11021,11021,13.87095832824707,,,,
11022,11022,13.77148723602295,,,,
11023,11023,13.827433586120605,,,,
11024,11024,13.700980186462402,,,,
11025,11025,13.684795379638672,,,,
11026,11026,13.59440803527832,,,,
11027,11027,13.530531883239746,,,,
11028,11028,13.485135078430176,,,,
11029,11029,,13.443221092224121,,,
11029,11029,13.443221092224121,,,,
11030,11030,13.370765686035156,,,,
11031,11031,13.29482650756836,,,,
11032,11032,13.264104843139648,,,,
11033,11033,13.205227851867676,,,,
11034,11034,13.137615203857422,,,,
11035,11035,13.062199592590332,,,,
11036,11036,12.996949195861816,,,,
11037,11037,12.966814041137695,,,,
11038,11038,12.873851776123047,,,,
11039,11039,,12.823480606079102,,,
11039,11039,12.823480606079102,,,,
11040,11040,12.789718627929688,,,,
11041,11041,12.847490310668945,,,,
11042,11042,12.8113431930542,,,,
11043,11043,12.770659446716309,,,,
11044,11044,12.741872787475586,,,,
11045,11045,12.695972442626953,,,,
11046,11046,12.697032928466797,,,,
11047,11047,12.661147117614746,,,,
11048,11048,12.611590385437012,,,,
11049,11049,,12.594829559326172,,,
11049,11049,12.594829559326172,,,,
11050,11050,12.583433151245117,,,,
11051,11051,12.540181159973145,,,,
11052,11052,12.519282341003418,,,,
11053,11053,12.543452262878418,,,,
11054,11054,12.503804206848145,,,,
11055,11055,12.448343276977539,,,,
11056,11056,12.408201217651367,,,,
11057,11057,12.345940589904785,,,,
11058,11058,12.288674354553223,,,,
11059,11059,,12.213813781738281,,,
11059,11059,12.213813781738281,,,,
11060,11060,12.187417984008789,,,,
11061,11061,12.120357513427734,,,,
11062,11062,12.069815635681152,,,,
11063,11063,12.021504402160645,,,,
11064,11064,12.027634620666504,,,,
11065,11065,11.977193832397461,,,,
11066,11066,11.928125381469727,,,,
11067,11067,11.934126853942871,,,,
11068,11068,11.91560173034668,,,,
11069,11069,,11.933094024658203,,,
11069,11069,11.933094024658203,,,,
11070,11070,11.923846244812012,,,,
11071,11071,11.88626766204834,,,,
11072,11072,11.80023193359375,,,,
11073,11073,11.763870239257812,,,,
11074,11074,11.788151741027832,,,,
11075,11075,11.798131942749023,,,,
11076,11076,11.70926284790039,,,,
11077,11077,11.695245742797852,,,,
11078,11078,11.635497093200684,,,,
11079,11079,,11.626160621643066,,,
11079,11079,11.626160621643066,,,,
11080,11080,11.579900741577148,,,,
11081,11081,11.518507957458496,,,,
11082,11082,11.54776668548584,,,,
11083,11083,11.493038177490234,,,,
11084,11084,11.438314437866211,,,,
11085,11085,11.422174453735352,,,,
11086,11086,11.351499557495117,,,,
11087,11087,11.32825756072998,,,,
11088,11088,11.359543800354004,,,,
11089,11089,,11.376251220703125,,,
11089,11089,11.376251220703125,,,,
11090,11090,11.350157737731934,,,,
11091,11091,11.233550071716309,,,,
11092,11092,11.197503089904785,,,,
11093,11093,11.187249183654785,,,,
11094,11094,11.159178733825684,,,,
11095,11095,11.122055053710938,,,,
11096,11096,11.058882713317871,,,,
11097,11097,10.916470527648926,,,,
11098,11098,10.900718688964844,,,,
11099,11099,,10.883785247802734,,,
11099,11099,10.883785247802734,,,,
11100,11100,10.871009826660156,,,,
11101,11101,10.856325149536133,,,,
11102,11102,10.838610649108887,,,,
11103,11103,10.783326148986816,,,,
11104,11104,10.736001968383789,,,,
11105,11105,10.677491188049316,,,,
11106,11106,10.690159797668457,,,,
11107,11107,10.65805721282959,,,,
11108,11108,10.599934577941895,,,,
11109,11109,,10.57487678527832,,,
11109,11109,10.57487678527832,,,,
11110,11110,10.532403945922852,,,,
11111,11111,10.522879600524902,,,,
11112,11112,10.441361427307129,,,,
11113,11113,10.415152549743652,,,,
11114,11114,10.375283241271973,,,,
11115,11115,10.297531127929688,,,,
11116,11116,10.266271591186523,,,,
11117,11117,10.284894943237305,,,,
11118,11118,10.216980934143066,,,,
11119,11119,,10.162659645080566,,,
11119,11119,10.162659645080566,,,,
11120,11120,10.165338516235352,,,,
11121,11121,10.138653755187988,,,,
11122,11122,10.12497615814209,,,,
11123,11123,10.023479461669922,,,,
11124,11124,9.953121185302734,,,,
11125,11125,9.917150497436523,,,,
11126,11126,9.961515426635742,,,,
11127,11127,9.944570541381836,,,,
11128,11128,9.95016860961914,,,,
11129,11129,,9.932098388671875,,,
11129,11129,9.932098388671875,,,,
11130,11130,9.845071792602539,,,,
11131,11131,9.858160972595215,,,,
11132,11132,9.815783500671387,,,,
11133,11133,9.776659965515137,,,,
11134,11134,9.740386962890625,,,,
11135,11135,9.69332504272461,,,,
11136,11136,9.598763465881348,,,,
11137,11137,9.569616317749023,,,,
11138,11138,9.574664115905762,,,,
11139,11139,,9.570145606994629,,,
11139,11139,9.570145606994629,,,,
11140,11140,9.510331153869629,,,,
11141,11141,9.511903762817383,,,,
11142,11142,9.494282722473145,,,,
11143,11143,9.463800430297852,,,,
11144,11144,9.435175895690918,,,,
11145,11145,9.392818450927734,,,,
11146,11146,9.379173278808594,,,,
11147,11147,9.319273948669434,,,,
11148,11148,9.346809387207031,,,,
11149,11149,,9.345982551574707,,,
11149,11149,9.345982551574707,,,,
11150,11150,9.2978515625,,,,
11151,11151,9.316827774047852,,,,
11152,11152,9.316446304321289,,,,
11153,11153,9.327412605285645,,,,
11154,11154,9.278371810913086,,,,
11155,11155,9.27247428894043,,,,
11156,11156,9.257044792175293,,,,
11157,11157,9.261357307434082,,,,
11158,11158,9.27787971496582,,,,
11159,11159,,9.239919662475586,,,
11159,11159,9.239919662475586,,,,
11160,11160,9.217830657958984,,,,
11161,11161,9.203106880187988,,,,
11162,11162,9.180233001708984,,,,
11163,11163,9.198097229003906,,,,
11164,11164,9.154050827026367,,,,
11165,11165,9.141654968261719,,,,
11166,11166,9.147978782653809,,,,
11167,11167,9.146824836730957,,,,
11168,11168,9.165749549865723,,,,
11169,11169,,9.176281929016113,,,
11169,11169,9.176281929016113,,,,
11170,11170,9.136183738708496,,,,
11171,11171,9.126055717468262,,,,
11172,11172,9.077676773071289,,,,
11173,11173,9.102884292602539,,,,
11174,11174,9.083454132080078,,,,
11175,11175,9.030508041381836,,,,
11176,11176,9.052383422851562,,,,
11177,11177,9.034253120422363,,,,
11178,11178,9.016406059265137,,,,
11179,11179,,8.991484642028809,,,
11179,11179,8.991484642028809,,,,
11180,11180,8.993535041809082,,,,
11181,11181,8.93427562713623,,,,
11182,11182,8.963736534118652,,,,
11183,11183,8.945988655090332,,,,
11184,11184,8.894746780395508,,,,
11185,11185,8.886898040771484,,,,
11186,11186,8.889410018920898,,,,
11187,11187,8.866534233093262,,,,
11188,11188,8.850311279296875,,,,
11189,11189,,8.83551025390625,,,
11189,11189,8.83551025390625,,,,
11190,11190,8.838640213012695,,,,
11191,11191,8.854137420654297,,,,
11192,11192,8.82170581817627,,,,
11193,11193,8.83849048614502,,,,
11194,11194,8.848597526550293,,,,
11195,11195,8.813932418823242,,,,
11196,11196,8.813776016235352,,,,
11197,11197,8.790763854980469,,,,
11198,11198,8.739900588989258,,,,
11199,11199,,8.751626968383789,,,
11199,11199,8.751626968383789,,,,
11200,11200,8.75174331665039,,,,
11201,11201,8.717591285705566,,,,
11202,11202,8.681938171386719,,,,
11203,11203,8.714122772216797,,,,
11204,11204,8.707986831665039,,,,
11205,11205,8.692122459411621,,,,
11206,11206,8.715400695800781,,,,
11207,11207,8.689504623413086,,,,
11208,11208,8.662527084350586,,,,
11209,11209,,8.69478702545166,,,
11209,11209,8.69478702545166,,,,
11210,11210,8.683591842651367,,,,
11211,11211,8.671181678771973,,,,
11212,11212,8.69840145111084,,,,
11213,11213,8.632753372192383,,,,
11214,11214,8.6402006149292,,,,
11215,11215,8.63325309753418,,,,
11216,11216,8.625772476196289,,,,
11217,11217,8.600028991699219,,,,
11218,11218,8.60128402709961,,,,
11219,11219,,8.597223281860352,,,
11219,11219,8.597223281860352,,,,
11220,11220,8.583467483520508,,,,
11221,11221,8.569910049438477,,,,
11222,11222,8.609355926513672,,,,
11223,11223,8.613164901733398,,,,
11224,11224,8.56117057800293,,,,
11225,11225,8.586207389831543,,,,
11226,11226,8.571922302246094,,,,
11227,11227,8.478514671325684,,,,
11228,11228,8.538229942321777,,,,
11229,11229,,8.5055570602417,,,
11229,11229,8.5055570602417,,,,
11230,11230,8.452049255371094,,,,
11231,11231,8.456600189208984,,,,
11232,11232,8.458736419677734,,,,
11233,11233,8.43887710571289,,,,
11234,11234,8.407419204711914,,,,
11235,11235,8.396160125732422,,,,
11236,11236,8.402688980102539,,,,
11237,11237,8.405949592590332,,,,
11238,11238,8.412391662597656,,,,
11239,11239,,8.414859771728516,,,
11239,11239,8.414859771728516,,,,
11240,11240,8.401350021362305,,,,
11241,11241,8.377824783325195,,,,
11242,11242,8.318534851074219,,,,
11243,11243,8.341282844543457,,,,
11244,11244,8.237317085266113,,,,
11245,11245,8.302376747131348,,,,
11246,11246,8.236503601074219,,,,
11247,11247,8.274210929870605,,,,
11248,11248,8.208925247192383,,,,
11249,11249,,8.244303703308105,,,
11249,11249,8.244303703308105,,,,
11250,11250,8.193886756896973,,,,
11251,11251,8.179169654846191,,,,
11252,11252,8.16678524017334,,,,
11253,11253,8.166646957397461,,,,
11254,11254,8.138937950134277,,,,
11255,11255,8.1555814743042,,,,
11256,11256,8.164844512939453,,,,
11257,11257,8.189045906066895,,,,
11258,11258,8.140800476074219,,,,
11259,11259,,8.12191104888916,,,
11259,11259,8.12191104888916,,,,
11260,11260,8.161478042602539,,,,
11261,11261,8.144950866699219,,,,
11262,11262,8.169672966003418,,,,
11263,11263,8.163850784301758,,,,
11264,11264,8.173823356628418,,,,
11265,11265,8.174395561218262,,,,
11266,11266,8.145310401916504,,,,
11267,11267,8.16638469696045,,,,
11268,11268,8.152441024780273,,,,
11269,11269,,8.17060661315918,,,
11269,11269,8.17060661315918,,,,
11270,11270,8.166030883789062,,,,
11271,11271,8.137335777282715,,,,
11272,11272,8.093671798706055,,,,
11273,11273,8.084538459777832,,,,
11274,11274,8.103812217712402,,,,
11275,11275,8.071639060974121,,,,
11276,11276,8.0441255569458,,,,
11277,11277,8.010526657104492,,,,
11278,11278,8.057106971740723,,,,
11279,11279,,7.9743266105651855,,,
11279,11279,7.9743266105651855,,,,
11280,11280,7.959967136383057,,,,
11281,11281,7.964591979980469,,,,
11282,11282,7.968560695648193,,,,
11283,11283,7.981847286224365,,,,
11284,11284,7.933892726898193,,,,
11285,11285,7.911771774291992,,,,
11286,11286,7.882035255432129,,,,
11287,11287,7.832925319671631,,,,
11288,11288,7.8073577880859375,,,,
11289,11289,,7.814281940460205,,,
11289,11289,7.814281940460205,,,,
11290,11290,7.771143436431885,,,,
11291,11291,7.728737831115723,,,,
11292,11292,7.662382125854492,,,,
11293,11293,7.664670944213867,,,,
11294,11294,7.636224269866943,,,,
11295,11295,7.63692569732666,,,,
11296,11296,7.5845818519592285,,,,
11297,11297,7.571242332458496,,,,
11298,11298,7.541855335235596,,,,
11299,11299,,7.527447700500488,,,
11299,11299,7.527447700500488,,,,
11300,11300,7.585373401641846,,,,
11301,11301,7.526536464691162,,,,
11302,11302,7.611498832702637,,,,
11303,11303,7.691869735717773,,,,
11304,11304,7.803521633148193,,,,
11305,11305,7.881155967712402,,,,
11306,11306,8.215217590332031,,,,
11307,11307,8.301985740661621,,,,
11308,11308,9.250519752502441,,,,
11309,11309,,9.026801109313965,,,
11309,11309,9.026801109313965,,,,
11310,11310,10.447881698608398,,,,
11311,11311,9.065777778625488,,,,
11312,11312,9.420279502868652,,,,
11313,11313,8.129813194274902,,,,
11314,11314,7.505318641662598,,,,
11315,11315,7.4498772621154785,,,,
11316,11316,7.902266025543213,,,,
11317,11317,8.536499977111816,,,,
11318,11318,8.258915901184082,,,,
11319,11319,,8.42532730102539,,,
11319,11319,8.42532730102539,,,,
11320,11320,7.8860907554626465,,,,
11321,11321,7.586724281311035,,,,
11322,11322,7.500288486480713,,,,
11323,11323,7.387369632720947,,,,
11324,11324,7.424556732177734,,,,
11325,11325,7.429948329925537,,,,
11326,11326,7.655489444732666,,,,
11327,11327,7.737105369567871,,,,
11328,11328,7.8017497062683105,,,,
11329,11329,,7.815802574157715,,,
11329,11329,7.815802574157715,,,,
11330,11330,7.686469554901123,,,,
11331,11331,7.517612934112549,,,,
11332,11332,7.528177261352539,,,,
11333,11333,7.327742576599121,,,,
11334,11334,7.3389129638671875,,,,
11335,11335,7.231639385223389,,,,
11336,11336,7.181013107299805,,,,
11337,11337,7.188741683959961,,,,
11338,11338,7.206403732299805,,,,
11339,11339,,7.215637683868408,,,
11339,11339,7.215637683868408,,,,
11340,11340,7.249731063842773,,,,
11341,11341,7.441275596618652,,,,
11342,11342,7.622294902801514,,,,
11343,11343,7.743407726287842,,,,
11344,11344,8.531309127807617,,,,
11345,11345,8.167237281799316,,,,
11346,11346,9.044696807861328,,,,
11347,11347,7.898936748504639,,,,
11348,11348,7.59367561340332,,,,
11349,11349,,7.192405700683594,,,
11349,11349,7.192405700683594,,,,
11350,11350,7.235382080078125,,,,
11351,11351,7.412039279937744,,,,
11352,11352,7.642292499542236,,,,
11353,11353,8.370527267456055,,,,
11354,11354,8.020160675048828,,,,
11355,11355,8.810620307922363,,,,
11356,11356,7.8141045570373535,,,,
11357,11357,7.602235794067383,,,,
11358,11358,7.18007755279541,,,,
11359,11359,,7.1618499755859375,,,
11359,11359,7.1618499755859375,,,,
11360,11360,7.429874897003174,,,,
11361,11361,7.615595817565918,,,,
11362,11362,7.925011157989502,,,,
11363,11363,7.556891918182373,,,,
11364,11364,7.4992265701293945,,,,
11365,11365,7.272948741912842,,,,
11366,11366,7.057474136352539,,,,
11367,11367,7.040946006774902,,,,
11368,11368,7.040596961975098,,,,
11369,11369,,7.089165687561035,,,
11369,11369,7.089165687561035,,,,
11370,11370,7.1788530349731445,,,,
11371,11371,7.299004077911377,,,,
11372,11372,7.344404697418213,,,,
11373,11373,7.626615047454834,,,,
11374,11374,7.4982428550720215,,,,
11375,11375,7.689077377319336,,,,
11376,11376,7.3916730880737305,,,,
11377,11377,7.282092571258545,,,,
11378,11378,7.138204574584961,,,,
11379,11379,,7.017640590667725,,,
11379,11379,7.017640590667725,,,,
11380,11380,6.954980850219727,,,,
11381,11381,6.977845668792725,,,,
11382,11382,7.064105033874512,,,,
11383,11383,7.247297286987305,,,,
11384,11384,7.717729091644287,,,,
11385,11385,7.769631385803223,,,,
11386,11386,8.762941360473633,,,,
11387,11387,7.770616054534912,,,,
11388,11388,7.590198040008545,,,,
11389,11389,,7.089570045471191,,,
11389,11389,7.089570045471191,,,,
11390,11390,6.996481418609619,,,,
11391,11391,7.219832897186279,,,,
11392,11392,7.593906879425049,,,,
11393,11393,8.97168254852295,,,,
11394,11394,8.488883018493652,,,,
11395,11395,11.384897232055664,,,,
11396,11396,8.278318405151367,,,,
11397,11397,7.4382710456848145,,,,
11398,11398,7.126871109008789,,,,
11399,11399,,7.9980950355529785,,,
11399,11399,7.9980950355529785,,,,
11400,11400,10.621175765991211,,,,
11401,11401,7.937320709228516,,,,
11402,11402,7.34051513671875,,,,
11403,11403,6.954076290130615,,,,
11404,11404,7.158196926116943,,,,
11405,11405,8.076306343078613,,,,
11406,11406,8.046350479125977,,,,
11407,11407,9.655195236206055,,,,
11408,11408,7.752190589904785,,,,
11409,11409,,7.222285270690918,,,
11409,11409,7.222285270690918,,,,
11410,11410,7.003480911254883,,,,
11411,11411,7.3460798263549805,,,,
11412,11412,8.28980541229248,,,,
11413,11413,7.7651448249816895,,,,
11414,11414,8.542464256286621,,,,
11415,11415,7.63604736328125,,,,
11416,11416,7.645748615264893,,,,
11417,11417,7.11190128326416,,,,
11418,11418,6.9509968757629395,,,,
11419,11419,,7.05162239074707,,,
11419,11419,7.05162239074707,,,,
11420,11420,7.320561408996582,,,,
11421,11421,8.556107521057129,,,,
11422,11422,8.606191635131836,,,,
11423,11423,13.746318817138672,,,,
11424,11424,8.707763671875,,,,
11425,11425,7.535443305969238,,,,
11426,11426,7.33234167098999,,,,
11427,11427,8.337646484375,,,,
11428,11428,11.651357650756836,,,,
11429,11429,,7.743337154388428,,,
11429,11429,7.743337154388428,,,,
11430,11430,7.01154088973999,,,,
11431,11431,7.032686233520508,,,,
11432,11432,7.568004608154297,,,,
11433,11433,9.781521797180176,,,,
11434,11434,8.202878952026367,,,,
11435,11435,8.496036529541016,,,,
11436,11436,7.059422016143799,,,,
11437,11437,7.954575061798096,,,,
11438,11438,11.51648998260498,,,,
11439,11439,,7.7666335105896,,,
11439,11439,7.7666335105896,,,,
11440,11440,6.885828495025635,,,,
11441,11441,7.471075534820557,,,,
11442,11442,7.895814895629883,,,,
11443,11443,10.662886619567871,,,,
11444,11444,7.787545204162598,,,,
11445,11445,7.106749057769775,,,,
11446,11446,7.08241605758667,,,,
11447,11447,7.466694355010986,,,,
11448,11448,8.724384307861328,,,,
11449,11449,,7.31753396987915,,,
11449,11449,7.31753396987915,,,,
11450,11450,7.192358493804932,,,,
11451,11451,6.862597465515137,,,,
11452,11452,6.922513008117676,,,,
11453,11453,7.275223731994629,,,,
11454,11454,7.439920425415039,,,,
11455,11455,9.014436721801758,,,,
11456,11456,7.503417491912842,,,,
11457,11457,7.091744422912598,,,,
11458,11458,6.977802276611328,,,,
11459,11459,,7.325579643249512,,,
11459,11459,7.325579643249512,,,,
11460,11460,8.715445518493652,,,,
11461,11461,7.530717372894287,,,,
11462,11462,7.933692932128906,,,,
11463,11463,7.105209827423096,,,,
11464,11464,7.021118640899658,,,,
11465,11465,6.8214006423950195,,,,
11466,11466,6.798861026763916,,,,
11467,11467,7.086948871612549,,,,
11468,11468,7.143798351287842,,,,
11469,11469,,8.082392692565918,,,
11469,11469,8.082392692565918,,,,
11470,11470,7.695870399475098,,,,
11471,11471,9.45186710357666,,,,
11472,11472,7.493190288543701,,,,
11473,11473,6.9584574699401855,,,,
11474,11474,7.265860557556152,,,,
11475,11475,7.404423713684082,,,,
11476,11476,8.861462593078613,,,,
11477,11477,7.565855979919434,,,,
11478,11478,8.239703178405762,,,,
11479,11479,,7.229231357574463,,,
11479,11479,7.229231357574463,,,,
11480,11480,7.28473424911499,,,,
11481,11481,6.887685775756836,,,,
11482,11482,6.812036991119385,,,,
11483,11483,6.943860054016113,,,,
11484,11484,7.046173095703125,,,,
11485,11485,7.722634315490723,,,,
11486,11486,7.777405261993408,,,,
11487,11487,10.93957233428955,,,,
11488,11488,7.814117908477783,,,,
11489,11489,,7.154959678649902,,,
11489,11489,7.154959678649902,,,,
11490,11490,7.3724164962768555,,,,
11491,11491,7.604437828063965,,,,
11492,11492,9.095589637756348,,,,
11493,11493,7.469074249267578,,,,
11494,11494,7.648448467254639,,,,
11495,11495,7.195836544036865,,,,
11496,11496,7.492047309875488,,,,
11497,11497,7.083784103393555,,,,
11498,11498,7.247426986694336,,,,
11499,11499,,6.877912521362305,,,
11499,11499,,,0.23073439300060272,325.62371826171875,325.62371826171875
11499,11499,6.877912521362305,,,,
11500,11500,6.692682266235352,,,,
11501,11501,6.807361602783203,,,,
11502,11502,7.114268779754639,,,,
11503,11503,8.470288276672363,,,,
11504,11504,8.250981330871582,,,,
11505,11505,12.406057357788086,,,,
11506,11506,7.767888069152832,,,,
11507,11507,7.652071475982666,,,,
11508,11508,10.15601921081543,,,,
11509,11509,,7.262486934661865,,,
11509,11509,7.262486934661865,,,,
11510,11510,7.098258972167969,,,,
11511,11511,9.674043655395508,,,,
11512,11512,9.266079902648926,,,,
11513,11513,19.368215560913086,,,,
11514,11514,8.29359245300293,,,,
11515,11515,12.148856163024902,,,,
11516,11516,34.71024703979492,,,,
11517,11517,11.477952003479004,,,,
11518,11518,126.65586853027344,,,,
11519,11519,,233.74705505371094,,,
11519,11519,233.74705505371094,,,,
11520,11520,391.2160339355469,,,,
11521,11521,462.5454406738281,,,,
11522,11522,471.50274658203125,,,,
11523,11523,437.7459411621094,,,,
11524,11524,377.0078125,,,,
11525,11525,303.0367431640625,,,,
11526,11526,226.76358032226562,,,,
11527,11527,157.5909423828125,,,,
11528,11528,101.42317962646484,,,,
11529,11529,,66.5318832397461,,,
11529,11529,66.5318832397461,,,,
11530,11530,56.73906707763672,,,,
11531,11531,67.25199127197266,,,,
11532,11532,91.43656921386719,,,,
11533,11533,109.66452026367188,,,,
11534,11534,121.10692596435547,,,,
11535,11535,127.10903930664062,,,,
11536,11536,126.98993682861328,,,,
11537,11537,122.37158966064453,,,,
11538,11538,114.79439544677734,,,,
11539,11539,,104.5375747680664,,,
11539,11539,104.5375747680664,,,,
11540,11540,91.16516876220703,,,,
11541,11541,78.61949920654297,,,,
11542,11542,68.73995208740234,,,,
11543,11543,61.9415397644043,,,,
11544,11544,57.975196838378906,,,,
11545,11545,56.377342224121094,,,,
11546,11546,56.729591369628906,,,,
11547,11547,58.19143295288086,,,,
11548,11548,60.18580627441406,,,,
11549,11549,,62.14613723754883,,,
11549,11549,62.14613723754883,,,,
11550,11550,63.39032745361328,,,,
11551,11551,63.79010772705078,,,,
11552,11552,63.29982376098633,,,,
11553,11553,61.822113037109375,,,,
11554,11554,59.43863296508789,,,,
11555,11555,56.45747756958008,,,,
11556,11556,53.50456237792969,,,,
11557,11557,51.053497314453125,,,,
11558,11558,48.99674987792969,,,,
11559,11559,,47.375038146972656,,,
11559,11559,47.375038146972656,,,,
11560,11560,46.338706970214844,,,,
11561,11561,45.70347213745117,,,,
11562,11562,45.3515625,,,,
11563,11563,45.15785217285156,,,,
11564,11564,45.060062408447266,,,,
11565,11565,44.60721206665039,,,,
11566,11566,43.88505935668945,,,,
11567,11567,43.240638732910156,,,,
11568,11568,42.66388702392578,,,,
11569,11569,,42.08538055419922,,,
11569,11569,42.08538055419922,,,,
11570,11570,41.616233825683594,,,,
11571,11571,41.162017822265625,,,,
11572,11572,40.82554626464844,,,,
11573,11573,40.5638427734375,,,,
11574,11574,40.33601760864258,,,,
11575,11575,40.010765075683594,,,,
11576,11576,39.538143157958984,,,,
11577,11577,39.04347229003906,,,,
11578,11578,38.69441223144531,,,,
11579,11579,,38.50059127807617,,,
11579,11579,38.50059127807617,,,,
11580,11580,38.331932067871094,,,,
11581,11581,37.956424713134766,,,,
11582,11582,37.54450607299805,,,,
11583,11583,37.16994094848633,,,,
11584,11584,36.91671371459961,,,,
11585,11585,36.67802429199219,,,,
11586,11586,36.44401550292969,,,,
11587,11587,36.150169372558594,,,,
11588,11588,36.00703811645508,,,,
11589,11589,,35.86679458618164,,,
11589,11589,35.86679458618164,,,,
11590,11590,35.72349166870117,,,,
11591,11591,35.49160385131836,,,,
11592,11592,35.236915588378906,,,,
11593,11593,35.04409408569336,,,,
11594,11594,34.83100509643555,,,,
11595,11595,34.60560989379883,,,,
11596,11596,34.36225509643555,,,,
11597,11597,34.1408576965332,,,,
11598,11598,33.926658630371094,,,,
11599,11599,,33.738365173339844,,,
11599,11599,33.738365173339844,,,,
11600,11600,33.49501037597656,,,,
11601,11601,33.25327682495117,,,,
11602,11602,33.03703689575195,,,,
11603,11603,32.86095428466797,,,,
11604,11604,32.63827896118164,,,,
11605,11605,32.4412727355957,,,,
11606,11606,32.2392692565918,,,,
11607,11607,32.03349685668945,,,,
11608,11608,31.823978424072266,,,,
11609,11609,,31.619478225708008,,,
11609,11609,31.619478225708008,,,,
11610,11610,31.42694854736328,,,,
11611,11611,31.235782623291016,,,,
11612,11612,31.081594467163086,,,,
11613,11613,30.895885467529297,,,,
11614,11614,30.702808380126953,,,,
11615,11615,30.476364135742188,,,,
11616,11616,30.29863166809082,,,,
11617,11617,30.137083053588867,,,,
11618,11618,29.927478790283203,,,,
11619,11619,,29.77545166015625,,,
11619,11619,29.77545166015625,,,,
11620,11620,29.60744857788086,,,,
11621,11621,29.36281967163086,,,,
11622,11622,29.19234848022461,,,,
11623,11623,29.050857543945312,,,,
11624,11624,28.83336067199707,,,,
11625,11625,28.620168685913086,,,,
11626,11626,28.465110778808594,,,,
11627,11627,28.288026809692383,,,,
11628,11628,28.10118293762207,,,,
11629,11629,,27.89061164855957,,,
11629,11629,27.89061164855957,,,,
11630,11630,27.721538543701172,,,,
11631,11631,27.553035736083984,,,,
11632,11632,27.326749801635742,,,,
11633,11633,27.174560546875,,,,
11634,11634,27.022693634033203,,,,
11635,11635,26.80323600769043,,,,
11636,11636,26.62240982055664,,,,
11637,11637,26.50522232055664,,,,
11638,11638,26.336795806884766,,,,
11639,11639,,26.16520881652832,,,
11639,11639,26.16520881652832,,,,
11640,11640,25.989288330078125,,,,
11641,11641,25.853879928588867,,,,
11642,11642,25.710067749023438,,,,
11643,11643,25.56267547607422,,,,
11644,11644,25.416074752807617,,,,
11645,11645,25.215858459472656,,,,
11646,11646,25.06954574584961,,,,
11647,11647,24.8989200592041,,,,
11648,11648,24.796152114868164,,,,
11649,11649,,24.612518310546875,,,
11649,11649,24.612518310546875,,,,
11650,11650,24.447721481323242,,,,
11651,11651,24.269664764404297,,,,
11652,11652,24.122217178344727,,,,
11653,11653,24.00141143798828,,,,
11654,11654,23.810739517211914,,,,
11655,11655,23.6117000579834,,,,
11656,11656,23.48096466064453,,,,
11657,11657,23.31639289855957,,,,
11658,11658,23.179588317871094,,,,
11659,11659,,23.05047607421875,,,
11659,11659,23.05047607421875,,,,
11660,11660,22.89337730407715,,,,
11661,11661,22.75217056274414,,,,
11662,11662,22.567058563232422,,,,
11663,11663,22.350248336791992,,,,
11664,11664,22.242412567138672,,,,
11665,11665,22.073043823242188,,,,
11666,11666,21.917234420776367,,,,
11667,11667,21.736919403076172,,,,
11668,11668,21.60515594482422,,,,
11669,11669,,21.413942337036133,,,
11669,11669,21.413942337036133,,,,
11670,11670,21.25257110595703,,,,
11671,11671,21.160890579223633,,,,
11672,11672,20.97857093811035,,,,
11673,11673,20.801158905029297,,,,
11674,11674,20.65655517578125,,,,
11675,11675,20.566486358642578,,,,
11676,11676,20.404386520385742,,,,
11677,11677,20.238027572631836,,,,
11678,11678,20.10749626159668,,,,
11679,11679,,19.985488891601562,,,
11679,11679,19.985488891601562,,,,
11680,11680,19.831096649169922,,,,
11681,11681,19.715885162353516,,,,
11682,11682,19.611114501953125,,,,
11683,11683,19.52030372619629,,,,
11684,11684,19.341354370117188,,,,
11685,11685,19.274944305419922,,,,
11686,11686,19.21568489074707,,,,
11687,11687,19.127519607543945,,,,
11688,11688,19.012102127075195,,,,
11689,11689,,18.897525787353516,,,
11689,11689,18.897525787353516,,,,
11690,11690,18.785688400268555,,,,
11691,11691,18.69847869873047,,,,
11692,11692,18.56745719909668,,,,
11693,11693,18.41099739074707,,,,
11694,11694,18.331249237060547,,,,
11695,11695,18.225332260131836,,,,
11696,11696,18.105350494384766,,,,
11697,11697,17.947952270507812,,,,
11698,11698,17.825674057006836,,,,
11699,11699,,17.71153450012207,,,
11699,11699,17.71153450012207,,,,
11700,11700,17.612619400024414,,,,
11701,11701,17.487707138061523,,,,
11702,11702,17.402809143066406,,,,
11703,11703,17.324188232421875,,,,
11704,11704,17.24639892578125,,,,
11705,11705,17.169885635375977,,,,
11706,11706,17.068376541137695,,,,
11707,11707,16.994291305541992,,,,
11708,11708,16.941293716430664,,,,
11709,11709,,16.85069465637207,,,
11709,11709,16.85069465637207,,,,
11710,11710,16.74593734741211,,,,
11711,11711,16.689693450927734,,,,
11712,11712,16.62607192993164,,,,
11713,11713,16.555797576904297,,,,
11714,11714,16.446514129638672,,,,
11715,11715,16.38120460510254,,,,
11716,11716,16.253164291381836,,,,
11717,11717,16.123268127441406,,,,
11718,11718,16.114360809326172,,,,
11719,11719,,16.101612091064453,,,
11719,11719,16.101612091064453,,,,
11720,11720,16.050458908081055,,,,
11721,11721,15.969524383544922,,,,
11722,11722,15.892943382263184,,,,
11723,11723,15.81549072265625,,,,
11724,11724,15.676973342895508,,,,
11725,11725,15.62235164642334,,,,
11726,11726,15.575193405151367,,,,
11727,11727,15.514837265014648,,,,
11728,11728,15.426077842712402,,,,
11729,11729,,15.357918739318848,,,
11729,11729,15.357918739318848,,,,
11730,11730,15.277076721191406,,,,
11731,11731,15.197189331054688,,,,
11732,11732,15.097679138183594,,,,
11733,11733,15.021700859069824,,,,
11734,11734,14.984414100646973,,,,
11735,11735,14.945435523986816,,,,
11736,11736,14.882601737976074,,,,
11737,11737,14.800271034240723,,,,
11738,11738,14.774420738220215,,,,
11739,11739,,14.706400871276855,,,
11739,11739,14.706400871276855,,,,
11740,11740,14.658140182495117,,,,
11741,11741,14.595839500427246,,,,
11742,11742,14.602126121520996,,,,
11743,11743,14.49413013458252,,,,
11744,11744,14.460086822509766,,,,
11745,11745,14.414222717285156,,,,
11746,11746,14.353252410888672,,,,
11747,11747,14.307840347290039,,,,
11748,11748,14.273629188537598,,,,
11749,11749,,14.17314624786377,,,
11749,11749,14.17314624786377,,,,
11750,11750,14.077234268188477,,,,
11751,11751,14.03553581237793,,,,
11752,11752,13.960668563842773,,,,
11753,11753,13.880692481994629,,,,
11754,11754,13.803974151611328,,,,
11755,11755,13.813005447387695,,,,
11756,11756,13.801902770996094,,,,
11757,11757,13.74628734588623,,,,
11758,11758,13.663467407226562,,,,
11759,11759,,13.596869468688965,,,
11759,11759,13.596869468688965,,,,
11760,11760,13.538838386535645,,,,
11761,11761,13.51014232635498,,,,
11762,11762,13.411381721496582,,,,
11763,11763,13.402970314025879,,,,
11764,11764,13.350553512573242,,,,
11765,11765,13.27624797821045,,,,
11766,11766,13.17616081237793,,,,
11767,11767,13.080866813659668,,,,
11768,11768,13.10342025756836,,,,
11769,11769,,13.111564636230469,,,
11769,11769,13.111564636230469,,,,
11770,11770,13.03577995300293,,,,
11771,11771,12.986534118652344,,,,
11772,11772,12.935193061828613,,,,
11773,11773,12.877076148986816,,,,
11774,11774,12.799684524536133,,,,
11775,11775,12.760095596313477,,,,
11776,11776,12.680978775024414,,,,
11777,11777,12.594278335571289,,,,
11778,11778,12.514473915100098,,,,
11779,11779,,12.49606990814209,,,
11779,11779,12.49606990814209,,,,
11780,11780,12.408838272094727,,,,
11781,11781,12.327509880065918,,,,
11782,11782,12.310503959655762,,,,
11783,11783,12.196037292480469,,,,
11784,11784,12.184320449829102,,,,
11785,11785,12.025705337524414,,,,
11786,11786,11.921950340270996,,,,
11787,11787,11.842098236083984,,,,
11788,11788,11.784027099609375,,,,
11789,11789,,11.78024959564209,,,
11789,11789,11.78024959564209,,,,
11790,11790,11.687284469604492,,,,
11791,11791,11.636598587036133,,,,
11792,11792,11.62419319152832,,,,
11793,11793,11.64017105102539,,,,
11794,11794,11.479838371276855,,,,
11795,11795,11.316873550415039,,,,
11796,11796,11.308416366577148,,,,
11797,11797,11.266298294067383,,,,
11798,11798,11.212905883789062,,,,
11799,11799,,11.110532760620117,,,
11799,11799,11.110532760620117,,,,
11800,11800,10.996161460876465,,,,
11801,11801,11.027987480163574,,,,
11802,11802,10.998393058776855,,,,
11803,11803,10.819957733154297,,,,
11804,11804,10.759323120117188,,,,
11805,11805,10.707168579101562,,,,
11806,11806,10.599834442138672,,,,
11807,11807,10.56506633758545,,,,
11808,11808,10.554478645324707,,,,
11809,11809,,10.470108985900879,,,
11809,11809,10.470108985900879,,,,
11810,11810,10.4661865234375,,,,
11811,11811,10.482623100280762,,,,
11812,11812,10.41828441619873,,,,
11813,11813,10.390772819519043,,,,
11814,11814,10.360858917236328,,,,
11815,11815,10.289702415466309,,,,
11816,11816,10.20627498626709,,,,
11817,11817,10.156933784484863,,,,
11818,11818,10.157106399536133,,,,
11819,11819,,10.050259590148926,,,
11819,11819,10.050259590148926,,,,
11820,11820,10.040647506713867,,,,
11821,11821,10.009361267089844,,,,
11822,11822,9.966989517211914,,,,
11823,11823,9.95650863647461,,,,
11824,11824,9.93907642364502,,,,
11825,11825,9.932650566101074,,,,
11826,11826,9.885737419128418,,,,
11827,11827,9.859452247619629,,,,
11828,11828,9.861814498901367,,,,
11829,11829,,9.824891090393066,,,
11829,11829,9.824891090393066,,,,
11830,11830,9.793099403381348,,,,
11831,11831,9.78455638885498,,,,
11832,11832,9.807193756103516,,,,
11833,11833,9.79358196258545,,,,
11834,11834,9.792780876159668,,,,
11835,11835,9.795334815979004,,,,
11836,11836,9.758641242980957,,,,
11837,11837,9.68648624420166,,,,
11838,11838,9.655322074890137,,,,
11839,11839,,9.645232200622559,,,
11839,11839,9.645232200622559,,,,
11840,11840,9.61681842803955,,,,
11841,11841,9.59168815612793,,,,
11842,11842,9.642960548400879,,,,
11843,11843,9.54251480102539,,,,
11844,11844,9.609956741333008,,,,
11845,11845,9.591848373413086,,,,
11846,11846,9.557172775268555,,,,
11847,11847,9.52255630493164,,,,
11848,11848,9.467540740966797,,,,
11849,11849,,9.473223686218262,,,
11849,11849,9.473223686218262,,,,
11850,11850,9.440645217895508,,,,
11851,11851,9.469231605529785,,,,
11852,11852,9.429268836975098,,,,
11853,11853,9.418018341064453,,,,
11854,11854,9.368006706237793,,,,
11855,11855,9.337492942810059,,,,
11856,11856,9.312492370605469,,,,
11857,11857,9.285207748413086,,,,
11858,11858,9.243666648864746,,,,
11859,11859,,9.167425155639648,,,
11859,11859,9.167425155639648,,,,
11860,11860,9.246914863586426,,,,
11861,11861,9.16431999206543,,,,
11862,11862,9.161964416503906,,,,
11863,11863,9.145658493041992,,,,
11864,11864,9.10100269317627,,,,
11865,11865,9.058964729309082,,,,
11866,11866,9.041609764099121,,,,
11867,11867,8.954155921936035,,,,
11868,11868,8.865872383117676,,,,
11869,11869,,8.83853530883789,,,
11869,11869,8.83853530883789,,,,
11870,11870,8.852375984191895,,,,
11871,11871,8.819558143615723,,,,
11872,11872,8.798177719116211,,,,
11873,11873,8.820752143859863,,,,
11874,11874,8.762218475341797,,,,
11875,11875,8.653177261352539,,,,
11876,11876,8.62125301361084,,,,
11877,11877,8.622117042541504,,,,
11878,11878,8.531838417053223,,,,
11879,11879,,8.476594924926758,,,
11879,11879,8.476594924926758,,,,
11880,11880,8.451971054077148,,,,
11881,11881,8.386295318603516,,,,
11882,11882,8.367242813110352,,,,
11883,11883,8.296934127807617,,,,
11884,11884,8.306182861328125,,,,
11885,11885,8.261618614196777,,,,
11886,11886,8.227002143859863,,,,
11887,11887,8.214305877685547,,,,
11888,11888,8.197757720947266,,,,
11889,11889,,8.179000854492188,,,
11889,11889,8.179000854492188,,,,
11890,11890,8.1532621383667,,,,
11891,11891,8.10644817352295,,,,
11892,11892,8.11747932434082,,,,
11893,11893,8.12839412689209,,,,
11894,11894,8.122604370117188,,,,
11895,11895,8.095471382141113,,,,
11896,11896,8.03134822845459,,,,
11897,11897,8.048813819885254,,,,
11898,11898,8.01109790802002,,,,
11899,11899,,7.947352886199951,,,
11899,11899,7.947352886199951,,,,
11900,11900,7.942476749420166,,,,
11901,11901,7.943882465362549,,,,
11902,11902,7.867671966552734,,,,
11903,11903,7.907783031463623,,,,
11904,11904,7.890946388244629,,,,
11905,11905,7.8642096519470215,,,,
11906,11906,7.819736003875732,,,,
11907,11907,7.747408390045166,,,,
11908,11908,7.804691791534424,,,,
11909,11909,,7.80585241317749,,,
11909,11909,7.80585241317749,,,,
11910,11910,7.783378601074219,,,,
11911,11911,7.765017509460449,,,,
11912,11912,7.744257926940918,,,,
11913,11913,7.7333807945251465,,,,
11914,11914,7.698327541351318,,,,
11915,11915,7.692358016967773,,,,
11916,11916,7.610238075256348,,,,
11917,11917,7.623743534088135,,,,
11918,11918,7.6240410804748535,,,,
11919,11919,,7.632542610168457,,,
11919,11919,7.632542610168457,,,,
11920,11920,7.568089008331299,,,,
11921,11921,7.552497386932373,,,,
11922,11922,7.529119968414307,,,,
11923,11923,7.54006290435791,,,,
11924,11924,7.501992225646973,,,,
11925,11925,7.487358093261719,,,,
11926,11926,7.500700950622559,,,,
11927,11927,7.478860855102539,,,,
11928,11928,7.465678691864014,,,,
11929,11929,,7.475339889526367,,,
11929,11929,7.475339889526367,,,,
11930,11930,7.489467620849609,,,,
11931,11931,7.4410929679870605,,,,
11932,11932,7.483508586883545,,,,
11933,11933,7.405710220336914,,,,
11934,11934,7.447957515716553,,,,
11935,11935,7.347816467285156,,,,
11936,11936,7.4090375900268555,,,,
11937,11937,7.335160255432129,,,,
11938,11938,7.376844882965088,,,,
11939,11939,,7.321572780609131,,,
11939,11939,7.321572780609131,,,,
11940,11940,7.390601634979248,,,,
11941,11941,7.326052665710449,,,,
11942,11942,7.405995845794678,,,,
11943,11943,7.381747245788574,,,,
11944,11944,7.393546104431152,,,,
11945,11945,7.288239479064941,,,,
11946,11946,7.322483539581299,,,,
11947,11947,7.244264125823975,,,,
11948,11948,7.322718620300293,,,,
11949,11949,,7.209622859954834,,,
11949,11949,7.209622859954834,,,,
11950,11950,7.338959217071533,,,,
11951,11951,7.295360565185547,,,,
11952,11952,7.49461030960083,,,,
11953,11953,7.5124711990356445,,,,
11954,11954,7.656938076019287,,,,
11955,11955,7.456008434295654,,,,
11956,11956,7.3285627365112305,,,,
11957,11957,7.189281463623047,,,,
11958,11958,7.165911674499512,,,,
11959,11959,,7.303256511688232,,,
11959,11959,7.303256511688232,,,,
11960,11960,7.247580528259277,,,,
11961,11961,7.466325283050537,,,,
11962,11962,7.516653537750244,,,,
11963,11963,7.817320346832275,,,,
11964,11964,7.518036365509033,,,,
11965,11965,7.370465278625488,,,,
11966,11966,7.208175182342529,,,,
11967,11967,7.176563739776611,,,,
11968,11968,7.3484063148498535,,,,
11969,11969,,7.446739673614502,,,
11969,11969,7.446739673614502,,,,
11970,11970,7.701728820800781,,,,
11971,11971,7.455806255340576,,,,
11972,11972,7.504807472229004,,,,
11973,11973,7.282366752624512,,,,
11974,11974,7.250251293182373,,,,
11975,11975,7.099329948425293,,,,
11976,11976,7.105490207672119,,,,
11977,11977,7.179481029510498,,,,
11978,11978,7.082948684692383,,,,
11979,11979,,7.3792595863342285,,,
11979,11979,7.3792595863342285,,,,
11980,11980,7.47100305557251,,,,
11981,11981,8.334065437316895,,,,
11982,11982,7.682992935180664,,,,
11983,11983,7.683013916015625,,,,
11984,11984,7.181991100311279,,,,
11985,11985,7.1394267082214355,,,,
11986,11986,7.403262615203857,,,,
11987,11987,7.4995012283325195,,,,
11988,11988,7.911262512207031,,,,
11989,11989,,7.424026012420654,,,
11989,11989,7.424026012420654,,,,
11990,11990,7.631922721862793,,,,
11991,11991,7.243302822113037,,,,
11992,11992,7.199148654937744,,,,
11993,11993,7.013845443725586,,,,
11994,11994,7.002699375152588,,,,
11995,11995,7.135603904724121,,,,
11996,11996,7.159121990203857,,,,
11997,11997,7.72647762298584,,,,
11998,11998,7.633021354675293,,,,
11999,11999,,8.637990951538086,,,
11999,11999,,,0.2439497858285904,363.9923400878906,325.62371826171875
11999,11999,8.637990951538086,,,,
12000,12000,7.574309825897217,,,,
12001,12001,7.298888206481934,,,,
12002,12002,7.038171291351318,,,,
12003,12003,7.213325500488281,,,,
12004,12004,7.8821234703063965,,,,
12005,12005,7.532222270965576,,,,
12006,12006,8.149365425109863,,,,
12007,12007,7.431698322296143,,,,
12008,12008,7.578055381774902,,,,
12009,12009,,7.150046348571777,,,
12009,12009,7.150046348571777,,,,
12010,12010,7.068384170532227,,,,
12011,12011,7.012767791748047,,,,
12012,12012,7.019886493682861,,,,
12013,12013,7.184338569641113,,,,
12014,12014,7.235318660736084,,,,
12015,12015,7.581140518188477,,,,
12016,12016,7.413898944854736,,,,
12017,12017,8.089329719543457,,,,
12018,12018,7.397151947021484,,,,
12019,12019,,7.2998576164245605,,,
12019,12019,7.2998576164245605,,,,
12020,12020,7.0174479484558105,,,,
12021,12021,7.0213775634765625,,,,
12022,12022,7.283085346221924,,,,
12023,12023,7.3754096031188965,,,,
12024,12024,8.267980575561523,,,,
12025,12025,7.602165222167969,,,,
12026,12026,8.487064361572266,,,,
12027,12027,7.252491474151611,,,,
12028,12028,7.058921813964844,,,,
12029,12029,,7.1474738121032715,,,
12029,12029,7.1474738121032715,,,,
12030,12030,7.352706432342529,,,,
12031,12031,8.050615310668945,,,,
12032,12032,7.261050224304199,,,,
12033,12033,7.150096893310547,,,,
12034,12034,6.9718017578125,,,,
12035,12035,6.838021755218506,,,,
12036,12036,6.824561595916748,,,,
12037,12037,6.932370662689209,,,,
12038,12038,6.926730632781982,,,,
12039,12039,,7.010261058807373,,,
12039,12039,7.010261058807373,,,,
12040,12040,7.151950836181641,,,,
12041,12041,7.149740219116211,,,,
12042,12042,7.467657089233398,,,,
12043,12043,7.138410568237305,,,,
12044,12044,7.133682727813721,,,,
12045,12045,6.974546909332275,,,,
12046,12046,6.839400768280029,,,,
12047,12047,6.825146198272705,,,,
12048,12048,6.881271839141846,,,,
12049,12049,,6.892297744750977,,,
12049,12049,6.892297744750977,,,,
12050,12050,7.066427230834961,,,,
12051,12051,7.717411041259766,,,,
12052,12052,7.508199691772461,,,,
12053,12053,8.874236106872559,,,,
12054,12054,7.12983512878418,,,,
12055,12055,7.180666923522949,,,,
12056,12056,8.39974594116211,,,,
12057,12057,7.2138566970825195,,,,
12058,12058,6.878878116607666,,,,
12059,12059,,6.753732681274414,,,
12059,12059,6.753732681274414,,,,
12060,12060,7.108125686645508,,,,
12061,12061,8.854100227355957,,,,
12062,12062,8.259416580200195,,,,
12063,12063,11.434925079345703,,,,
12064,12064,7.247169494628906,,,,
12065,12065,11.861329078674316,,,,
12066,12066,36.19644546508789,,,,
12067,12067,14.04378890991211,,,,
12068,12068,136.01065063476562,,,,
12069,12069,,217.63307189941406,,,
12069,12069,217.63307189941406,,,,
12070,12070,370.0936279296875,,,,
12071,12071,447.43402099609375,,,,
12072,12072,467.33172607421875,,,,
12073,12073,443.8174743652344,,,,
12074,12074,391.2641906738281,,,,
12075,12075,322.35809326171875,,,,
12076,12076,248.67840576171875,,,,
12077,12077,179.08221435546875,,,,
12078,12078,119.32420349121094,,,,
12079,12079,,75.93991088867188,,,
12079,12079,75.93991088867188,,,,
12080,12080,54.15478515625,,,,
12081,12081,53.434364318847656,,,,
12082,12082,69.52579498291016,,,,
12083,12083,90.78197479248047,,,,
12084,12084,104.49181365966797,,,,
12085,12085,115.31619262695312,,,,
12086,12086,121.21463012695312,,,,
12087,12087,120.9050521850586,,,,
12088,12088,116.58234405517578,,,,
12089,12089,,110.27249145507812,,,
12089,12089,110.27249145507812,,,,
12090,12090,102.33047485351562,,,,
12091,12091,91.27110290527344,,,,
12092,12092,79.17202758789062,,,,
12093,12093,68.06517028808594,,,,
12094,12094,58.36424255371094,,,,
12095,12095,52.455509185791016,,,,
12096,12096,50.25687026977539,,,,
12097,12097,50.57196807861328,,,,
12098,12098,52.38831329345703,,,,
12099,12099,,54.59278106689453,,,
12099,12099,54.59278106689453,,,,
12100,12100,57.17129135131836,,,,
12101,12101,59.1613655090332,,,,
12102,12102,60.318912506103516,,,,
12103,12103,60.50293731689453,,,,
12104,12104,59.57515335083008,,,,
12105,12105,57.6623649597168,,,,
12106,12106,55.174705505371094,,,,
12107,12107,52.486167907714844,,,,
12108,12108,49.96689987182617,,,,
12109,12109,,47.92758560180664,,,
12109,12109,47.92758560180664,,,,
12110,12110,46.271976470947266,,,,
12111,12111,45.03580093383789,,,,
12112,12112,44.66962432861328,,,,
12113,12113,44.76161575317383,,,,
12114,12114,44.63798904418945,,,,
12115,12115,44.31403350830078,,,,
12116,12116,43.835968017578125,,,,
12117,12117,43.10847854614258,,,,
12118,12118,42.14827346801758,,,,
12119,12119,,41.40397644042969,,,
12119,12119,41.40397644042969,,,,
12120,12120,40.92536544799805,,,,
12121,12121,40.63052749633789,,,,
12122,12122,40.33256149291992,,,,
12123,12123,40.04902267456055,,,,
12124,12124,39.78169631958008,,,,
12125,12125,39.46281051635742,,,,
12126,12126,39.142616271972656,,,,
12127,12127,38.81591033935547,,,,
12128,12128,38.457759857177734,,,,
12129,12129,,38.07917785644531,,,
12129,12129,38.07917785644531,,,,
12130,12130,37.72129821777344,,,,
12131,12131,37.385826110839844,,,,
12132,12132,37.12874221801758,,,,
12133,12133,36.86604309082031,,,,
12134,12134,36.66943359375,,,,
12135,12135,36.45265197753906,,,,
12136,12136,36.31523895263672,,,,
12137,12137,36.09625244140625,,,,
12138,12138,35.895423889160156,,,,
12139,12139,,35.64434814453125,,,
12139,12139,35.64434814453125,,,,
12140,12140,35.354610443115234,,,,
12141,12141,35.0534782409668,,,,
12142,12142,34.805442810058594,,,,
12143,12143,34.590694427490234,,,,
12144,12144,34.394798278808594,,,,
12145,12145,34.208824157714844,,,,
12146,12146,34.023155212402344,,,,
12147,12147,33.843162536621094,,,,
12148,12148,33.66947937011719,,,,
12149,12149,,33.45380401611328,,,
12149,12149,33.45380401611328,,,,
12150,12150,33.235618591308594,,,,
12151,12151,33.04792404174805,,,,
12152,12152,32.83273696899414,,,,
12153,12153,32.63298034667969,,,,
12154,12154,32.40501022338867,,,,
12155,12155,32.217620849609375,,,,
12156,12156,31.997318267822266,,,,
12157,12157,31.768505096435547,,,,
12158,12158,31.547595977783203,,,,
12159,12159,,31.357418060302734,,,
12159,12159,31.357418060302734,,,,
12160,12160,31.147361755371094,,,,
12161,12161,30.932371139526367,,,,
12162,12162,30.746870040893555,,,,
12163,12163,30.54900360107422,,,,
12164,12164,30.388383865356445,,,,
12165,12165,30.151098251342773,,,,
12166,12166,29.94472885131836,,,,
12167,12167,29.781293869018555,,,,
12168,12168,29.58863067626953,,,,
12169,12169,,29.42469596862793,,,
12169,12169,29.42469596862793,,,,
12170,12170,29.288354873657227,,,,
12171,12171,29.11410140991211,,,,
12172,12172,28.893644332885742,,,,
12173,12173,28.716909408569336,,,,
12174,12174,28.551218032836914,,,,
12175,12175,28.366342544555664,,,,
12176,12176,28.206083297729492,,,,
12177,12177,28.062637329101562,,,,
12178,12178,27.874250411987305,,,,
12179,12179,,27.702091217041016,,,
12179,12179,27.702091217041016,,,,
12180,12180,27.5516357421875,,,,
12181,12181,27.346242904663086,,,,
12182,12182,27.195066452026367,,,,
12183,12183,27.029327392578125,,,,
12184,12184,26.88728904724121,,,,
12185,12185,26.691612243652344,,,,
12186,12186,26.533897399902344,,,,
12187,12187,26.387964248657227,,,,
12188,12188,26.217437744140625,,,,
12189,12189,,26.09858512878418,,,
12189,12189,26.09858512878418,,,,
12190,12190,25.979446411132812,,,,
12191,12191,25.81129264831543,,,,
12192,12192,25.647789001464844,,,,
12193,12193,25.48659896850586,,,,
12194,12194,25.346424102783203,,,,
12195,12195,25.205068588256836,,,,
12196,12196,25.017860412597656,,,,
12197,12197,24.861663818359375,,,,
12198,12198,24.654916763305664,,,,
12199,12199,,24.482120513916016,,,
12199,12199,24.482120513916016,,,,
12200,12200,24.349227905273438,,,,
12201,12201,24.17457389831543,,,,
12202,12202,24.080188751220703,,,,
12203,12203,23.911130905151367,,,,
12204,12204,23.774307250976562,,,,
12205,12205,23.58062171936035,,,,
12206,12206,23.420703887939453,,,,
12207,12207,23.314455032348633,,,,
12208,12208,23.18324851989746,,,,
12209,12209,,23.03919792175293,,,
12209,12209,23.03919792175293,,,,
12210,12210,22.864133834838867,,,,
12211,12211,22.763004302978516,,,,
12212,12212,22.58209991455078,,,,
12213,12213,22.40789031982422,,,,
12214,12214,22.278705596923828,,,,
12215,12215,22.120248794555664,,,,
12216,12216,21.98047637939453,,,,
12217,12217,21.79433822631836,,,,
12218,12218,21.656578063964844,,,,
12219,12219,,21.522159576416016,,,
12219,12219,21.522159576416016,,,,
12220,12220,21.41783905029297,,,,
12221,12221,21.273738861083984,,,,
12222,12222,21.137916564941406,,,,
12223,12223,21.011028289794922,,,,
12224,12224,20.865283966064453,,,,
12225,12225,20.69489097595215,,,,
12226,12226,20.547964096069336,,,,
12227,12227,20.42250633239746,,,,
12228,12228,20.269027709960938,,,,
12229,12229,,20.159854888916016,,,
12229,12229,20.159854888916016,,,,
12230,12230,20.096633911132812,,,,
12231,12231,19.982831954956055,,,,
12232,12232,19.85582160949707,,,,
12233,12233,19.744035720825195,,,,
12234,12234,19.648223876953125,,,,
12235,12235,19.524169921875,,,,
12236,12236,19.377655029296875,,,,
12237,12237,19.329256057739258,,,,
12238,12238,19.272977828979492,,,,
12239,12239,,19.10088539123535,,,
12239,12239,19.10088539123535,,,,
12240,12240,18.952695846557617,,,,
12241,12241,18.8355712890625,,,,
12242,12242,18.85019302368164,,,,
12243,12243,18.726572036743164,,,,
12244,12244,18.631420135498047,,,,
12245,12245,18.537700653076172,,,,
12246,12246,18.441497802734375,,,,
12247,12247,18.358850479125977,,,,
12248,12248,18.32063865661621,,,,
12249,12249,,18.18309211730957,,,
12249,12249,18.18309211730957,,,,
12250,12250,18.09963607788086,,,,
12251,12251,17.932287216186523,,,,
12252,12252,17.799665451049805,,,,
12253,12253,17.75401496887207,,,,
12254,12254,17.640920639038086,,,,
12255,12255,17.58930015563965,,,,
12256,12256,17.504323959350586,,,,
12257,12257,17.36874771118164,,,,
12258,12258,17.36246109008789,,,,
12259,12259,,17.32924461364746,,,
12259,12259,17.32924461364746,,,,
12260,12260,17.235015869140625,,,,
12261,12261,17.13471794128418,,,,
12262,12262,17.047550201416016,,,,
12263,12263,17.04070472717285,,,,
12264,12264,16.959447860717773,,,,
12265,12265,16.857892990112305,,,,
12266,12266,16.814414978027344,,,,
12267,12267,16.731998443603516,,,,
12268,12268,16.64534568786621,,,,
12269,12269,,16.565202713012695,,,
12269,12269,16.565202713012695,,,,
12270,12270,16.473344802856445,,,,
12271,12271,16.42193603515625,,,,
12272,12272,16.41933250427246,,,,
12273,12273,16.362089157104492,,,,
12274,12274,16.254959106445312,,,,
12275,12275,16.174039840698242,,,,
12276,12276,16.079286575317383,,,,
12277,12277,16.008769989013672,,,,
12278,12278,15.953529357910156,,,,
12279,12279,,15.892333984375,,,
12279,12279,15.892333984375,,,,
12280,12280,15.858161926269531,,,,
12281,12281,15.778693199157715,,,,
12282,12282,15.710273742675781,,,,
12283,12283,15.615067481994629,,,,
12284,12284,15.558917045593262,,,,
12285,12285,15.494796752929688,,,,
12286,12286,15.462873458862305,,,,
12287,12287,15.410494804382324,,,,
12288,12288,15.347609519958496,,,,
12289,12289,,15.262188911437988,,,
12289,12289,15.262188911437988,,,,
12290,12290,15.166890144348145,,,,
12291,12291,15.138516426086426,,,,
12292,12292,15.070323944091797,,,,
12293,12293,15.053720474243164,,,,
12294,12294,15.001530647277832,,,,
12295,12295,14.946545600891113,,,,
12296,12296,14.89594554901123,,,,
12297,12297,14.796862602233887,,,,
12298,12298,14.74131965637207,,,,
12299,12299,,14.713940620422363,,,
12299,12299,14.713940620422363,,,,
12300,12300,14.643829345703125,,,,
12301,12301,14.567550659179688,,,,
12302,12302,14.49874496459961,,,,
12303,12303,14.442224502563477,,,,
12304,12304,14.353474617004395,,,,
12305,12305,14.332962036132812,,,,
12306,12306,14.291362762451172,,,,
12307,12307,14.22103214263916,,,,
12308,12308,14.154351234436035,,,,
12309,12309,,14.065215110778809,,,
12309,12309,14.065215110778809,,,,
12310,12310,13.950746536254883,,,,
12311,12311,13.894843101501465,,,,
12312,12312,13.852927207946777,,,,
12313,12313,13.85382080078125,,,,
12314,12314,13.818676948547363,,,,
12315,12315,13.719221115112305,,,,
12316,12316,13.639029502868652,,,,
12317,12317,13.598004341125488,,,,
12318,12318,13.554961204528809,,,,
12319,12319,,13.487434387207031,,,
12319,12319,13.487434387207031,,,,
12320,12320,13.430282592773438,,,,
12321,12321,13.400806427001953,,,,
12322,12322,13.360729217529297,,,,
12323,12323,13.33165454864502,,,,
12324,12324,13.29955768585205,,,,
12325,12325,13.22793960571289,,,,
12326,12326,13.153664588928223,,,,
12327,12327,12.99172306060791,,,,
12328,12328,12.915794372558594,,,,
12329,12329,,12.9050874710083,,,
12329,12329,12.9050874710083,,,,
12330,12330,12.87106704711914,,,,
12331,12331,12.806049346923828,,,,
12332,12332,12.712979316711426,,,,
12333,12333,12.654287338256836,,,,
12334,12334,12.596653938293457,,,,
12335,12335,12.554686546325684,,,,
12336,12336,12.49998664855957,,,,
12337,12337,12.50243854522705,,,,
12338,12338,12.455201148986816,,,,
12339,12339,,12.438058853149414,,,
12339,12339,12.438058853149414,,,,
12340,12340,12.360543251037598,,,,
12341,12341,12.271919250488281,,,,
12342,12342,12.180973052978516,,,,
12343,12343,12.134027481079102,,,,
12344,12344,12.054671287536621,,,,
12345,12345,12.044012069702148,,,,
12346,12346,12.00574779510498,,,,
12347,12347,11.918365478515625,,,,
12348,12348,11.846559524536133,,,,
12349,12349,,11.729514122009277,,,
12349,12349,11.729514122009277,,,,
12350,12350,11.686579704284668,,,,
12351,12351,11.674911499023438,,,,
12352,12352,11.635130882263184,,,,
12353,12353,11.511786460876465,,,,
12354,12354,11.422993659973145,,,,
12355,12355,11.312827110290527,,,,
12356,12356,11.257741928100586,,,,
12357,12357,11.210384368896484,,,,
12358,12358,11.12845230102539,,,,
12359,12359,,11.03732967376709,,,
12359,12359,11.03732967376709,,,,
12360,12360,11.029318809509277,,,,
12361,12361,10.929519653320312,,,,
12362,12362,10.849756240844727,,,,
12363,12363,10.777992248535156,,,,
12364,12364,10.596325874328613,,,,
12365,12365,10.48654556274414,,,,
12366,12366,10.394649505615234,,,,
12367,12367,10.355254173278809,,,,
12368,12368,10.299842834472656,,,,
12369,12369,,10.263858795166016,,,
12369,12369,10.263858795166016,,,,
12370,12370,10.226344108581543,,,,
12371,12371,10.207711219787598,,,,
12372,12372,10.162904739379883,,,,
12373,12373,10.124244689941406,,,,
12374,12374,10.110799789428711,,,,
12375,12375,10.10439395904541,,,,
12376,12376,10.049777030944824,,,,
12377,12377,10.065353393554688,,,,
12378,12378,10.006969451904297,,,,
12379,12379,,9.915903091430664,,,
12379,12379,9.915903091430664,,,,
12380,12380,9.906752586364746,,,,
12381,12381,9.827449798583984,,,,
12382,12382,9.824649810791016,,,,
12383,12383,9.79922103881836,,,,
12384,12384,9.7753267288208,,,,
12385,12385,9.754262924194336,,,,
12386,12386,9.714129447937012,,,,
12387,12387,9.692811012268066,,,,
12388,12388,9.604313850402832,,,,
12389,12389,,9.53804874420166,,,
12389,12389,9.53804874420166,,,,
12390,12390,9.512052536010742,,,,
12391,12391,9.527796745300293,,,,
12392,12392,9.507821083068848,,,,
12393,12393,9.474271774291992,,,,
12394,12394,9.489635467529297,,,,
12395,12395,9.506253242492676,,,,
12396,12396,9.496519088745117,,,,
12397,12397,9.479805946350098,,,,
12398,12398,9.478716850280762,,,,
12399,12399,,9.419729232788086,,,
12399,12399,9.419729232788086,,,,
12400,12400,9.416003227233887,,,,
12401,12401,9.374802589416504,,,,
12402,12402,9.350933074951172,,,,
12403,12403,9.316529273986816,,,,
12404,12404,9.306666374206543,,,,
12405,12405,9.284607887268066,,,,
12406,12406,9.257711410522461,,,,
12407,12407,9.220785140991211,,,,
12408,12408,9.2228422164917,,,,
12409,12409,,9.161624908447266,,,
12409,12409,9.161624908447266,,,,
12410,12410,9.127099990844727,,,,
12411,12411,9.17237663269043,,,,
12412,12412,9.152888298034668,,,,
12413,12413,9.171333312988281,,,,
12414,12414,9.147592544555664,,,,
12415,12415,9.150162696838379,,,,
12416,12416,9.079360008239746,,,,
12417,12417,9.073976516723633,,,,
12418,12418,9.00922966003418,,,,
12419,12419,,9.023360252380371,,,
12419,12419,9.023360252380371,,,,
12420,12420,8.989514350891113,,,,
12421,12421,9.00478458404541,,,,
12422,12422,8.96237850189209,,,,
12423,12423,8.971282005310059,,,,
12424,12424,8.955520629882812,,,,
12425,12425,8.92699909210205,,,,
12426,12426,8.904462814331055,,,,
12427,12427,8.834062576293945,,,,
12428,12428,8.874224662780762,,,,
12429,12429,,8.870611190795898,,,
12429,12429,8.870611190795898,,,,
12430,12430,8.877327919006348,,,,
12431,12431,8.85356616973877,,,,
12432,12432,8.871400833129883,,,,
12433,12433,8.83713436126709,,,,
12434,12434,8.752525329589844,,,,
12435,12435,8.75695514678955,,,,
12436,12436,8.73839282989502,,,,
12437,12437,8.785922050476074,,,,
12438,12438,8.745320320129395,,,,
12439,12439,,8.752485275268555,,,
12439,12439,8.752485275268555,,,,
12440,12440,8.732196807861328,,,,
12441,12441,8.726988792419434,,,,
12442,12442,8.640717506408691,,,,
12443,12443,8.628360748291016,,,,
12444,12444,8.59334659576416,,,,
12445,12445,8.624688148498535,,,,
12446,12446,8.603215217590332,,,,
12447,12447,8.597378730773926,,,,
12448,12448,8.5541353225708,,,,
12449,12449,,8.553218841552734,,,
12449,12449,8.553218841552734,,,,
12450,12450,8.47881031036377,,,,
12451,12451,8.44269847869873,,,,
12452,12452,8.47031021118164,,,,
12453,12453,8.44618034362793,,,,
12454,12454,8.452371597290039,,,,
12455,12455,8.415514945983887,,,,
12456,12456,8.398221015930176,,,,
12457,12457,8.367812156677246,,,,
12458,12458,8.251115798950195,,,,
12459,12459,,8.223148345947266,,,
12459,12459,8.223148345947266,,,,
12460,12460,8.21082592010498,,,,
12461,12461,8.206872940063477,,,,
12462,12462,8.173470497131348,,,,
12463,12463,8.1589994430542,,,,
12464,12464,8.15639877319336,,,,
12465,12465,8.152141571044922,,,,
12466,12466,8.138936996459961,,,,
12467,12467,8.148926734924316,,,,
12468,12468,8.12625789642334,,,,
12469,12469,,8.131658554077148,,,
12469,12469,8.131658554077148,,,,
12470,12470,8.122445106506348,,,,
12471,12471,8.10832405090332,,,,
12472,12472,8.011828422546387,,,,
12473,12473,8.003870010375977,,,,
12474,12474,7.953497886657715,,,,
12475,12475,7.943835735321045,,,,
12476,12476,7.908717632293701,,,,
12477,12477,7.901081562042236,,,,
12478,12478,7.850283145904541,,,,
12479,12479,,7.81783390045166,,,
12479,12479,7.81783390045166,,,,
12480,12480,7.782886505126953,,,,
12481,12481,7.772383213043213,,,,
12482,12482,7.739365100860596,,,,
12483,12483,7.735133171081543,,,,
12484,12484,7.704935073852539,,,,
12485,12485,7.690285682678223,,,,
12486,12486,7.685550212860107,,,,
12487,12487,7.6303181648254395,,,,
12488,12488,7.61317777633667,,,,
12489,12489,,7.6251139640808105,,,
12489,12489,7.6251139640808105,,,,
12490,12490,7.5651702880859375,,,,
12491,12491,7.588021755218506,,,,
12492,12492,7.549426078796387,,,,
12493,12493,7.565008640289307,,,,
12494,12494,7.517150402069092,,,,
12495,12495,7.538691520690918,,,,
12496,12496,7.534431457519531,,,,
12497,12497,7.4938249588012695,,,,
12498,12498,7.515199184417725,,,,
12499,12499,,7.45546293258667,,,
12499,12499,,,0.24721595644950867,373.8043518066406,325.62371826171875
12499,12499,7.45546293258667,,,,
12500,12500,7.413147926330566,,,,
12501,12501,7.476325511932373,,,,
12502,12502,7.39825963973999,,,,
12503,12503,7.4123382568359375,,,,
12504,12504,7.397712707519531,,,,
12505,12505,7.330644130706787,,,,
12506,12506,7.4078369140625,,,,
12507,12507,7.341026306152344,,,,
12508,12508,7.364390850067139,,,,
12509,12509,,7.310917377471924,,,
12509,12509,7.310917377471924,,,,
12510,12510,7.313296318054199,,,,
12511,12511,7.286916732788086,,,,
12512,12512,7.29123592376709,,,,
12513,12513,7.236438751220703,,,,
12514,12514,7.29841423034668,,,,
12515,12515,7.216184139251709,,,,
12516,12516,7.269568920135498,,,,
12517,12517,7.23221492767334,,,,
12518,12518,7.22136926651001,,,,
12519,12519,,7.24546480178833,,,
12519,12519,7.24546480178833,,,,
12520,12520,7.192681789398193,,,,
12521,12521,7.2467522621154785,,,,
12522,12522,7.2209248542785645,,,,
12523,12523,7.20482063293457,,,,
12524,12524,7.21611213684082,,,,
12525,12525,7.198241233825684,,,,
12526,12526,7.186373710632324,,,,
12527,12527,7.1767730712890625,,,,
12528,12528,7.163280487060547,,,,
12529,12529,,7.171746730804443,,,
12529,12529,7.171746730804443,,,,
12530,12530,7.131582736968994,,,,
12531,12531,7.145843982696533,,,,
12532,12532,7.132687091827393,,,,
12533,12533,7.145949840545654,,,,
12534,12534,7.140780925750732,,,,
12535,12535,7.133625030517578,,,,
12536,12536,7.133615016937256,,,,
12537,12537,7.123063564300537,,,,
12538,12538,7.106695652008057,,,,
12539,12539,,7.112295627593994,,,
12539,12539,7.112295627593994,,,,
12540,12540,7.104928970336914,,,,
12541,12541,7.098942279815674,,,,
12542,12542,7.115836143493652,,,,
12543,12543,7.108779430389404,,,,
12544,12544,7.113236904144287,,,,
12545,12545,7.115250110626221,,,,
12546,12546,7.104823589324951,,,,
12547,12547,7.101185321807861,,,,
12548,12548,7.104272365570068,,,,
12549,12549,,7.077045917510986,,,
12549,12549,7.077045917510986,,,,
12550,12550,7.045619487762451,,,,
12551,12551,7.079433441162109,,,,
12552,12552,7.048569679260254,,,,
12553,12553,7.106777191162109,,,,
12554,12554,7.182424545288086,,,,
12555,12555,7.1678147315979,,,,
12556,12556,7.226210117340088,,,,
12557,12557,7.1321492195129395,,,,
12558,12558,7.129812717437744,,,,
12559,12559,,7.06291389465332,,,
12559,12559,7.06291389465332,,,,
12560,12560,7.024535179138184,,,,
12561,12561,7.017787933349609,,,,
12562,12562,7.016998291015625,,,,
12563,12563,7.0025634765625,,,,
12564,12564,6.998987674713135,,,,
12565,12565,7.089855194091797,,,,
12566,12566,7.311192989349365,,,,
12567,12567,7.3653693199157715,,,,
12568,12568,7.985009670257568,,,,
12569,12569,,7.343631267547607,,,
12569,12569,7.343631267547607,,,,
12570,12570,7.095869064331055,,,,
12571,12571,6.940667152404785,,,,
12572,12572,7.012619495391846,,,,
12573,12573,7.373659133911133,,,,
12574,12574,7.416374206542969,,,,
12575,12575,8.100564002990723,,,,
12576,12576,7.373478889465332,,,,
12577,12577,7.359577178955078,,,,
12578,12578,7.047698020935059,,,,
12579,12579,,6.9925384521484375,,,
12579,12579,6.9925384521484375,,,,
12580,12580,6.891823768615723,,,,
12581,12581,6.912542819976807,,,,
12582,12582,7.093078136444092,,,,
12583,12583,7.189924716949463,,,,
12584,12584,7.743893623352051,,,,
12585,12585,7.496823310852051,,,,
12586,12586,7.994122505187988,,,,
12587,12587,7.2019944190979,,,,
12588,12588,6.958637714385986,,,,
12589,12589,,7.074520111083984,,,
12589,12589,7.074520111083984,,,,
12590,12590,7.307624340057373,,,,
12591,12591,7.831410884857178,,,,
12592,12592,7.228763103485107,,,,
12593,12593,7.054769992828369,,,,
12594,12594,6.930765628814697,,,,
12595,12595,6.930799961090088,,,,
12596,12596,6.884525775909424,,,,
12597,12597,6.9657745361328125,,,,
12598,12598,7.002913475036621,,,,
12599,12599,,7.156740188598633,,,
12599,12599,7.156740188598633,,,,
12600,12600,7.160179615020752,,,,
12601,12601,7.378841400146484,,,,
12602,12602,7.128068923950195,,,,
12603,12603,7.072190761566162,,,,
12604,12604,6.9353108406066895,,,,
12605,12605,6.984840393066406,,,,
12606,12606,6.900794982910156,,,,
12607,12607,6.989589691162109,,,,
12608,12608,7.098276138305664,,,,
12609,12609,,7.571499347686768,,,
12609,12609,7.571499347686768,,,,
12610,12610,7.3737382888793945,,,,
12611,12611,7.801569938659668,,,,
12612,12612,7.1094584465026855,,,,
12613,12613,6.954119682312012,,,,
12614,12614,6.812630653381348,,,,
12615,12615,6.916004180908203,,,,
12616,12616,7.294375419616699,,,,
12617,12617,7.453686237335205,,,,
12618,12618,8.675029754638672,,,,
12619,12619,,7.122210502624512,,,
12619,12619,7.122210502624512,,,,
12620,12620,6.8372297286987305,,,,
12621,12621,7.334876537322998,,,,
12622,12622,7.465502738952637,,,,
12623,12623,8.176868438720703,,,,
12624,12624,6.9474029541015625,,,,
12625,12625,6.937740325927734,,,,
12626,12626,7.918492794036865,,,,
12627,12627,7.477013111114502,,,,
12628,12628,7.935635566711426,,,,
12629,12629,,6.934215068817139,,,
12629,12629,6.934215068817139,,,,
12630,12630,6.85000467300415,,,,
12631,12631,7.49056339263916,,,,
12632,12632,7.409872531890869,,,,
12633,12633,7.981930732727051,,,,
12634,12634,6.908427715301514,,,,
12635,12635,6.926815032958984,,,,
12636,12636,7.874309539794922,,,,
12637,12637,7.364885330200195,,,,
12638,12638,7.416986465454102,,,,
12639,12639,,6.842593669891357,,,
12639,12639,6.842593669891357,,,,
12640,12640,6.757488250732422,,,,
12641,12641,7.089968204498291,,,,
12642,12642,7.359038352966309,,,,
12643,12643,8.300474166870117,,,,
12644,12644,7.0130295753479,,,,
12645,12645,6.751251697540283,,,,
12646,12646,7.224210262298584,,,,
12647,12647,7.382937431335449,,,,
12648,12648,8.210247993469238,,,,
12649,12649,,6.867377281188965,,,
12649,12649,6.867377281188965,,,,
12650,12650,7.116875648498535,,,,
12651,12651,8.57411003112793,,,,
12652,12652,7.070888996124268,,,,
12653,12653,6.787796497344971,,,,
12654,12654,7.478508472442627,,,,
12655,12655,7.3476786613464355,,,,
12656,12656,7.841900825500488,,,,
12657,12657,6.865067958831787,,,,
12658,12658,6.781154155731201,,,,
12659,12659,,7.411746501922607,,,
12659,12659,7.411746501922607,,,,
12660,12660,7.285161972045898,,,,
12661,12661,7.5913848876953125,,,,
12662,12662,6.840465068817139,,,,
12663,12663,6.706262588500977,,,,
12664,12664,7.17931604385376,,,,
12665,12665,7.2629170417785645,,,,
12666,12666,8.020475387573242,,,,
12667,12667,6.87589168548584,,,,
12668,12668,6.75697660446167,,,,
12669,12669,,7.388014316558838,,,
12669,12669,7.388014316558838,,,,
12670,12670,7.207204341888428,,,,
12671,12671,7.388233661651611,,,,
12672,12672,6.807415962219238,,,,
12673,12673,6.644203186035156,,,,
12674,12674,6.89321756362915,,,,
12675,12675,7.14193868637085,,,,
12676,12676,8.317601203918457,,,,
12677,12677,6.9861602783203125,,,,
12678,12678,6.691473960876465,,,,
12679,12679,,7.105848789215088,,,
12679,12679,7.105848789215088,,,,
12680,12680,7.196563720703125,,,,
12681,12681,7.810788154602051,,,,
12682,12682,6.776838779449463,,,,
12683,12683,6.798957347869873,,,,
12684,12684,7.656222820281982,,,,
12685,12685,7.156192779541016,,,,
12686,12686,7.361254692077637,,,,
12687,12687,6.782303333282471,,,,
12688,12688,6.673850059509277,,,,
12689,12689,,6.95042085647583,,,
12689,12689,6.95042085647583,,,,
12690,12690,7.02400541305542,,,,
12691,12691,7.626311302185059,,,,
12692,12692,6.9070329666137695,,,,
12693,12693,6.721229076385498,,,,
12694,12694,6.675633907318115,,,,
12695,12695,6.763847351074219,,,,
12696,12696,7.076967716217041,,,,
12697,12697,7.049135208129883,,,,
12698,12698,7.771805763244629,,,,
12699,12699,,6.847343921661377,,,
12699,12699,6.847343921661377,,,,
12700,12700,6.6339640617370605,,,,
12701,12701,6.888010025024414,,,,
12702,12702,7.046027660369873,,,,
12703,12703,7.740293502807617,,,,
12704,12704,6.819368839263916,,,,
12705,12705,6.653213977813721,,,,
12706,12706,6.786615371704102,,,,
12707,12707,6.927679061889648,,,,
12708,12708,7.8618927001953125,,,,
12709,12709,,6.840004920959473,,,
12709,12709,6.840004920959473,,,,
12710,12710,6.6067705154418945,,,,
12711,12711,6.799705982208252,,,,
12712,12712,6.990800857543945,,,,
12713,12713,7.950611114501953,,,,
12714,12714,6.85789155960083,,,,
12715,12715,6.680397987365723,,,,
12716,12716,6.669169902801514,,,,
12717,12717,6.7770609855651855,,,,
12718,12718,7.405933380126953,,,,
12719,12719,,7.115522861480713,,,
12719,12719,7.115522861480713,,,,
12720,12720,7.710250377655029,,,,
12721,12721,6.737359523773193,,,,
12722,12722,6.621700286865234,,,,
12723,12723,6.956153392791748,,,,
12724,12724,7.018842697143555,,,,
12725,12725,7.822514057159424,,,,
12726,12726,6.85623836517334,,,,
12727,12727,6.753464698791504,,,,
12728,12728,6.584560394287109,,,,
12729,12729,,6.58172607421875,,,
12729,12729,6.58172607421875,,,,
12730,12730,6.7243804931640625,,,,
12731,12731,6.78071403503418,,,,
12732,12732,7.6024627685546875,,,,
12733,12733,7.198044776916504,,,,
12734,12734,8.039952278137207,,,,
12735,12735,6.70421028137207,,,,
12736,12736,7.149819374084473,,,,
12737,12737,9.426472663879395,,,,
12738,12738,6.6319403648376465,,,,
12739,12739,,8.805463790893555,,,
12739,12739,8.805463790893555,,,,
12740,12740,23.757259368896484,,,,
12741,12741,6.9287800788879395,,,,
12742,12742,66.97527313232422,,,,
12743,12743,207.59823608398438,,,,
12744,12744,336.47723388671875,,,,
12745,12745,399.01068115234375,,,,
12746,12746,411.66815185546875,,,,
12747,12747,387.197265625,,,,
12748,12748,337.11871337890625,,,,
12749,12749,,273.20166015625,,,
12749,12749,273.20166015625,,,,
12750,12750,206.1804962158203,,,,
12751,12751,144.39752197265625,,,,
12752,12752,93.65884399414062,,,,
12753,12753,60.94038009643555,,,,
12754,12754,50.03010940551758,,,,
12755,12755,58.56755828857422,,,,
12756,12756,81.35089111328125,,,,
12757,12757,97.41104125976562,,,,
12758,12758,108.94140625,,,,
12759,12759,,116.20857238769531,,,
12759,12759,116.20857238769531,,,,
12760,12760,117.7127456665039,,,,
12761,12761,114.30391693115234,,,,
12762,12762,108.40233612060547,,,,
12763,12763,100.69800567626953,,,,
12764,12764,90.26703643798828,,,,
12765,12765,78.22200775146484,,,,
12766,12766,67.63835144042969,,,,
12767,12767,58.62114334106445,,,,
12768,12768,53.15889358520508,,,,
12769,12769,,50.86405944824219,,,
12769,12769,50.86405944824219,,,,
12770,12770,50.95090103149414,,,,
12771,12771,52.8140869140625,,,,
12772,12772,55.18321228027344,,,,
12773,12773,57.246822357177734,,,,
12774,12774,58.6727409362793,,,,
12775,12775,59.30581283569336,,,,
12776,12776,58.90719223022461,,,,
12777,12777,57.5316276550293,,,,
12778,12778,55.38429260253906,,,,
12779,12779,,52.684410095214844,,,
12779,12779,52.684410095214844,,,,
12780,12780,50.02255630493164,,,,
12781,12781,47.78104019165039,,,,
12782,12782,46.0693473815918,,,,
12783,12783,44.97132110595703,,,,
12784,12784,43.819400787353516,,,,
12785,12785,42.9031867980957,,,,
12786,12786,42.68332290649414,,,,
12787,12787,43.26349639892578,,,,
12788,12788,43.25320053100586,,,,
12789,12789,,42.2157096862793,,,
12789,12789,42.2157096862793,,,,
12790,12790,40.83470153808594,,,,
12791,12791,40.03085708618164,,,,
12792,12792,39.8270378112793,,,,
12793,12793,39.66748809814453,,,,
12794,12794,39.27511215209961,,,,
12795,12795,38.72091293334961,,,,
12796,12796,38.14515686035156,,,,
12797,12797,37.70194625854492,,,,
12798,12798,37.4364128112793,,,,
12799,12799,,37.19939041137695,,,
12799,12799,37.19939041137695,,,,
12800,12800,36.83961868286133,,,,
12801,12801,36.43537521362305,,,,
12802,12802,36.147972106933594,,,,
12803,12803,35.96707534790039,,,,
12804,12804,35.79853439331055,,,,
12805,12805,35.57622146606445,,,,
12806,12806,35.25028610229492,,,,
12807,12807,34.98883056640625,,,,
12808,12808,34.73716354370117,,,,
12809,12809,,34.480228424072266,,,
12809,12809,34.480228424072266,,,,
12810,12810,34.192466735839844,,,,
12811,12811,33.884334564208984,,,,
12812,12812,33.60588073730469,,,,
12813,12813,33.4011344909668,,,,
12814,12814,33.200260162353516,,,,
12815,12815,32.998104095458984,,,,
12816,12816,32.69538116455078,,,,
12817,12817,32.48341751098633,,,,
12818,12818,32.257301330566406,,,,
12819,12819,,32.09777069091797,,,
12819,12819,32.09777069091797,,,,
12820,12820,31.893476486206055,,,,
12821,12821,31.67286491394043,,,,
12822,12822,31.466609954833984,,,,
12823,12823,31.265562057495117,,,,
12824,12824,31.04210662841797,,,,
12825,12825,30.83942985534668,,,,
12826,12826,30.632871627807617,,,,
12827,12827,30.435144424438477,,,,
12828,12828,30.2310791015625,,,,
12829,12829,,30.035249710083008,,,
12829,12829,30.035249710083008,,,,
12830,12830,29.8077449798584,,,,
12831,12831,29.60340690612793,,,,
12832,12832,29.431283950805664,,,,
12833,12833,29.23004150390625,,,,
12834,12834,29.055585861206055,,,,
12835,12835,28.868450164794922,,,,
12836,12836,28.709962844848633,,,,
12837,12837,28.48515510559082,,,,
12838,12838,28.323200225830078,,,,
12839,12839,,28.157899856567383,,,
12839,12839,28.157899856567383,,,,
12840,12840,27.9865779876709,,,,
12841,12841,27.81891632080078,,,,
12842,12842,27.64202308654785,,,,
12843,12843,27.49956512451172,,,,
12844,12844,27.29743003845215,,,,
12845,12845,27.17127799987793,,,,
12846,12846,26.991010665893555,,,,
12847,12847,26.871864318847656,,,,
12848,12848,26.658281326293945,,,,
12849,12849,,26.501964569091797,,,
12849,12849,26.501964569091797,,,,
12850,12850,26.399295806884766,,,,
12851,12851,26.244401931762695,,,,
12852,12852,26.07436752319336,,,,
12853,12853,25.92310905456543,,,,
12854,12854,25.727495193481445,,,,
12855,12855,25.611095428466797,,,,
12856,12856,25.498170852661133,,,,
12857,12857,25.347618103027344,,,,
12858,12858,25.17218780517578,,,,
12859,12859,,24.958816528320312,,,
12859,12859,24.958816528320312,,,,
12860,12860,24.814044952392578,,,,
12861,12861,24.66924476623535,,,,
12862,12862,24.490886688232422,,,,
12863,12863,24.351308822631836,,,,
12864,12864,24.215654373168945,,,,
12865,12865,24.07381820678711,,,,
12866,12866,23.904617309570312,,,,
12867,12867,23.748075485229492,,,,
12868,12868,23.582653045654297,,,,
12869,12869,,23.44662857055664,,,
12869,12869,23.44662857055664,,,,
12870,12870,23.27818489074707,,,,
12871,12871,23.09100914001465,,,,
12872,12872,22.919565200805664,,,,
12873,12873,22.785812377929688,,,,
12874,12874,22.69959259033203,,,,
12875,12875,22.600587844848633,,,,
12876,12876,22.480485916137695,,,,
12877,12877,22.30109977722168,,,,
12878,12878,22.110149383544922,,,,
12879,12879,,21.95261001586914,,,
12879,12879,21.95261001586914,,,,
12880,12880,21.833240509033203,,,,
12881,12881,21.71299171447754,,,,
12882,12882,21.531768798828125,,,,
12883,12883,21.367475509643555,,,,
12884,12884,21.22028923034668,,,,
12885,12885,21.062368392944336,,,,
12886,12886,20.999147415161133,,,,
12887,12887,20.793529510498047,,,,
12888,12888,20.550861358642578,,,,
12889,12889,,20.4246768951416,,,
12889,12889,20.4246768951416,,,,
12890,12890,20.288455963134766,,,,
12891,12891,20.08254051208496,,,,
12892,12892,19.943023681640625,,,,
12893,12893,19.80435562133789,,,,
12894,12894,19.655385971069336,,,,
12895,12895,19.48760223388672,,,,
12896,12896,19.30694007873535,,,,
12897,12897,19.194766998291016,,,,
12898,12898,19.022916793823242,,,,
12899,12899,,18.813058853149414,,,
12899,12899,18.813058853149414,,,,
12900,12900,18.667272567749023,,,,
12901,12901,18.593238830566406,,,,
12902,12902,18.473888397216797,,,,
12903,12903,18.394573211669922,,,,
12904,12904,18.277727127075195,,,,
12905,12905,18.18507957458496,,,,
12906,12906,18.085189819335938,,,,
12907,12907,18.01233673095703,,,,
12908,12908,17.92080307006836,,,,
12909,12909,,17.77994728088379,,,
12909,12909,17.77994728088379,,,,
12910,12910,17.725421905517578,,,,
12911,12911,17.580835342407227,,,,
12912,12912,17.470245361328125,,,,
12913,12913,17.33983039855957,,,,
12914,12914,17.210735321044922,,,,
12915,12915,17.11264991760254,,,,
12916,12916,16.98478889465332,,,,
12917,12917,16.90013313293457,,,,
12918,12918,16.80577278137207,,,,
12919,12919,,16.71144676208496,,,
12919,12919,16.71144676208496,,,,
12920,12920,16.65664291381836,,,,
12921,12921,16.58376121520996,,,,
12922,12922,16.482912063598633,,,,
12923,12923,16.38639259338379,,,,
12924,12924,16.345273971557617,,,,
12925,12925,16.22080421447754,,,,
12926,12926,16.189956665039062,,,,
12927,12927,16.110624313354492,,,,
12928,12928,16.03106689453125,,,,
12929,12929,,15.992176055908203,,,
12929,12929,15.992176055908203,,,,
12930,12930,15.885260581970215,,,,
12931,12931,15.79899787902832,,,,
12932,12932,15.727960586547852,,,,
12933,12933,15.643925666809082,,,,
12934,12934,15.596651077270508,,,,
12935,12935,15.4794340133667,,,,
12936,12936,15.417208671569824,,,,
12937,12937,15.355751991271973,,,,
12938,12938,15.285406112670898,,,,
12939,12939,,15.222529411315918,,,
12939,12939,15.222529411315918,,,,
12940,12940,15.15890884399414,,,,
12941,12941,15.109126091003418,,,,
12942,12942,15.03313159942627,,,,
12943,12943,14.951995849609375,,,,
12944,12944,14.863718032836914,,,,
12945,12945,14.821882247924805,,,,
12946,12946,14.738274574279785,,,,
12947,12947,14.663052558898926,,,,
12948,12948,14.568552017211914,,,,
12949,12949,,14.503647804260254,,,
12949,12949,14.503647804260254,,,,
12950,12950,14.471285820007324,,,,
12951,12951,14.409152030944824,,,,
12952,12952,14.375537872314453,,,,
12953,12953,14.31718635559082,,,,
12954,12954,14.26209545135498,,,,
12955,12955,14.193502426147461,,,,
12956,12956,14.133881568908691,,,,
12957,12957,14.098043441772461,,,,
12958,12958,14.092880249023438,,,,
12959,12959,,13.957958221435547,,,
12959,12959,13.957958221435547,,,,
12960,12960,13.941971778869629,,,,
12961,12961,13.88821792602539,,,,
12962,12962,13.790690422058105,,,,
12963,12963,13.733814239501953,,,,
12964,12964,13.72374153137207,,,,
12965,12965,13.695256233215332,,,,
12966,12966,13.598963737487793,,,,
12967,12967,13.499977111816406,,,,
12968,12968,13.45624828338623,,,,
12969,12969,,13.431946754455566,,,
12969,12969,13.431946754455566,,,,
12970,12970,13.396649360656738,,,,
12971,12971,13.275717735290527,,,,
12972,12972,13.232748985290527,,,,
12973,12973,13.179553031921387,,,,
12974,12974,13.14289665222168,,,,
12975,12975,13.141438484191895,,,,
12976,12976,13.068862915039062,,,,
12977,12977,12.972010612487793,,,,
12978,12978,12.916399955749512,,,,
12979,12979,,12.842601776123047,,,
12979,12979,12.842601776123047,,,,
12980,12980,12.765278816223145,,,,
12981,12981,12.737192153930664,,,,
12982,12982,12.69056224822998,,,,
12983,12983,12.603764533996582,,,,
12984,12984,12.50616455078125,,,,
12985,12985,12.401344299316406,,,,
12986,12986,12.339336395263672,,,,
12987,12987,12.302980422973633,,,,
12988,12988,12.24236011505127,,,,
12989,12989,,12.121840476989746,,,
12989,12989,12.121840476989746,,,,
12990,12990,12.099507331848145,,,,
12991,12991,12.02891731262207,,,,
12992,12992,11.988009452819824,,,,
12993,12993,11.871292114257812,,,,
12994,12994,11.791963577270508,,,,
12995,12995,11.754598617553711,,,,
12996,12996,11.709835052490234,,,,
12997,12997,11.595526695251465,,,,
12998,12998,11.530814170837402,,,,
12999,12999,,11.49031925201416,,,
12999,12999,,,0.24391621351242065,363.89215087890625,325.62371826171875
12999,12999,11.49031925201416,,,,
13000,13000,11.354601860046387,,,,
13001,13001,11.33062744140625,,,,
13002,13002,11.303574562072754,,,,
13003,13003,11.184503555297852,,,,
13004,13004,11.127670288085938,,,,
13005,13005,11.043641090393066,,,,
13006,13006,11.00070571899414,,,,
13007,13007,10.854597091674805,,,,
13008,13008,10.665792465209961,,,,
13009,13009,,10.602128028869629,,,
13009,13009,10.602128028869629,,,,
13010,13010,10.591455459594727,,,,
13011,13011,10.514204978942871,,,,
13012,13012,10.371927261352539,,,,
13013,13013,10.255484580993652,,,,
13014,13014,10.098243713378906,,,,
13015,13015,9.90676212310791,,,,
13016,13016,9.719528198242188,,,,
13017,13017,9.647536277770996,,,,
13018,13018,9.628666877746582,,,,
13019,13019,,9.530378341674805,,,
13019,13019,9.530378341674805,,,,
13020,13020,9.570361137390137,,,,
13021,13021,9.479728698730469,,,,
13022,13022,9.449837684631348,,,,
13023,13023,9.419875144958496,,,,
13024,13024,9.373418807983398,,,,
13025,13025,9.293356895446777,,,,
13026,13026,9.267465591430664,,,,
13027,13027,9.17281436920166,,,,
13028,13028,9.095633506774902,,,,
13029,13029,,9.11943244934082,,,
13029,13029,9.11943244934082,,,,
13030,13030,8.981974601745605,,,,
13031,13031,8.930831909179688,,,,
13032,13032,8.92031478881836,,,,
13033,13033,8.82534122467041,,,,
13034,13034,8.823847770690918,,,,
13035,13035,8.771592140197754,,,,
13036,13036,8.69345760345459,,,,
13037,13037,8.687688827514648,,,,
13038,13038,8.642986297607422,,,,
13039,13039,,8.565610885620117,,,
13039,13039,8.565610885620117,,,,
13040,13040,8.481812477111816,,,,
13041,13041,8.372736930847168,,,,
13042,13042,8.310321807861328,,,,
13043,13043,8.300898551940918,,,,
13044,13044,8.162726402282715,,,,
13045,13045,8.139322280883789,,,,
13046,13046,8.077764511108398,,,,
13047,13047,8.048316955566406,,,,
13048,13048,8.051020622253418,,,,
13049,13049,,8.049432754516602,,,
13049,13049,8.049432754516602,,,,
13050,13050,8.023568153381348,,,,
13051,13051,7.971636772155762,,,,
13052,13052,7.909512996673584,,,,
13053,13053,7.84439754486084,,,,
13054,13054,7.831017971038818,,,,
13055,13055,7.7622222900390625,,,,
13056,13056,7.719972610473633,,,,
13057,13057,7.69291877746582,,,,
13058,13058,7.689349174499512,,,,
13059,13059,,7.649570941925049,,,
13059,13059,7.649570941925049,,,,
13060,13060,7.593692779541016,,,,
13061,13061,7.585537910461426,,,,
13062,13062,7.523928642272949,,,,
13063,13063,7.532596588134766,,,,
13064,13064,7.498703956604004,,,,
13065,13065,7.4517822265625,,,,
13066,13066,7.455173015594482,,,,
13067,13067,7.451866626739502,,,,
13068,13068,7.4205427169799805,,,,
13069,13069,,7.399387359619141,,,
13069,13069,7.399387359619141,,,,
13070,13070,7.379532337188721,,,,
13071,13071,7.365694999694824,,,,
13072,13072,7.309323787689209,,,,
13073,13073,7.277288913726807,,,,
13074,13074,7.2686896324157715,,,,
13075,13075,7.240293025970459,,,,
13076,13076,7.234844207763672,,,,
13077,13077,7.209312438964844,,,,
13078,13078,7.215094089508057,,,,
13079,13079,,7.186972141265869,,,
13079,13079,7.186972141265869,,,,
13080,13080,7.177862167358398,,,,
13081,13081,7.1477885246276855,,,,
13082,13082,7.1232686042785645,,,,
13083,13083,7.108583927154541,,,,
13084,13084,7.101070880889893,,,,
13085,13085,7.082129955291748,,,,
13086,13086,7.070694923400879,,,,
13087,13087,7.080824375152588,,,,
13088,13088,7.069329738616943,,,,
13089,13089,,7.076924800872803,,,
13089,13089,7.076924800872803,,,,
13090,13090,7.055159568786621,,,,
13091,13091,7.049997329711914,,,,
13092,13092,7.026330471038818,,,,
13093,13093,7.043210029602051,,,,
13094,13094,7.0175557136535645,,,,
13095,13095,7.006962299346924,,,,
13096,13096,7.019721031188965,,,,
13097,13097,6.9587626457214355,,,,
13098,13098,6.974625587463379,,,,
13099,13099,,6.955079078674316,,,
13099,13099,6.955079078674316,,,,
13100,13100,6.946071147918701,,,,
13101,13101,6.961697101593018,,,,
13102,13102,6.949811935424805,,,,
13103,13103,6.961488723754883,,,,
13104,13104,6.9074625968933105,,,,
13105,13105,6.8989577293396,,,,
13106,13106,6.908660888671875,,,,
13107,13107,6.888319492340088,,,,
13108,13108,6.877352237701416,,,,
13109,13109,,6.857344150543213,,,
13109,13109,6.857344150543213,,,,
13110,13110,6.869792938232422,,,,
13111,13111,6.854177951812744,,,,
13112,13112,6.844391345977783,,,,
13113,13113,6.839296817779541,,,,
13114,13114,6.832400321960449,,,,
13115,13115,6.831638813018799,,,,
13116,13116,6.861965656280518,,,,
13117,13117,6.80887508392334,,,,
13118,13118,6.795896053314209,,,,
13119,13119,,6.846547603607178,,,
13119,13119,6.846547603607178,,,,
13120,13120,6.780914306640625,,,,
13121,13121,6.864459037780762,,,,
13122,13122,6.756293773651123,,,,
13123,13123,6.773436069488525,,,,
13124,13124,6.856921195983887,,,,
13125,13125,6.738008975982666,,,,
13126,13126,6.854611396789551,,,,
13127,13127,6.759129047393799,,,,
13128,13128,6.7947001457214355,,,,
13129,13129,,6.741247177124023,,,
13129,13129,6.741247177124023,,,,
13130,13130,6.795037269592285,,,,
13131,13131,6.783947944641113,,,,
13132,13132,6.772470951080322,,,,
13133,13133,6.7715983390808105,,,,
13134,13134,6.719333648681641,,,,
13135,13135,6.768307685852051,,,,
13136,13136,6.710720062255859,,,,
13137,13137,6.748544216156006,,,,
13138,13138,6.6887526512146,,,,
13139,13139,,6.783467769622803,,,
13139,13139,6.783467769622803,,,,
13140,13140,6.7029500007629395,,,,
13141,13141,6.777651786804199,,,,
13142,13142,6.752159118652344,,,,
13143,13143,6.802306652069092,,,,
13144,13144,6.696665287017822,,,,
13145,13145,6.750213146209717,,,,
13146,13146,6.661088466644287,,,,
13147,13147,6.693498611450195,,,,
13148,13148,6.691909313201904,,,,
13149,13149,,6.62652587890625,,,
13149,13149,6.62652587890625,,,,
13150,13150,6.7240800857543945,,,,
13151,13151,6.673455715179443,,,,
13152,13152,6.752701282501221,,,,
13153,13153,6.750671863555908,,,,
13154,13154,6.772569179534912,,,,
13155,13155,6.7952961921691895,,,,
13156,13156,6.7613043785095215,,,,
13157,13157,6.734338760375977,,,,
13158,13158,6.74257755279541,,,,
13159,13159,,6.713505744934082,,,
13159,13159,6.713505744934082,,,,
13160,13160,6.707501411437988,,,,
13161,13161,6.783939838409424,,,,
13162,13162,6.75824499130249,,,,
13163,13163,6.870800971984863,,,,
13164,13164,6.814939022064209,,,,
13165,13165,6.890652179718018,,,,
13166,13166,6.7936601638793945,,,,
13167,13167,6.742004871368408,,,,
13168,13168,6.702438831329346,,,,
13169,13169,,6.70865535736084,,,
13169,13169,6.70865535736084,,,,
13170,13170,6.664726257324219,,,,
13171,13171,6.680059432983398,,,,
13172,13172,6.657257556915283,,,,
13173,13173,6.669920444488525,,,,
13174,13174,6.663740158081055,,,,
13175,13175,6.64638090133667,,,,
13176,13176,6.624012470245361,,,,
13177,13177,6.666732311248779,,,,
13178,13178,6.624938011169434,,,,
13179,13179,,6.631702899932861,,,
13179,13179,6.631702899932861,,,,
13180,13180,6.598372459411621,,,,
13181,13181,6.587522506713867,,,,
13182,13182,6.604797840118408,,,,
13183,13183,6.564458847045898,,,,
13184,13184,6.585795879364014,,,,
13185,13185,6.627969741821289,,,,
13186,13186,6.674432754516602,,,,
13187,13187,6.997067928314209,,,,
13188,13188,6.9838643074035645,,,,
13189,13189,,7.744048118591309,,,
13189,13189,7.744048118591309,,,,
13190,13190,6.844080448150635,,,,
13191,13191,6.535647869110107,,,,
13192,13192,6.607407093048096,,,,
13193,13193,6.841085910797119,,,,
13194,13194,7.5589118003845215,,,,
13195,13195,7.0966105461120605,,,,
13196,13196,7.6184773445129395,,,,
13197,13197,6.884889602661133,,,,
13198,13198,6.600345134735107,,,,
13199,13199,,6.48121976852417,,,
13199,13199,6.48121976852417,,,,
13200,13200,6.565953254699707,,,,
13201,13201,6.820481300354004,,,,
13202,13202,6.9044084548950195,,,,
13203,13203,7.987457275390625,,,,
13204,13204,7.049754619598389,,,,
13205,13205,7.139909267425537,,,,
13206,13206,6.629621505737305,,,,
13207,13207,6.563258647918701,,,,
13208,13208,6.80094051361084,,,,
13209,13209,,6.841333866119385,,,
13209,13209,6.841333866119385,,,,
13210,13210,7.244180202484131,,,,
13211,13211,7.002906322479248,,,,
13212,13212,7.550772190093994,,,,
13213,13213,6.90250301361084,,,,
13214,13214,6.914392471313477,,,,
13215,13215,6.604099750518799,,,,
13216,13216,6.483877182006836,,,,
13217,13217,6.605501174926758,,,,
13218,13218,6.760979175567627,,,,
13219,13219,,7.389261245727539,,,
13219,13219,7.389261245727539,,,,
13220,13220,7.1182026863098145,,,,
13221,13221,7.907958507537842,,,,
13222,13222,6.771808624267578,,,,
13223,13223,6.493032455444336,,,,
13224,13224,6.766882419586182,,,,
13225,13225,6.916743755340576,,,,
13226,13226,7.259910583496094,,,,
13227,13227,6.782341003417969,,,,
13228,13228,6.704715251922607,,,,
13229,13229,,6.5081963539123535,,,
13229,13229,6.5081963539123535,,,,
13230,13230,6.510162830352783,,,,
13231,13231,6.465534210205078,,,,
13232,13232,6.4442949295043945,,,,
13233,13233,6.448070526123047,,,,
13234,13234,6.501229763031006,,,,
13235,13235,6.471717834472656,,,,
13236,13236,6.629970073699951,,,,
13237,13237,6.670304298400879,,,,
13238,13238,7.098965167999268,,,,
13239,13239,,6.995375156402588,,,
13239,13239,6.995375156402588,,,,
13240,13240,7.780641555786133,,,,
13241,13241,6.780529499053955,,,,
13242,13242,6.38774299621582,,,,
13243,13243,6.515486717224121,,,,
13244,13244,6.843173503875732,,,,
13245,13245,8.192414283752441,,,,
13246,13246,6.837131500244141,,,,
13247,13247,6.616499900817871,,,,
13248,13248,6.411605358123779,,,,
13249,13249,,6.363764762878418,,,
13249,13249,6.363764762878418,,,,
13250,13250,6.407487392425537,,,,
13251,13251,6.455523490905762,,,,
13252,13252,6.806046962738037,,,,
13253,13253,7.163400650024414,,,,
13254,13254,9.495285987854004,,,,
13255,13255,6.617458343505859,,,,
13256,13256,8.195716857910156,,,,
13257,13257,16.950973510742188,,,,
13258,13258,6.975766658782959,,,,
13259,13259,,38.8786735534668,,,
13259,13259,38.8786735534668,,,,
13260,13260,165.3478546142578,,,,
13261,13261,259.14794921875,,,,
13262,13262,293.3640441894531,,,,
13263,13263,283.62506103515625,,,,
13264,13264,242.8871307373047,,,,
13265,13265,182.82455444335938,,,,
13266,13266,115.85055541992188,,,,
13267,13267,55.66802978515625,,,,
13268,13268,26.88148307800293,,,,
13269,13269,,59.98379898071289,,,
13269,13269,59.98379898071289,,,,
13270,13270,95.95121765136719,,,,
13271,13271,87.1118392944336,,,,
13272,13272,66.6861572265625,,,,
13273,13273,56.53251266479492,,,,
13274,13274,43.9565544128418,,,,
13275,13275,38.08715057373047,,,,
13276,13276,39.544620513916016,,,,
13277,13277,43.86829376220703,,,,
13278,13278,48.329734802246094,,,,
13279,13279,,51.56732177734375,,,
13279,13279,51.56732177734375,,,,
13280,13280,53.0911865234375,,,,
13281,13281,52.848106384277344,,,,
13282,13282,51.28524398803711,,,,
13283,13283,48.92790603637695,,,,
13284,13284,46.22599792480469,,,,
13285,13285,43.72801971435547,,,,
13286,13286,41.964176177978516,,,,
13287,13287,40.999244689941406,,,,
13288,13288,40.84605026245117,,,,
13289,13289,,40.925331115722656,,,
13289,13289,40.925331115722656,,,,
13290,13290,41.31672286987305,,,,
13291,13291,41.576507568359375,,,,
13292,13292,41.30302429199219,,,,
13293,13293,40.36408615112305,,,,
13294,13294,38.90971374511719,,,,
13295,13295,37.35432815551758,,,,
13296,13296,36.08769607543945,,,,
13297,13297,35.26103973388672,,,,
13298,13298,34.79645919799805,,,,
13299,13299,,34.60881805419922,,,
13299,13299,34.60881805419922,,,,
13300,13300,34.41576385498047,,,,
13301,13301,34.03250503540039,,,,
13302,13302,33.54531478881836,,,,
13303,13303,32.754520416259766,,,,
13304,13304,31.83741569519043,,,,
13305,13305,31.083345413208008,,,,
13306,13306,30.741058349609375,,,,
13307,13307,30.901622772216797,,,,
13308,13308,30.899343490600586,,,,
13309,13309,,30.552244186401367,,,
13309,13309,30.552244186401367,,,,
13310,13310,29.894969940185547,,,,
13311,13311,29.392181396484375,,,,
13312,13312,29.163803100585938,,,,
13313,13313,29.171785354614258,,,,
13314,13314,29.07242774963379,,,,
13315,13315,28.729764938354492,,,,
13316,13316,28.28688621520996,,,,
13317,13317,27.959190368652344,,,,
13318,13318,27.841476440429688,,,,
13319,13319,,27.709856033325195,,,
13319,13319,27.709856033325195,,,,
13320,13320,27.484474182128906,,,,
13321,13321,27.07785415649414,,,,
13322,13322,26.885852813720703,,,,
13323,13323,26.763168334960938,,,,
13324,13324,26.625822067260742,,,,
13325,13325,26.282480239868164,,,,
13326,13326,25.97724151611328,,,,
13327,13327,25.850574493408203,,,,
13328,13328,25.752962112426758,,,,
13329,13329,,25.50924301147461,,,
13329,13329,25.50924301147461,,,,
13330,13330,25.257755279541016,,,,
13331,13331,25.139129638671875,,,,
13332,13332,24.986310958862305,,,,
13333,13333,24.751035690307617,,,,
13334,13334,24.497419357299805,,,,
13335,13335,24.369647979736328,,,,
13336,13336,24.185619354248047,,,,
13337,13337,23.933847427368164,,,,
13338,13338,23.789331436157227,,,,
13339,13339,,23.672943115234375,,,
13339,13339,23.672943115234375,,,,
13340,13340,23.49207305908203,,,,
13341,13341,23.281599044799805,,,,
13342,13342,23.209016799926758,,,,
13343,13343,23.00367546081543,,,,
13344,13344,22.827911376953125,,,,
13345,13345,22.722183227539062,,,,
13346,13346,22.49030876159668,,,,
13347,13347,22.2799129486084,,,,
13348,13348,22.115087509155273,,,,
13349,13349,,21.977680206298828,,,
13349,13349,21.977680206298828,,,,
13350,13350,21.755441665649414,,,,
13351,13351,21.617399215698242,,,,
13352,13352,21.42563819885254,,,,
13353,13353,21.23760223388672,,,,
13354,13354,21.121946334838867,,,,
13355,13355,20.936017990112305,,,,
13356,13356,20.7834529876709,,,,
13357,13357,20.604305267333984,,,,
13358,13358,20.453969955444336,,,,
13359,13359,,20.31831169128418,,,
13359,13359,20.31831169128418,,,,
13360,13360,20.158924102783203,,,,
13361,13361,19.97469711303711,,,,
13362,13362,19.87850570678711,,,,
13363,13363,19.761600494384766,,,,
13364,13364,19.624876022338867,,,,
13365,13365,19.477401733398438,,,,
13366,13366,19.352094650268555,,,,
13367,13367,19.231138229370117,,,,
13368,13368,19.11775779724121,,,,
13369,13369,,18.948394775390625,,,
13369,13369,18.948394775390625,,,,
13370,13370,18.820659637451172,,,,
13371,13371,18.64849281311035,,,,
13372,13372,18.53214454650879,,,,
13373,13373,18.46534538269043,,,,
13374,13374,18.342510223388672,,,,
13375,13375,18.235689163208008,,,,
13376,13376,18.099594116210938,,,,
13377,13377,17.971824645996094,,,,
13378,13378,17.856245040893555,,,,
13379,13379,,17.746458053588867,,,
13379,13379,17.746458053588867,,,,
13380,13380,17.629531860351562,,,,
13381,13381,17.544967651367188,,,,
13382,13382,17.474506378173828,,,,
13383,13383,17.37371826171875,,,,
13384,13384,17.214067459106445,,,,
13385,13385,17.136503219604492,,,,
13386,13386,17.08428192138672,,,,
13387,13387,16.946002960205078,,,,
13388,13388,16.869077682495117,,,,
13389,13389,,16.77116584777832,,,
13389,13389,16.77116584777832,,,,
13390,13390,16.68894386291504,,,,
13391,13391,16.584217071533203,,,,
13392,13392,16.46550750732422,,,,
13393,13393,16.388280868530273,,,,
13394,13394,16.33000946044922,,,,
13395,13395,16.279438018798828,,,,
13396,13396,16.169187545776367,,,,
13397,13397,16.128297805786133,,,,
13398,13398,15.994479179382324,,,,
13399,13399,,15.874017715454102,,,
13399,13399,15.874017715454102,,,,
13400,13400,15.752124786376953,,,,
13401,13401,15.716925621032715,,,,
13402,13402,15.62681770324707,,,,
13403,13403,15.5938720703125,,,,
13404,13404,15.483113288879395,,,,
13405,13405,15.449030876159668,,,,
13406,13406,15.332961082458496,,,,
13407,13407,15.240079879760742,,,,
13408,13408,15.205227851867676,,,,
13409,13409,,15.147068977355957,,,
13409,13409,15.147068977355957,,,,
13410,13410,15.01750373840332,,,,
13411,13411,14.930127143859863,,,,
13412,13412,14.843852996826172,,,,
13413,13413,14.770691871643066,,,,
13414,13414,14.728835105895996,,,,
13415,13415,14.621170043945312,,,,
13416,13416,14.588430404663086,,,,
13417,13417,14.463020324707031,,,,
13418,13418,14.406135559082031,,,,
13419,13419,,14.332892417907715,,,
13419,13419,14.332892417907715,,,,
13420,13420,14.255270004272461,,,,
13421,13421,14.153169631958008,,,,
13422,13422,14.138683319091797,,,,
13423,13423,14.102657318115234,,,,
13424,13424,14.044382095336914,,,,
13425,13425,13.978995323181152,,,,
13426,13426,13.916356086730957,,,,
13427,13427,13.819397926330566,,,,
13428,13428,13.801799774169922,,,,
13429,13429,,13.7310209274292,,,
13429,13429,13.7310209274292,,,,
13430,13430,13.659504890441895,,,,
13431,13431,13.638702392578125,,,,
13432,13432,13.528406143188477,,,,
13433,13433,13.49515151977539,,,,
13434,13434,13.423283576965332,,,,
13435,13435,13.35585880279541,,,,
13436,13436,13.282176971435547,,,,
13437,13437,13.260693550109863,,,,
13438,13438,13.198075294494629,,,,
13439,13439,,13.168498992919922,,,
13439,13439,13.168498992919922,,,,
13440,13440,13.13587760925293,,,,
13441,13441,13.122657775878906,,,,
13442,13442,13.153440475463867,,,,
13443,13443,13.084659576416016,,,,
13444,13444,12.998758316040039,,,,
13445,13445,13.014507293701172,,,,
13446,13446,12.941337585449219,,,,
13447,13447,12.909438133239746,,,,
13448,13448,12.873359680175781,,,,
13449,13449,,12.879234313964844,,,
13449,13449,12.879234313964844,,,,
13450,13450,12.817845344543457,,,,
13451,13451,12.759260177612305,,,,
13452,13452,12.725760459899902,,,,
13453,13453,12.645243644714355,,,,
13454,13454,12.637690544128418,,,,
13455,13455,12.61890697479248,,,,
13456,13456,12.57316780090332,,,,
13457,13457,12.509366989135742,,,,
13458,13458,12.467018127441406,,,,
13459,13459,,12.425477027893066,,,
13459,13459,12.425477027893066,,,,
13460,13460,12.399157524108887,,,,
13461,13461,12.333601951599121,,,,
13462,13462,12.297561645507812,,,,
13463,13463,12.25020980834961,,,,
13464,13464,12.24521255493164,,,,
13465,13465,12.189541816711426,,,,
13466,13466,12.170165061950684,,,,
13467,13467,12.159451484680176,,,,
13468,13468,12.227717399597168,,,,
13469,13469,,12.220377922058105,,,
13469,13469,12.220377922058105,,,,
13470,13470,12.228343963623047,,,,
13471,13471,12.167305946350098,,,,
13472,13472,12.0562105178833,,,,
13473,13473,12.055760383605957,,,,
13474,13474,12.049919128417969,,,,
13475,13475,12.113677024841309,,,,
13476,13476,12.097147941589355,,,,
13477,13477,12.097871780395508,,,,
13478,13478,12.022878646850586,,,,
13479,13479,,11.992457389831543,,,
13479,13479,11.992457389831543,,,,
13480,13480,11.866852760314941,,,,
13481,13481,11.834577560424805,,,,
13482,13482,11.7451753616333,,,,
13483,13483,11.695669174194336,,,,
13484,13484,11.672830581665039,,,,
13485,13485,11.681556701660156,,,,
13486,13486,11.679330825805664,,,,
13487,13487,11.639652252197266,,,,
13488,13488,11.623642921447754,,,,
13489,13489,,11.546273231506348,,,
13489,13489,11.546273231506348,,,,
13490,13490,11.487502098083496,,,,
13491,13491,11.440502166748047,,,,
13492,13492,11.393806457519531,,,,
13493,13493,11.387682914733887,,,,
13494,13494,11.340426445007324,,,,
13495,13495,11.366019248962402,,,,
13496,13496,11.326820373535156,,,,
13497,13497,11.302438735961914,,,,
13498,13498,11.263763427734375,,,,
13499,13499,,11.247960090637207,,,
13499,13499,,,0.2495078295469284,380.7673645019531,325.62371826171875
13499,13499,11.247960090637207,,,,
13500,13500,11.239596366882324,,,,
13501,13501,11.126039505004883,,,,
13502,13502,11.112385749816895,,,,
13503,13503,10.996257781982422,,,,
13504,13504,10.883036613464355,,,,
13505,13505,10.778976440429688,,,,
13506,13506,10.650781631469727,,,,
13507,13507,10.638781547546387,,,,
13508,13508,10.586081504821777,,,,
13509,13509,,10.584931373596191,,,
13509,13509,10.584931373596191,,,,
13510,13510,10.553345680236816,,,,
13511,13511,10.483689308166504,,,,
13512,13512,10.306482315063477,,,,
13513,13513,10.29404354095459,,,,
13514,13514,10.143393516540527,,,,
13515,13515,10.030932426452637,,,,
13516,13516,9.987772941589355,,,,
13517,13517,9.872206687927246,,,,
13518,13518,9.771956443786621,,,,
13519,13519,,9.817215919494629,,,
13519,13519,9.817215919494629,,,,
13520,13520,9.651972770690918,,,,
13521,13521,9.520332336425781,,,,
13522,13522,9.474994659423828,,,,
13523,13523,9.398492813110352,,,,
13524,13524,9.293546676635742,,,,
13525,13525,9.281557083129883,,,,
13526,13526,9.131138801574707,,,,
13527,13527,9.02754020690918,,,,
13528,13528,9.012520790100098,,,,
13529,13529,,8.954288482666016,,,
13529,13529,8.954288482666016,,,,
13530,13530,8.881397247314453,,,,
13531,13531,8.87051010131836,,,,
13532,13532,8.765841484069824,,,,
13533,13533,8.643903732299805,,,,
13534,13534,8.524489402770996,,,,
13535,13535,8.409225463867188,,,,
13536,13536,8.328727722167969,,,,
13537,13537,8.215458869934082,,,,
13538,13538,8.18958568572998,,,,
13539,13539,,8.113493919372559,,,
13539,13539,8.113493919372559,,,,
13540,13540,7.985178470611572,,,,
13541,13541,7.8994598388671875,,,,
13542,13542,7.903902053833008,,,,
13543,13543,7.852733612060547,,,,
13544,13544,7.769806861877441,,,,
13545,13545,7.740673542022705,,,,
13546,13546,7.646564483642578,,,,
13547,13547,7.571740627288818,,,,
13548,13548,7.451205730438232,,,,
13549,13549,,7.3194580078125,,,
13549,13549,7.3194580078125,,,,
13550,13550,7.283083915710449,,,,
13551,13551,7.264549255371094,,,,
13552,13552,7.233425617218018,,,,
13553,13553,7.186722278594971,,,,
13554,13554,7.209251880645752,,,,
13555,13555,7.178963661193848,,,,
13556,13556,7.179117202758789,,,,
13557,13557,7.192060470581055,,,,
13558,13558,7.184642314910889,,,,
13559,13559,,7.104201316833496,,,
13559,13559,7.104201316833496,,,,
13560,13560,7.100697040557861,,,,
13561,13561,7.124945163726807,,,,
13562,13562,7.093354225158691,,,,
13563,13563,7.062960624694824,,,,
13564,13564,6.973079681396484,,,,
13565,13565,6.979609489440918,,,,
13566,13566,6.989770412445068,,,,
13567,13567,6.9788498878479,,,,
13568,13568,6.974923133850098,,,,
13569,13569,,6.923672199249268,,,
13569,13569,6.923672199249268,,,,
13570,13570,6.900188446044922,,,,
13571,13571,6.959339141845703,,,,
13572,13572,6.86582088470459,,,,
13573,13573,6.874032020568848,,,,
13574,13574,6.874538421630859,,,,
13575,13575,6.837500095367432,,,,
13576,13576,6.830708026885986,,,,
13577,13577,6.801921844482422,,,,
13578,13578,6.795314311981201,,,,
13579,13579,,6.7723002433776855,,,
13579,13579,6.7723002433776855,,,,
13580,13580,6.764093399047852,,,,
13581,13581,6.7378830909729,,,,
13582,13582,6.7714948654174805,,,,
13583,13583,6.67059326171875,,,,
13584,13584,6.708675861358643,,,,
13585,13585,6.678677082061768,,,,
13586,13586,6.658044815063477,,,,
13587,13587,6.668833255767822,,,,
13588,13588,6.633410930633545,,,,
13589,13589,,6.631165504455566,,,
13589,13589,6.631165504455566,,,,
13590,13590,6.626317501068115,,,,
13591,13591,6.584237098693848,,,,
13592,13592,6.5863542556762695,,,,
13593,13593,6.581422805786133,,,,
13594,13594,6.577043533325195,,,,
13595,13595,6.5499725341796875,,,,
13596,13596,6.550335884094238,,,,
13597,13597,6.567169666290283,,,,
13598,13598,6.62169075012207,,,,
13599,13599,,6.56328821182251,,,
13599,13599,6.56328821182251,,,,
13600,13600,6.587385177612305,,,,
13601,13601,6.558511257171631,,,,
13602,13602,6.5826497077941895,,,,
13603,13603,6.565268039703369,,,,
13604,13604,6.543412208557129,,,,
13605,13605,6.5177106857299805,,,,
13606,13606,6.522380828857422,,,,
13607,13607,6.484865188598633,,,,
13608,13608,6.518198013305664,,,,
13609,13609,,6.496882915496826,,,
13609,13609,6.496882915496826,,,,
13610,13610,6.503365993499756,,,,
13611,13611,6.519158363342285,,,,
13612,13612,6.487793922424316,,,,
13613,13613,6.541640758514404,,,,
13614,13614,6.5053887367248535,,,,
13615,13615,6.623282432556152,,,,
13616,13616,6.577157497406006,,,,
13617,13617,6.62423849105835,,,,
13618,13618,6.462423801422119,,,,
13619,13619,,6.443291664123535,,,
13619,13619,6.443291664123535,,,,
13620,13620,6.423277854919434,,,,
13621,13621,6.411833763122559,,,,
13622,13622,6.377833843231201,,,,
13623,13623,6.4020771980285645,,,,
13624,13624,6.417786598205566,,,,
13625,13625,6.388071060180664,,,,
13626,13626,6.394550323486328,,,,
13627,13627,6.382410049438477,,,,
13628,13628,6.421122074127197,,,,
13629,13629,,6.4912285804748535,,,
13629,13629,6.4912285804748535,,,,
13630,13630,6.773162364959717,,,,
13631,13631,6.752829074859619,,,,
13632,13632,7.022948265075684,,,,
13633,13633,6.508474349975586,,,,
13634,13634,6.398316860198975,,,,
13635,13635,6.56647253036499,,,,
13636,13636,6.6027727127075195,,,,
13637,13637,6.598870277404785,,,,
13638,13638,6.434929847717285,,,,
13639,13639,,6.381000995635986,,,
13639,13639,6.381000995635986,,,,
13640,13640,6.354648590087891,,,,
13641,13641,6.3235182762146,,,,
13642,13642,6.390812397003174,,,,
13643,13643,6.4228386878967285,,,,
13644,13644,6.638670921325684,,,,
13645,13645,7.185857772827148,,,,
13646,13646,6.568892002105713,,,,
13647,13647,6.309874534606934,,,,
13648,13648,6.277129650115967,,,,
13649,13649,,6.427370548248291,,,
13649,13649,6.427370548248291,,,,
13650,13650,6.571563243865967,,,,
13651,13651,6.578667163848877,,,,
13652,13652,6.862980842590332,,,,
13653,13653,6.772815227508545,,,,
13654,13654,7.395039081573486,,,,
13655,13655,6.53746223449707,,,,
13656,13656,6.323026657104492,,,,
13657,13657,6.386898517608643,,,,
13658,13658,6.5182905197143555,,,,
13659,13659,,6.879604339599609,,,
13659,13659,6.879604339599609,,,,
13660,13660,6.546935081481934,,,,
13661,13661,6.5072922706604,,,,
13662,13662,6.462230682373047,,,,
13663,13663,6.611392021179199,,,,
13664,13664,6.587364196777344,,,,
13665,13665,6.928182125091553,,,,
13666,13666,6.429678440093994,,,,
13667,13667,6.27097749710083,,,,
13668,13668,6.3184404373168945,,,,
13669,13669,,6.650997161865234,,,
13669,13669,6.650997161865234,,,,
13670,13670,7.8261494636535645,,,,
13671,13671,6.847545146942139,,,,
13672,13672,6.786428928375244,,,,
13673,13673,6.334140300750732,,,,
13674,13674,6.339107513427734,,,,
13675,13675,6.7404656410217285,,,,
13676,13676,6.637057304382324,,,,
13677,13677,7.055031776428223,,,,
13678,13678,6.517833232879639,,,,
13679,13679,,6.390830039978027,,,
13679,13679,6.390830039978027,,,,
13680,13680,6.279814720153809,,,,
13681,13681,6.178506851196289,,,,
13682,13682,6.185338020324707,,,,
13683,13683,6.242448329925537,,,,
13684,13684,6.168336868286133,,,,
13685,13685,6.470480442047119,,,,
13686,13686,7.057896137237549,,,,
13687,13687,6.962182998657227,,,,
13688,13688,8.538773536682129,,,,
13689,13689,,6.370117664337158,,,
13689,13689,6.370117664337158,,,,
13690,13690,8.185812950134277,,,,
13691,13691,18.340770721435547,,,,
13692,13692,6.840848922729492,,,,
13693,13693,33.915828704833984,,,,
13694,13694,162.5531005859375,,,,
13695,13695,250.67018127441406,,,,
13696,13696,276.2026062011719,,,,
13697,13697,256.3565368652344,,,,
13698,13698,205.25628662109375,,,,
13699,13699,,137.01638793945312,,,
13699,13699,137.01638793945312,,,,
13700,13700,66.92708587646484,,,,
13701,13701,23.00790023803711,,,,
13702,13702,61.62490463256836,,,,
13703,13703,117.81671142578125,,,,
13704,13704,86.53805541992188,,,,
13705,13705,53.093833923339844,,,,
13706,13706,34.8634147644043,,,,
13707,13707,33.77992248535156,,,,
13708,13708,42.84682846069336,,,,
13709,13709,,51.891963958740234,,,
13709,13709,51.891963958740234,,,,
13710,13710,57.913429260253906,,,,
13711,13711,59.805992126464844,,,,
13712,13712,58.21699142456055,,,,
13713,13713,54.20582962036133,,,,
13714,13714,49.10554885864258,,,,
13715,13715,44.47304153442383,,,,
13716,13716,41.14278030395508,,,,
13717,13717,39.867835998535156,,,,
13718,13718,40.20392608642578,,,,
13719,13719,,41.92506790161133,,,
13719,13719,41.92506790161133,,,,
13720,13720,43.78641128540039,,,,
13721,13721,44.7972526550293,,,,
13722,13722,44.6380729675293,,,,
13723,13723,43.11921310424805,,,,
13724,13724,40.9175910949707,,,,
13725,13725,38.57342529296875,,,,
13726,13726,36.71649169921875,,,,
13727,13727,35.821067810058594,,,,
13728,13728,35.5562629699707,,,,
13729,13729,,35.67477798461914,,,
13729,13729,35.67477798461914,,,,
13730,13730,35.79112243652344,,,,
13731,13731,35.645999908447266,,,,
13732,13732,35.138065338134766,,,,
13733,13733,34.2413215637207,,,,
13734,13734,33.08071517944336,,,,
13735,13735,31.871583938598633,,,,
13736,13736,30.967390060424805,,,,
13737,13737,30.42727279663086,,,,
13738,13738,30.474760055541992,,,,
13739,13739,,30.77277183532715,,,
13739,13739,30.77277183532715,,,,
13740,13740,30.534055709838867,,,,
13741,13741,29.790327072143555,,,,
13742,13742,28.883554458618164,,,,
13743,13743,28.44076156616211,,,,
13744,13744,28.26711082458496,,,,
13745,13745,28.29232406616211,,,,
13746,13746,28.159461975097656,,,,
13747,13747,27.89801788330078,,,,
13748,13748,27.392593383789062,,,,
13749,13749,,27.097454071044922,,,
13749,13749,27.097454071044922,,,,
13750,13750,26.865894317626953,,,,
13751,13751,26.79668617248535,,,,
13752,13752,26.731674194335938,,,,
13753,13753,26.60459327697754,,,,
13754,13754,26.283403396606445,,,,
13755,13755,25.9545841217041,,,,
13756,13756,25.686643600463867,,,,
13757,13757,25.606914520263672,,,,
13758,13758,25.48329734802246,,,,
13759,13759,,25.340953826904297,,,
13759,13759,25.340953826904297,,,,
13760,13760,25.09874725341797,,,,
13761,13761,24.836776733398438,,,,
13762,13762,24.6602725982666,,,,
13763,13763,24.504491806030273,,,,
13764,13764,24.313587188720703,,,,
13765,13765,24.051162719726562,,,,
13766,13766,23.858646392822266,,,,
13767,13767,23.736080169677734,,,,
13768,13768,23.573400497436523,,,,
13769,13769,,23.41685676574707,,,
13769,13769,23.41685676574707,,,,
13770,13770,23.199865341186523,,,,
13771,13771,23.04459571838379,,,,
13772,13772,22.907821655273438,,,,
13773,13773,22.756685256958008,,,,
13774,13774,22.579050064086914,,,,
13775,13775,22.432701110839844,,,,
13776,13776,22.28900146484375,,,,
13777,13777,22.14697265625,,,,
13778,13778,21.943832397460938,,,,
13779,13779,,21.79264259338379,,,
13779,13779,21.79264259338379,,,,
13780,13780,21.647674560546875,,,,
13781,13781,21.470741271972656,,,,
13782,13782,21.311731338500977,,,,
13783,13783,21.19477081298828,,,,
13784,13784,21.03972053527832,,,,
13785,13785,20.80092430114746,,,,
13786,13786,20.68842315673828,,,,
13787,13787,20.569929122924805,,,,
13788,13788,20.36150360107422,,,,
13789,13789,,20.24009132385254,,,
13789,13789,20.24009132385254,,,,
13790,13790,20.10264778137207,,,,
13791,13791,19.946229934692383,,,,
13792,13792,19.867698669433594,,,,
13793,13793,19.67910385131836,,,,
13794,13794,19.562461853027344,,,,
13795,13795,19.443058013916016,,,,
13796,13796,19.28888511657715,,,,
13797,13797,19.184396743774414,,,,
13798,13798,19.055809020996094,,,,
13799,13799,,18.939964294433594,,,
13799,13799,18.939964294433594,,,,
13800,13800,18.791933059692383,,,,
13801,13801,18.637271881103516,,,,
13802,13802,18.470619201660156,,,,
13803,13803,18.4090576171875,,,,
13804,13804,18.30972671508789,,,,
13805,13805,18.137800216674805,,,,
13806,13806,17.99738121032715,,,,
13807,13807,17.844749450683594,,,,
13808,13808,17.728469848632812,,,,
13809,13809,,17.702381134033203,,,
13809,13809,17.702381134033203,,,,
13810,13810,17.594926834106445,,,,
13811,13811,17.480712890625,,,,
13812,13812,17.349700927734375,,,,
13813,13813,17.212928771972656,,,,
13814,13814,17.153337478637695,,,,
13815,13815,17.017038345336914,,,,
13816,13816,16.848928451538086,,,,
13817,13817,16.733142852783203,,,,
13818,13818,16.624610900878906,,,,
13819,13819,,16.53788185119629,,,
13819,13819,16.53788185119629,,,,
13820,13820,16.437639236450195,,,,
13821,13821,16.28619384765625,,,,
13822,13822,16.207990646362305,,,,
13823,13823,16.105636596679688,,,,
13824,13824,16.020828247070312,,,,
13825,13825,15.94741439819336,,,,
13826,13826,15.872892379760742,,,,
13827,13827,15.776246070861816,,,,
13828,13828,15.652371406555176,,,,
13829,13829,,15.509212493896484,,,
13829,13829,15.509212493896484,,,,
13830,13830,15.472758293151855,,,,
13831,13831,15.352068901062012,,,,
13832,13832,15.275126457214355,,,,
13833,13833,15.18498706817627,,,,
13834,13834,15.072986602783203,,,,
13835,13835,15.022159576416016,,,,
13836,13836,14.916694641113281,,,,
13837,13837,14.783963203430176,,,,
13838,13838,14.701321601867676,,,,
13839,13839,,14.65376091003418,,,
13839,13839,14.65376091003418,,,,
13840,13840,14.590298652648926,,,,
13841,13841,14.478726387023926,,,,
13842,13842,14.423951148986816,,,,
13843,13843,14.360442161560059,,,,
13844,13844,14.344327926635742,,,,
13845,13845,14.241848945617676,,,,
13846,13846,14.17353630065918,,,,
13847,13847,14.122966766357422,,,,
13848,13848,14.101400375366211,,,,
13849,13849,,14.043983459472656,,,
13849,13849,14.043983459472656,,,,
13850,13850,14.018942832946777,,,,
13851,13851,13.948468208312988,,,,
13852,13852,13.879878044128418,,,,
13853,13853,13.770172119140625,,,,
13854,13854,13.698997497558594,,,,
13855,13855,13.666224479675293,,,,
13856,13856,13.611064910888672,,,,
13857,13857,13.554346084594727,,,,
13858,13858,13.554364204406738,,,,
13859,13859,,13.503521919250488,,,
13859,13859,13.503521919250488,,,,
13860,13860,13.464109420776367,,,,
13861,13861,13.396183967590332,,,,
13862,13862,13.34992504119873,,,,
13863,13863,13.288509368896484,,,,
13864,13864,13.261265754699707,,,,
13865,13865,13.276163101196289,,,,
13866,13866,13.198720932006836,,,,
13867,13867,13.134376525878906,,,,
13868,13868,13.110873222351074,,,,
13869,13869,,13.031829833984375,,,
13869,13869,13.031829833984375,,,,
13870,13870,13.018884658813477,,,,
13871,13871,12.912555694580078,,,,
13872,13872,12.87997817993164,,,,
13873,13873,12.86139965057373,,,,
13874,13874,12.822733879089355,,,,
13875,13875,12.802404403686523,,,,
13876,13876,12.670393943786621,,,,
13877,13877,12.638161659240723,,,,
13878,13878,12.709148406982422,,,,
13879,13879,,12.667800903320312,,,
13879,13879,12.667800903320312,,,,
13880,13880,12.64413070678711,,,,
13881,13881,12.598884582519531,,,,
13882,13882,12.542296409606934,,,,
13883,13883,12.572367668151855,,,,
13884,13884,12.545105934143066,,,,
13885,13885,12.510723114013672,,,,
13886,13886,12.427206039428711,,,,
13887,13887,12.409464836120605,,,,
13888,13888,12.351634979248047,,,,
13889,13889,,12.311238288879395,,,
13889,13889,12.311238288879395,,,,
13890,13890,12.322359085083008,,,,
13891,13891,12.301316261291504,,,,
13892,13892,12.285079956054688,,,,
13893,13893,12.21894645690918,,,,
13894,13894,12.21760082244873,,,,
13895,13895,12.09579849243164,,,,
13896,13896,12.08392333984375,,,,
13897,13897,12.101907730102539,,,,
13898,13898,12.051344871520996,,,,
13899,13899,,12.052308082580566,,,
13899,13899,12.052308082580566,,,,
13900,13900,12.033975601196289,,,,
13901,13901,12.006744384765625,,,,
13902,13902,11.929145812988281,,,,
13903,13903,11.954155921936035,,,,
13904,13904,11.892108917236328,,,,
13905,13905,11.924341201782227,,,,
13906,13906,11.927616119384766,,,,
13907,13907,11.897477149963379,,,,
13908,13908,11.94908332824707,,,,
13909,13909,,11.95241928100586,,,
13909,13909,11.95241928100586,,,,
13910,13910,11.940173149108887,,,,
13911,13911,11.820987701416016,,,,
13912,13912,11.784651756286621,,,,
13913,13913,11.787152290344238,,,,
13914,13914,11.762648582458496,,,,
13915,13915,11.745235443115234,,,,
13916,13916,11.737271308898926,,,,
13917,13917,11.694612503051758,,,,
13918,13918,11.617493629455566,,,,
13919,13919,,11.607352256774902,,,
13919,13919,11.607352256774902,,,,
13920,13920,11.590343475341797,,,,
13921,13921,11.5570650100708,,,,
13922,13922,11.489580154418945,,,,
13923,13923,11.452666282653809,,,,
13924,13924,11.468195915222168,,,,
13925,13925,11.502490043640137,,,,
13926,13926,11.478644371032715,,,,
13927,13927,11.409605979919434,,,,
13928,13928,11.39627456665039,,,,
13929,13929,,11.36157512664795,,,
13929,13929,11.36157512664795,,,,
13930,13930,11.33566951751709,,,,
13931,13931,11.292426109313965,,,,
13932,13932,11.345244407653809,,,,
13933,13933,11.2561616897583,,,,
13934,13934,11.281587600708008,,,,
13935,13935,11.206071853637695,,,,
13936,13936,11.198185920715332,,,,
13937,13937,11.160727500915527,,,,
13938,13938,11.076732635498047,,,,
13939,13939,,11.089704513549805,,,
13939,13939,11.089704513549805,,,,
13940,13940,11.063274383544922,,,,
13941,13941,11.000703811645508,,,,
13942,13942,11.046619415283203,,,,
13943,13943,11.017736434936523,,,,
13944,13944,11.01067066192627,,,,
13945,13945,10.952109336853027,,,,
13946,13946,10.861979484558105,,,,
13947,13947,10.85735034942627,,,,
13948,13948,10.869450569152832,,,,
13949,13949,,10.787813186645508,,,
13949,13949,10.787813186645508,,,,
13950,13950,10.713287353515625,,,,
13951,13951,10.659008979797363,,,,
13952,13952,10.652406692504883,,,,
13953,13953,10.613908767700195,,,,
13954,13954,10.593978881835938,,,,
13955,13955,10.455794334411621,,,,
13956,13956,10.37048053741455,,,,
13957,13957,10.28485107421875,,,,
13958,13958,10.200908660888672,,,,
13959,13959,,10.193614959716797,,,
13959,13959,10.193614959716797,,,,
13960,13960,10.155678749084473,,,,
13961,13961,10.105595588684082,,,,
13962,13962,10.083250045776367,,,,
13963,13963,9.940343856811523,,,,
13964,13964,9.912318229675293,,,,
13965,13965,9.812788009643555,,,,
13966,13966,9.68698787689209,,,,
13967,13967,9.628521919250488,,,,
13968,13968,9.510856628417969,,,,
13969,13969,,9.475496292114258,,,
13969,13969,9.475496292114258,,,,
13970,13970,9.386795997619629,,,,
13971,13971,9.2596435546875,,,,
13972,13972,9.245564460754395,,,,
13973,13973,9.129338264465332,,,,
13974,13974,8.985978126525879,,,,
13975,13975,8.900742530822754,,,,
13976,13976,8.917104721069336,,,,
13977,13977,8.865571022033691,,,,
13978,13978,8.817549705505371,,,,
13979,13979,,8.689628601074219,,,
13979,13979,8.689628601074219,,,,
13980,13980,8.637504577636719,,,,
13981,13981,8.626696586608887,,,,
13982,13982,8.43669605255127,,,,
13983,13983,8.377135276794434,,,,
13984,13984,8.399209022521973,,,,
13985,13985,8.261358261108398,,,,
13986,13986,8.079071998596191,,,,
13987,13987,8.051264762878418,,,,
13988,13988,7.942355632781982,,,,
13989,13989,,7.847511291503906,,,
13989,13989,7.847511291503906,,,,
13990,13990,7.830357074737549,,,,
13991,13991,7.8100666999816895,,,,
13992,13992,7.716637134552002,,,,
13993,13993,7.6939921379089355,,,,
13994,13994,7.578585147857666,,,,
13995,13995,7.518057346343994,,,,
13996,13996,7.514523983001709,,,,
13997,13997,7.390468597412109,,,,
13998,13998,7.315333366394043,,,,
13999,13999,,7.271378040313721,,,
13999,13999,,,0.2519252300262451,388.18133544921875,325.62371826171875
13999,13999,7.271378040313721,,,,
14000,14000,7.232170581817627,,,,
14001,14001,7.263911724090576,,,,
14002,14002,7.243730068206787,,,,
14003,14003,7.207981109619141,,,,
14004,14004,7.171722412109375,,,,
14005,14005,7.138699054718018,,,,
14006,14006,7.100985050201416,,,,
14007,14007,7.045401096343994,,,,
14008,14008,7.016733169555664,,,,
14009,14009,,7.0252838134765625,,,
14009,14009,7.0252838134765625,,,,
14010,14010,7.02418851852417,,,,
14011,14011,6.993373870849609,,,,
14012,14012,6.955323696136475,,,,
14013,14013,6.938121795654297,,,,
14014,14014,6.899418830871582,,,,
14015,14015,6.849708080291748,,,,
14016,14016,6.835622787475586,,,,
14017,14017,6.843287944793701,,,,
14018,14018,6.833832740783691,,,,
14019,14019,,6.8098978996276855,,,
14019,14019,6.8098978996276855,,,,
14020,14020,6.806483745574951,,,,
14021,14021,6.7640299797058105,,,,
14022,14022,6.737222671508789,,,,
14023,14023,6.73943567276001,,,,
14024,14024,6.717764377593994,,,,
14025,14025,6.694295406341553,,,,
14026,14026,6.692563056945801,,,,
14027,14027,6.652830600738525,,,,
14028,14028,6.645915508270264,,,,
14029,14029,,6.639125823974609,,,
14029,14029,6.639125823974609,,,,
14030,14030,6.605443000793457,,,,
14031,14031,6.5889058113098145,,,,
14032,14032,6.601133823394775,,,,
14033,14033,6.590996265411377,,,,
14034,14034,6.58404016494751,,,,
14035,14035,6.6033220291137695,,,,
14036,14036,6.596930027008057,,,,
14037,14037,6.58724308013916,,,,
14038,14038,6.577003479003906,,,,
14039,14039,,6.550282001495361,,,
14039,14039,6.550282001495361,,,,
14040,14040,6.536187171936035,,,,
14041,14041,6.539231300354004,,,,
14042,14042,6.511943340301514,,,,
14043,14043,6.553256988525391,,,,
14044,14044,6.494305610656738,,,,
14045,14045,6.553551197052002,,,,
14046,14046,6.496264934539795,,,,
14047,14047,6.540566444396973,,,,
14048,14048,6.487959861755371,,,,
14049,14049,,6.523664951324463,,,
14049,14049,6.523664951324463,,,,
14050,14050,6.4701247215271,,,,
14051,14051,6.477870941162109,,,,
14052,14052,6.451183319091797,,,,
14053,14053,6.438122272491455,,,,
14054,14054,6.472731113433838,,,,
14055,14055,6.46087646484375,,,,
14056,14056,6.487778186798096,,,,
14057,14057,6.45776891708374,,,,
14058,14058,6.498971939086914,,,,
14059,14059,,6.452455520629883,,,
14059,14059,6.452455520629883,,,,
14060,14060,6.428587436676025,,,,
14061,14061,6.419495105743408,,,,
14062,14062,6.416988849639893,,,,
14063,14063,6.394630432128906,,,,
14064,14064,6.405716419219971,,,,
14065,14065,6.467839241027832,,,,
14066,14066,6.528912544250488,,,,
14067,14067,6.56874942779541,,,,
14068,14068,6.852160453796387,,,,
14069,14069,,6.63490104675293,,,
14069,14069,6.63490104675293,,,,
14070,14070,6.623461723327637,,,,
14071,14071,6.433511257171631,,,,
14072,14072,6.373877048492432,,,,
14073,14073,6.432005882263184,,,,
14074,14074,6.541637897491455,,,,
14075,14075,6.802006244659424,,,,
14076,14076,6.635575294494629,,,,
14077,14077,6.921588897705078,,,,
14078,14078,6.569312572479248,,,,
14079,14079,,6.42943811416626,,,
14079,14079,6.42943811416626,,,,
14080,14080,6.346340179443359,,,,
14081,14081,6.388658046722412,,,,
14082,14082,6.598696231842041,,,,
14083,14083,6.631270885467529,,,,
14084,14084,7.000425815582275,,,,
14085,14085,6.652962684631348,,,,
14086,14086,6.758696556091309,,,,
14087,14087,6.370494842529297,,,,
14088,14088,6.335262298583984,,,,
14089,14089,,6.577958583831787,,,
14089,14089,6.577958583831787,,,,
14090,14090,6.586138725280762,,,,
14091,14091,6.825942039489746,,,,
14092,14092,6.517813682556152,,,,
14093,14093,6.542004585266113,,,,
14094,14094,6.373840808868408,,,,
14095,14095,6.308747291564941,,,,
14096,14096,6.263871192932129,,,,
14097,14097,6.263929843902588,,,,
14098,14098,6.267046928405762,,,,
14099,14099,,6.361689567565918,,,
14099,14099,6.361689567565918,,,,
14100,14100,6.599155902862549,,,,
14101,14101,6.8675456047058105,,,,
14102,14102,8.804097175598145,,,,
14103,14103,6.593534469604492,,,,
14104,14104,6.800386905670166,,,,
14105,14105,8.18225383758545,,,,
14106,14106,6.339285373687744,,,,
14107,14107,9.211572647094727,,,,
14108,14108,28.88180923461914,,,,
14109,14109,,7.016329288482666,,,
14109,14109,7.016329288482666,,,,
14110,14110,93.4464340209961,,,,
14111,14111,247.04689025878906,,,,
14112,14112,410.9228820800781,,,,
14113,14113,501.0013427734375,,,,
14114,14114,535.41796875,,,,
14115,14115,527.0675048828125,,,,
14116,14116,487.8122863769531,,,,
14117,14117,428.48486328125,,,,
14118,14118,358.18011474609375,,,,
14119,14119,,284.7845764160156,,,
14119,14119,284.7845764160156,,,,
14120,14120,214.71826171875,,,,
14121,14121,152.77369689941406,,,,
14122,14122,103.10525512695312,,,,
14123,14123,70.51742553710938,,,,
14124,14124,56.259212493896484,,,,
14125,14125,58.28202438354492,,,,
14126,14126,72.2303237915039,,,,
14127,14127,90.55101776123047,,,,
14128,14128,104.2947006225586,,,,
14129,14129,,113.94277954101562,,,
14129,14129,113.94277954101562,,,,
14130,14130,120.47197723388672,,,,
14131,14131,123.31780242919922,,,,
14132,14132,122.88607025146484,,,,
14133,14133,119.45365142822266,,,,
14134,14134,114.07539367675781,,,,
14135,14135,107.6790771484375,,,,
14136,14136,98.73532104492188,,,,
14137,14137,88.18038940429688,,,,
14138,14138,77.6344223022461,,,,
14139,14139,,67.90099334716797,,,
14139,14139,67.90099334716797,,,,
14140,14140,59.720458984375,,,,
14141,14141,54.62484359741211,,,,
14142,14142,52.04800033569336,,,,
14143,14143,51.41197204589844,,,,
14144,14144,51.97167205810547,,,,
14145,14145,53.375667572021484,,,,
14146,14146,55.05684280395508,,,,
14147,14147,56.504600524902344,,,,
14148,14148,57.48634719848633,,,,
14149,14149,,57.74928283691406,,,
14149,14149,57.74928283691406,,,,
14150,14150,57.27519989013672,,,,
14151,14151,56.17137145996094,,,,
14152,14152,54.454368591308594,,,,
14153,14153,52.34969711303711,,,,
14154,14154,50.095855712890625,,,,
14155,14155,47.96377944946289,,,,
14156,14156,46.01111602783203,,,,
14157,14157,44.60996627807617,,,,
14158,14158,43.63780975341797,,,,
14159,14159,,42.659358978271484,,,
14159,14159,42.659358978271484,,,,
14160,14160,41.88288116455078,,,,
14161,14161,41.517757415771484,,,,
14162,14162,41.47216796875,,,,
14163,14163,41.201515197753906,,,,
14164,14164,40.41136932373047,,,,
14165,14165,39.477237701416016,,,,
14166,14166,38.937007904052734,,,,
14167,14167,38.73676681518555,,,,
14168,14168,38.50041961669922,,,,
14169,14169,,38.03212356567383,,,
14169,14169,38.03212356567383,,,,
14170,14170,37.43938446044922,,,,
14171,14171,36.80891418457031,,,,
14172,14172,36.369781494140625,,,,
14173,14173,36.12541580200195,,,,
14174,14174,35.972145080566406,,,,
14175,14175,35.78059387207031,,,,
14176,14176,35.41051483154297,,,,
14177,14177,35.117183685302734,,,,
14178,14178,34.84915542602539,,,,
14179,14179,,34.67856979370117,,,
14179,14179,34.67856979370117,,,,
14180,14180,34.44977569580078,,,,
14181,14181,34.244258880615234,,,,
14182,14182,34.05475616455078,,,,
14183,14183,33.85496139526367,,,,
14184,14184,33.5878791809082,,,,
14185,14185,33.27635955810547,,,,
14186,14186,32.99468231201172,,,,
14187,14187,32.78316116333008,,,,
14188,14188,32.61806869506836,,,,
14189,14189,,32.402862548828125,,,
14189,14189,32.402862548828125,,,,
14190,14190,32.15496826171875,,,,
14191,14191,31.951583862304688,,,,
14192,14192,31.769514083862305,,,,
14193,14193,31.5645809173584,,,,
14194,14194,31.357284545898438,,,,
14195,14195,31.20176124572754,,,,
14196,14196,31.063905715942383,,,,
14197,14197,30.940324783325195,,,,
14198,14198,30.806949615478516,,,,
14199,14199,,30.686847686767578,,,
14199,14199,30.686847686767578,,,,
14200,14200,30.547298431396484,,,,
14201,14201,30.41236686706543,,,,
14202,14202,30.279186248779297,,,,
14203,14203,30.155935287475586,,,,
14204,14204,29.981542587280273,,,,
14205,14205,29.87950325012207,,,,
14206,14206,29.7706356048584,,,,
14207,14207,29.666484832763672,,,,
14208,14208,29.533170700073242,,,,
14209,14209,,29.38277244567871,,,
14209,14209,29.38277244567871,,,,
14210,14210,29.267982482910156,,,,
14211,14211,29.159116744995117,,,,
14212,14212,29.03386878967285,,,,
14213,14213,28.936046600341797,,,,
14214,14214,28.780733108520508,,,,
14215,14215,28.63515853881836,,,,
14216,14216,28.518596649169922,,,,
14217,14217,28.408748626708984,,,,
14218,14218,28.269447326660156,,,,
14219,14219,,28.129953384399414,,,
14219,14219,28.129953384399414,,,,
14220,14220,28.02027130126953,,,,
14221,14221,27.877391815185547,,,,
14222,14222,27.769506454467773,,,,
14223,14223,27.654842376708984,,,,
14224,14224,27.503143310546875,,,,
14225,14225,27.379362106323242,,,,
14226,14226,27.22987174987793,,,,
14227,14227,27.102279663085938,,,,
14228,14228,26.981050491333008,,,,
14229,14229,,26.829622268676758,,,
14229,14229,26.829622268676758,,,,
14230,14230,26.6929931640625,,,,
14231,14231,26.572444915771484,,,,
14232,14232,26.455474853515625,,,,
14233,14233,26.315649032592773,,,,
14234,14234,26.17726707458496,,,,
14235,14235,26.030895233154297,,,,
14236,14236,25.883012771606445,,,,
14237,14237,25.724119186401367,,,,
14238,14238,25.592206954956055,,,,
14239,14239,,25.490604400634766,,,
14239,14239,25.490604400634766,,,,
14240,14240,25.348087310791016,,,,
14241,14241,25.2186336517334,,,,
14242,14242,25.07139778137207,,,,
14243,14243,24.93210792541504,,,,
14244,14244,24.81666374206543,,,,
14245,14245,24.671566009521484,,,,
14246,14246,24.546751022338867,,,,
14247,14247,24.44477081298828,,,,
14248,14248,24.31011390686035,,,,
14249,14249,,24.191789627075195,,,
14249,14249,24.191789627075195,,,,
14250,14250,24.06957244873047,,,,
14251,14251,23.931720733642578,,,,
14252,14252,23.77131462097168,,,,
14253,14253,23.60983657836914,,,,
14254,14254,23.470144271850586,,,,
14255,14255,23.382137298583984,,,,
14256,14256,23.243499755859375,,,,
14257,14257,23.144954681396484,,,,
14258,14258,23.02472496032715,,,,
14259,14259,,22.865371704101562,,,
14259,14259,22.865371704101562,,,,
14260,14260,22.796051025390625,,,,
14261,14261,22.65827751159668,,,,
14262,14262,22.531553268432617,,,,
14263,14263,22.395610809326172,,,,
14264,14264,22.29502296447754,,,,
14265,14265,22.215335845947266,,,,
14266,14266,22.068620681762695,,,,
14267,14267,21.921146392822266,,,,
14268,14268,21.859256744384766,,,,
14269,14269,,21.708189010620117,,,
14269,14269,21.708189010620117,,,,
14270,14270,21.588987350463867,,,,
14271,14271,21.497352600097656,,,,
14272,14272,21.397790908813477,,,,
14273,14273,21.32985496520996,,,,
14274,14274,21.16339111328125,,,,
14275,14275,21.055173873901367,,,,
14276,14276,20.960329055786133,,,,
14277,14277,20.7999324798584,,,,
14278,14278,20.682493209838867,,,,
14279,14279,,20.560544967651367,,,
14279,14279,20.560544967651367,,,,
14280,14280,20.459169387817383,,,,
14281,14281,20.36463737487793,,,,
14282,14282,20.239309310913086,,,,
14283,14283,20.097963333129883,,,,
14284,14284,20.002071380615234,,,,
14285,14285,19.876266479492188,,,,
14286,14286,19.782209396362305,,,,
14287,14287,19.699731826782227,,,,
14288,14288,19.572376251220703,,,,
14289,14289,,19.447465896606445,,,
14289,14289,19.447465896606445,,,,
14290,14290,19.396635055541992,,,,
14291,14291,19.29924201965332,,,,
14292,14292,19.151451110839844,,,,
14293,14293,19.08642578125,,,,
14294,14294,18.990550994873047,,,,
14295,14295,18.919858932495117,,,,
14296,14296,18.826797485351562,,,,
14297,14297,18.81850814819336,,,,
14298,14298,18.72992706298828,,,,
14299,14299,,18.662595748901367,,,
14299,14299,18.662595748901367,,,,
14300,14300,18.571533203125,,,,
14301,14301,18.467432022094727,,,,
14302,14302,18.381521224975586,,,,
14303,14303,18.349166870117188,,,,
14304,14304,18.2752742767334,,,,
14305,14305,18.186054229736328,,,,
14306,14306,18.1323299407959,,,,
14307,14307,18.071969985961914,,,,
14308,14308,17.990100860595703,,,,
14309,14309,,17.907575607299805,,,
14309,14309,17.907575607299805,,,,
14310,14310,17.838062286376953,,,,
14311,14311,17.81849479675293,,,,
14312,14312,17.804141998291016,,,,
14313,14313,17.73044776916504,,,,
14314,14314,17.64438819885254,,,,
14315,14315,17.587900161743164,,,,
14316,14316,17.54021453857422,,,,
14317,14317,17.478683471679688,,,,
14318,14318,17.41716957092285,,,,
14319,14319,,17.329036712646484,,,
14319,14319,17.329036712646484,,,,
14320,14320,17.24942970275879,,,,
14321,14321,17.143661499023438,,,,
14322,14322,17.160568237304688,,,,
14323,14323,17.02342414855957,,,,
14324,14324,16.982439041137695,,,,
14325,14325,16.9445858001709,,,,
14326,14326,16.900203704833984,,,,
14327,14327,16.84333610534668,,,,
14328,14328,16.75355339050293,,,,
14329,14329,,16.715078353881836,,,
14329,14329,16.715078353881836,,,,
14330,14330,16.648637771606445,,,,
14331,14331,16.55274772644043,,,,
14332,14332,16.557580947875977,,,,
14333,14333,16.505273818969727,,,,
14334,14334,16.40876007080078,,,,
14335,14335,16.346389770507812,,,,
14336,14336,16.27647590637207,,,,
14337,14337,16.199920654296875,,,,
14338,14338,16.1861629486084,,,,
14339,14339,,16.125011444091797,,,
14339,14339,16.125011444091797,,,,
14340,14340,16.023887634277344,,,,
14341,14341,15.923569679260254,,,,
14342,14342,15.876676559448242,,,,
14343,14343,15.864087104797363,,,,
14344,14344,15.84080696105957,,,,
14345,14345,15.768632888793945,,,,
14346,14346,15.703557014465332,,,,
14347,14347,15.64598274230957,,,,
14348,14348,15.571454048156738,,,,
14349,14349,,15.538223266601562,,,
14349,14349,15.538223266601562,,,,
14350,14350,15.464479446411133,,,,
14351,14351,15.45238971710205,,,,
14352,14352,15.379132270812988,,,,
14353,14353,15.274127960205078,,,,
14354,14354,15.29694652557373,,,,
14355,14355,15.218635559082031,,,,
14356,14356,15.164189338684082,,,,
14357,14357,15.159631729125977,,,,
14358,14358,15.086925506591797,,,,
14359,14359,,15.053653717041016,,,
14359,14359,15.053653717041016,,,,
14360,14360,15.00852108001709,,,,
14361,14361,14.941232681274414,,,,
14362,14362,14.847283363342285,,,,
14363,14363,14.784686088562012,,,,
14364,14364,14.822486877441406,,,,
14365,14365,14.751763343811035,,,,
14366,14366,14.645655632019043,,,,
14367,14367,14.600227355957031,,,,
14368,14368,14.528487205505371,,,,
14369,14369,,14.447866439819336,,,
14369,14369,14.447866439819336,,,,
14370,14370,14.343428611755371,,,,
14371,14371,14.305824279785156,,,,
14372,14372,14.264009475708008,,,,
14373,14373,14.205297470092773,,,,
14374,14374,14.11267375946045,,,,
14375,14375,14.066115379333496,,,,
14376,14376,14.034061431884766,,,,
14377,14377,13.974872589111328,,,,
14378,14378,13.946057319641113,,,,
14379,14379,,13.926900863647461,,,
14379,14379,13.926900863647461,,,,
14380,14380,13.853245735168457,,,,
14381,14381,13.810914039611816,,,,
14382,14382,13.746456146240234,,,,
14383,14383,13.696921348571777,,,,
14384,14384,13.681185722351074,,,,
14385,14385,13.606515884399414,,,,
14386,14386,13.566583633422852,,,,
14387,14387,13.496414184570312,,,,
14388,14388,13.484474182128906,,,,
14389,14389,,13.394050598144531,,,
14389,14389,13.394050598144531,,,,
14390,14390,13.33518123626709,,,,
14391,14391,13.28725814819336,,,,
14392,14392,13.22362232208252,,,,
14393,14393,13.183476448059082,,,,
14394,14394,13.178507804870605,,,,
14395,14395,13.169936180114746,,,,
14396,14396,13.136815071105957,,,,
14397,14397,13.086221694946289,,,,
14398,14398,13.026601791381836,,,,
14399,14399,,12.98071575164795,,,
14399,14399,12.98071575164795,,,,
14400,14400,12.929208755493164,,,,
14401,14401,12.86328125,,,,
14402,14402,12.862597465515137,,,,
14403,14403,12.837224006652832,,,,
14404,14404,12.782158851623535,,,,
14405,14405,12.795548439025879,,,,
14406,14406,12.727901458740234,,,,
14407,14407,12.653923988342285,,,,
14408,14408,12.637269020080566,,,,
14409,14409,,12.600804328918457,,,
14409,14409,12.600804328918457,,,,
14410,14410,12.535279273986816,,,,
14411,14411,12.52407169342041,,,,
14412,14412,12.570860862731934,,,,
14413,14413,12.568845748901367,,,,
14414,14414,12.506925582885742,,,,
14415,14415,12.490561485290527,,,,
14416,14416,12.42873477935791,,,,
14417,14417,12.379613876342773,,,,
14418,14418,12.356632232666016,,,,
14419,14419,,12.338501930236816,,,
14419,14419,12.338501930236816,,,,
14420,14420,12.307266235351562,,,,
14421,14421,12.314637184143066,,,,
14422,14422,12.261831283569336,,,,
14423,14423,12.204676628112793,,,,
14424,14424,12.124009132385254,,,,
14425,14425,12.040398597717285,,,,
14426,14426,12.05646800994873,,,,
14427,14427,12.019777297973633,,,,
14428,14428,11.996903419494629,,,,
14429,14429,,11.906240463256836,,,
14429,14429,11.906240463256836,,,,
14430,14430,11.869598388671875,,,,
14431,14431,11.957406044006348,,,,
14432,14432,11.928369522094727,,,,
14433,14433,11.872708320617676,,,,
14434,14434,11.778863906860352,,,,
14435,14435,11.725444793701172,,,,
14436,14436,11.687810897827148,,,,
14437,14437,11.675874710083008,,,,
14438,14438,11.633852005004883,,,,
14439,14439,,11.622743606567383,,,
14439,14439,11.622743606567383,,,,
14440,14440,11.600696563720703,,,,
14441,14441,11.544416427612305,,,,
14442,14442,11.469390869140625,,,,
14443,14443,11.42635726928711,,,,
14444,14444,11.39664077758789,,,,
14445,14445,11.370245933532715,,,,
14446,14446,11.33547592163086,,,,
14447,14447,11.32124137878418,,,,
14448,14448,11.280266761779785,,,,
14449,14449,,11.259614944458008,,,
14449,14449,11.259614944458008,,,,
14450,14450,11.290190696716309,,,,
14451,14451,11.316863059997559,,,,
14452,14452,11.194793701171875,,,,
14453,14453,11.161764144897461,,,,
14454,14454,11.133635520935059,,,,
14455,14455,11.101737976074219,,,,
14456,14456,11.043245315551758,,,,
14457,14457,10.997594833374023,,,,
14458,14458,10.939209938049316,,,,
14459,14459,,10.913655281066895,,,
14459,14459,10.913655281066895,,,,
14460,14460,10.913418769836426,,,,
14461,14461,10.871923446655273,,,,
14462,14462,10.877951622009277,,,,
14463,14463,10.792754173278809,,,,
14464,14464,10.76864242553711,,,,
14465,14465,10.736522674560547,,,,
14466,14466,10.733920097351074,,,,
14467,14467,10.76680850982666,,,,
14468,14468,10.72903823852539,,,,
14469,14469,,10.705265045166016,,,
14469,14469,10.705265045166016,,,,
14470,14470,10.607792854309082,,,,
14471,14471,10.535107612609863,,,,
14472,14472,10.496926307678223,,,,
14473,14473,10.41170597076416,,,,
14474,14474,10.361536979675293,,,,
14475,14475,10.30058479309082,,,,
14476,14476,10.26237678527832,,,,
14477,14477,10.21670150756836,,,,
14478,14478,10.188729286193848,,,,
14479,14479,,10.234816551208496,,,
14479,14479,10.234816551208496,,,,
14480,14480,10.27556324005127,,,,
14481,14481,10.240974426269531,,,,
14482,14482,10.16086196899414,,,,
14483,14483,10.167306900024414,,,,
14484,14484,10.084153175354004,,,,
14485,14485,10.051027297973633,,,,
14486,14486,10.045791625976562,,,,
14487,14487,10.058934211730957,,,,
14488,14488,9.92902660369873,,,,
14489,14489,,9.888049125671387,,,
14489,14489,9.888049125671387,,,,
14490,14490,9.894560813903809,,,,
14491,14491,9.780293464660645,,,,
14492,14492,9.690835952758789,,,,
14493,14493,9.66305923461914,,,,
14494,14494,9.597588539123535,,,,
14495,14495,9.601432800292969,,,,
14496,14496,9.496209144592285,,,,
14497,14497,9.425819396972656,,,,
14498,14498,9.3549222946167,,,,
14499,14499,,9.216375350952148,,,
14499,14499,,,0.25357306003570557,393.276123046875,325.62371826171875
14499,14499,9.216375350952148,,,,
14500,14500,9.190258026123047,,,,
14501,14501,9.180428504943848,,,,
14502,14502,9.176124572753906,,,,
14503,14503,9.102801322937012,,,,
14504,14504,9.119563102722168,,,,
14505,14505,9.129417419433594,,,,
14506,14506,9.101250648498535,,,,
14507,14507,9.007497787475586,,,,
14508,14508,8.966137886047363,,,,
14509,14509,,8.906596183776855,,,
14509,14509,8.906596183776855,,,,
14510,14510,8.886581420898438,,,,
14511,14511,8.897354125976562,,,,
14512,14512,8.855081558227539,,,,
14513,14513,8.845114707946777,,,,
14514,14514,8.8519926071167,,,,
14515,14515,8.808045387268066,,,,
14516,14516,8.757405281066895,,,,
14517,14517,8.707097053527832,,,,
14518,14518,8.64040470123291,,,,
14519,14519,,8.624241828918457,,,
14519,14519,8.624241828918457,,,,
14520,14520,8.587778091430664,,,,
14521,14521,8.621389389038086,,,,
14522,14522,8.605914115905762,,,,
14523,14523,8.585068702697754,,,,
14524,14524,8.530719757080078,,,,
14525,14525,8.543416023254395,,,,
14526,14526,8.555168151855469,,,,
14527,14527,8.48859691619873,,,,
14528,14528,8.49339485168457,,,,
14529,14529,,8.444293975830078,,,
14529,14529,8.444293975830078,,,,
14530,14530,8.344070434570312,,,,
14531,14531,8.319457054138184,,,,
14532,14532,8.318721771240234,,,,
14533,14533,8.270641326904297,,,,
14534,14534,8.256158828735352,,,,
14535,14535,8.319365501403809,,,,
14536,14536,8.246517181396484,,,,
14537,14537,8.22449016571045,,,,
14538,14538,8.19083023071289,,,,
14539,14539,,8.183165550231934,,,
14539,14539,8.183165550231934,,,,
14540,14540,8.157323837280273,,,,
14541,14541,8.101398468017578,,,,
14542,14542,8.049321174621582,,,,
14543,14543,8.010810852050781,,,,
14544,14544,7.983691692352295,,,,
14545,14545,7.9450154304504395,,,,
14546,14546,7.958375930786133,,,,
14547,14547,7.902896404266357,,,,
14548,14548,7.827446460723877,,,,
14549,14549,,7.690006732940674,,,
14549,14549,7.690006732940674,,,,
14550,14550,7.679459571838379,,,,
14551,14551,7.664125919342041,,,,
14552,14552,7.64025354385376,,,,
14553,14553,7.6160569190979,,,,
14554,14554,7.632693290710449,,,,
14555,14555,7.603787422180176,,,,
14556,14556,7.523907661437988,,,,
14557,14557,7.498942852020264,,,,
14558,14558,7.559201717376709,,,,
14559,14559,,7.54994535446167,,,
14559,14559,7.54994535446167,,,,
14560,14560,7.5022807121276855,,,,
14561,14561,7.470184803009033,,,,
14562,14562,7.431951999664307,,,,
14563,14563,7.4005208015441895,,,,
14564,14564,7.365084648132324,,,,
14565,14565,7.338570594787598,,,,
14566,14566,7.333541393280029,,,,
14567,14567,7.322698593139648,,,,
14568,14568,7.315369606018066,,,,
14569,14569,,7.283452033996582,,,
14569,14569,7.283452033996582,,,,
14570,14570,7.225166320800781,,,,
14571,14571,7.22582483291626,,,,
14572,14572,7.165274620056152,,,,
14573,14573,7.179699420928955,,,,
14574,14574,7.110570907592773,,,,
14575,14575,7.118276596069336,,,,
14576,14576,7.09209680557251,,,,
14577,14577,7.0701422691345215,,,,
14578,14578,7.057526111602783,,,,
14579,14579,,7.024206638336182,,,
14579,14579,7.024206638336182,,,,
14580,14580,7.022045135498047,,,,
14581,14581,6.9869842529296875,,,,
14582,14582,6.973572254180908,,,,
14583,14583,6.9319167137146,,,,
14584,14584,6.917999744415283,,,,
14585,14585,6.922860145568848,,,,
14586,14586,6.894959926605225,,,,
14587,14587,6.879368782043457,,,,
14588,14588,6.878652572631836,,,,
14589,14589,,6.8696794509887695,,,
14589,14589,6.8696794509887695,,,,
14590,14590,6.823575496673584,,,,
14591,14591,6.82533597946167,,,,
14592,14592,6.806806564331055,,,,
14593,14593,6.813492774963379,,,,
14594,14594,6.80562162399292,,,,
14595,14595,6.823337554931641,,,,
14596,14596,6.763907432556152,,,,
14597,14597,6.78508186340332,,,,
14598,14598,6.756441116333008,,,,
14599,14599,,6.707839012145996,,,
14599,14599,6.707839012145996,,,,
14600,14600,6.727218151092529,,,,
14601,14601,6.702181816101074,,,,
14602,14602,6.687150955200195,,,,
14603,14603,6.683038711547852,,,,
14604,14604,6.647175312042236,,,,
14605,14605,6.641561985015869,,,,
14606,14606,6.634255409240723,,,,
14607,14607,6.630780220031738,,,,
14608,14608,6.624508857727051,,,,
14609,14609,,6.608595848083496,,,
14609,14609,6.608595848083496,,,,
14610,14610,6.606229782104492,,,,
14611,14611,6.5827956199646,,,,
14612,14612,6.594813346862793,,,,
14613,14613,6.572282791137695,,,,
14614,14614,6.562048435211182,,,,
14615,14615,6.569568634033203,,,,
14616,14616,6.54331111907959,,,,
14617,14617,6.537647724151611,,,,
14618,14618,6.533829689025879,,,,
14619,14619,,6.531004428863525,,,
14619,14619,6.531004428863525,,,,
14620,14620,6.512129306793213,,,,
14621,14621,6.499352931976318,,,,
14622,14622,6.488961219787598,,,,
14623,14623,6.487086296081543,,,,
14624,14624,6.470174312591553,,,,
14625,14625,6.467341423034668,,,,
14626,14626,6.45349645614624,,,,
14627,14627,6.466003894805908,,,,
14628,14628,6.458792209625244,,,,
14629,14629,,6.45164155960083,,,
14629,14629,6.45164155960083,,,,
14630,14630,6.453026294708252,,,,
14631,14631,6.461939811706543,,,,
14632,14632,6.450102806091309,,,,
14633,14633,6.419920921325684,,,,
14634,14634,6.449077129364014,,,,
14635,14635,6.40593147277832,,,,
14636,14636,6.405966281890869,,,,
14637,14637,6.432807445526123,,,,
14638,14638,6.39761209487915,,,,
14639,14639,,6.407013416290283,,,
14639,14639,6.407013416290283,,,,
14640,14640,6.414038181304932,,,,
14641,14641,6.396614074707031,,,,
14642,14642,6.375613689422607,,,,
14643,14643,6.386876106262207,,,,
14644,14644,6.365200042724609,,,,
14645,14645,6.3612470626831055,,,,
14646,14646,6.360191822052002,,,,
14647,14647,6.366725444793701,,,,
14648,14648,6.368500232696533,,,,
14649,14649,,6.359541893005371,,,
14649,14649,6.359541893005371,,,,
14650,14650,6.352319717407227,,,,
14651,14651,6.339942932128906,,,,
14652,14652,6.347182273864746,,,,
14653,14653,6.355566501617432,,,,
14654,14654,6.350804805755615,,,,
14655,14655,6.343810081481934,,,,
14656,14656,6.335154056549072,,,,
14657,14657,6.314459323883057,,,,
14658,14658,6.322110176086426,,,,
14659,14659,,6.319842338562012,,,
14659,14659,6.319842338562012,,,,
14660,14660,6.327638149261475,,,,
14661,14661,6.321201801300049,,,,
14662,14662,6.308955669403076,,,,
14663,14663,6.2917256355285645,,,,
14664,14664,6.277577877044678,,,,
14665,14665,6.2917304039001465,,,,
14666,14666,6.277246475219727,,,,
14667,14667,6.277461051940918,,,,
14668,14668,6.262601375579834,,,,
14669,14669,,6.270699977874756,,,
14669,14669,6.270699977874756,,,,
14670,14670,6.2540202140808105,,,,
14671,14671,6.261242866516113,,,,
14672,14672,6.237097263336182,,,,
14673,14673,6.239323139190674,,,,
14674,14674,6.23858118057251,,,,
14675,14675,6.238171100616455,,,,
14676,14676,6.239542484283447,,,,
14677,14677,6.208077430725098,,,,
14678,14678,6.22518253326416,,,,
14679,14679,,6.222775459289551,,,
14679,14679,6.222775459289551,,,,
14680,14680,6.218076229095459,,,,
14681,14681,6.209489822387695,,,,
14682,14682,6.213392734527588,,,,
14683,14683,6.191616058349609,,,,
14684,14684,6.203089714050293,,,,
14685,14685,6.18038272857666,,,,
14686,14686,6.189911365509033,,,,
14687,14687,6.169841289520264,,,,
14688,14688,6.176159381866455,,,,
14689,14689,,6.174757480621338,,,
14689,14689,6.174757480621338,,,,
14690,14690,6.182640552520752,,,,
14691,14691,6.172141075134277,,,,
14692,14692,6.168102741241455,,,,
14693,14693,6.180418014526367,,,,
14694,14694,6.170576572418213,,,,
14695,14695,6.159282684326172,,,,
14696,14696,6.148554801940918,,,,
14697,14697,6.15999698638916,,,,
14698,14698,6.167430877685547,,,,
14699,14699,,6.3007402420043945,,,
14699,14699,6.3007402420043945,,,,
14700,14700,6.297572612762451,,,,
14701,14701,6.721129417419434,,,,
14702,14702,6.48691987991333,,,,
14703,14703,6.809510231018066,,,,
14704,14704,6.218583106994629,,,,
14705,14705,6.14491081237793,,,,
14706,14706,6.376098155975342,,,,
14707,14707,6.396979331970215,,,,
14708,14708,7.061725616455078,,,,
14709,14709,,6.392416477203369,,,
14709,14709,6.392416477203369,,,,
14710,14710,6.385644435882568,,,,
14711,14711,6.123518943786621,,,,
14712,14712,6.099802494049072,,,,
14713,14713,6.127305030822754,,,,
14714,14714,6.151250839233398,,,,
14715,14715,6.428596496582031,,,,
14716,14716,6.44645881652832,,,,
14717,14717,7.217686176300049,,,,
14718,14718,6.2857184410095215,,,,
14719,14719,,6.138011455535889,,,
14719,14719,6.138011455535889,,,,
14720,14720,6.219368934631348,,,,
14721,14721,6.247213363647461,,,,
14722,14722,6.592726707458496,,,,
14723,14723,6.322777271270752,,,,
14724,14724,6.62557315826416,,,,
14725,14725,6.339427471160889,,,,
14726,14726,6.6307220458984375,,,,
14727,14727,6.235773086547852,,,,
14728,14728,6.172441005706787,,,,
14729,14729,,6.090645790100098,,,
14729,14729,6.090645790100098,,,,
14730,14730,6.0565266609191895,,,,
14731,14731,6.215696334838867,,,,
14732,14732,6.240964412689209,,,,
14733,14733,6.916333198547363,,,,
14734,14734,6.310641765594482,,,,
14735,14735,6.359959602355957,,,,
14736,14736,6.1034321784973145,,,,
14737,14737,6.127230167388916,,,,
14738,14738,6.085171699523926,,,,
14739,14739,,6.032463073730469,,,
14739,14739,6.032463073730469,,,,
14740,14740,6.062811851501465,,,,
14741,14741,6.092514991760254,,,,
14742,14742,6.2252092361450195,,,,
14743,14743,6.377934455871582,,,,
14744,14744,7.708812713623047,,,,
14745,14745,6.159011363983154,,,,
14746,14746,6.406543731689453,,,,
14747,14747,7.556527137756348,,,,
14748,14748,6.118259429931641,,,,
14749,14749,,9.19804859161377,,,
14749,14749,9.19804859161377,,,,
14750,14750,27.256397247314453,,,,
14751,14751,9.064790725708008,,,,
14752,14752,70.54530334472656,,,,
14753,14753,199.92144775390625,,,,
14754,14754,332.10064697265625,,,,
14755,14755,405.9866943359375,,,,
14756,14756,434.7001953125,,,,
14757,14757,428.2781982421875,,,,
14758,14758,395.4466247558594,,,,
14759,14759,,345.18988037109375,,,
14759,14759,345.18988037109375,,,,
14760,14760,285.1916809082031,,,,
14761,14761,223.07699584960938,,,,
14762,14762,164.0376434326172,,,,
14763,14763,112.3839340209961,,,,
14764,14764,72.70482635498047,,,,
14765,14765,49.72166442871094,,,,
14766,14766,45.0222053527832,,,,
14767,14767,57.8792724609375,,,,
14768,14768,76.09221649169922,,,,
14769,14769,,88.24729919433594,,,
14769,14769,88.24729919433594,,,,
14770,14770,99.67909240722656,,,,
14771,14771,106.80287170410156,,,,
14772,14772,108.45697021484375,,,,
14773,14773,105.81429290771484,,,,
14774,14774,100.42597198486328,,,,
14775,14775,94.74615478515625,,,,
14776,14776,87.2335205078125,,,,
14777,14777,78.35659790039062,,,,
14778,14778,67.85811614990234,,,,
14779,14779,,58.72509002685547,,,
14779,14779,58.72509002685547,,,,
14780,14780,51.540836334228516,,,,
14781,14781,47.14543151855469,,,,
14782,14782,45.42271041870117,,,,
14783,14783,45.81560516357422,,,,
14784,14784,47.5047492980957,,,,
14785,14785,49.88315200805664,,,,
14786,14786,51.789764404296875,,,,
14787,14787,52.985389709472656,,,,
14788,14788,53.56850814819336,,,,
14789,14789,,53.33833312988281,,,
14789,14789,53.33833312988281,,,,
14790,14790,52.34740447998047,,,,
14791,14791,50.82613754272461,,,,
14792,14792,48.865474700927734,,,,
14793,14793,46.7204475402832,,,,
14794,14794,44.529842376708984,,,,
14795,14795,42.65803146362305,,,,
14796,14796,41.40311050415039,,,,
14797,14797,40.054874420166016,,,,
14798,14798,38.94606018066406,,,,
14799,14799,,38.54872131347656,,,
14799,14799,38.54872131347656,,,,
14800,14800,38.73236083984375,,,,
14801,14801,38.88623046875,,,,
14802,14802,38.630828857421875,,,,
14803,14803,38.1829833984375,,,,
14804,14804,37.56572723388672,,,,
14805,14805,36.697444915771484,,,,
14806,14806,35.70947265625,,,,
14807,14807,35.04879379272461,,,,
14808,14808,34.84470748901367,,,,
14809,14809,,34.59640121459961,,,
14809,14809,34.59640121459961,,,,
14810,14810,34.15689468383789,,,,
14811,14811,33.57373046875,,,,
14812,14812,33.04254913330078,,,,
14813,14813,32.62438201904297,,,,
14814,14814,32.2834587097168,,,,
14815,14815,32.06858825683594,,,,
14816,14816,31.88620376586914,,,,
14817,14817,31.67691993713379,,,,
14818,14818,31.35171890258789,,,,
14819,14819,,30.988380432128906,,,
14819,14819,30.988380432128906,,,,
14820,14820,30.648000717163086,,,,
14821,14821,30.358909606933594,,,,
14822,14822,30.17160987854004,,,,
14823,14823,29.928926467895508,,,,
14824,14824,29.662405014038086,,,,
14825,14825,29.337331771850586,,,,
14826,14826,29.066911697387695,,,,
14827,14827,28.89626693725586,,,,
14828,14828,28.788156509399414,,,,
14829,14829,,28.59292984008789,,,
14829,14829,28.59292984008789,,,,
14830,14830,28.300546646118164,,,,
14831,14831,28.103374481201172,,,,
14832,14832,27.952594757080078,,,,
14833,14833,27.80246353149414,,,,
14834,14834,27.539121627807617,,,,
14835,14835,27.314638137817383,,,,
14836,14836,27.14530372619629,,,,
14837,14837,27.071226119995117,,,,
14838,14838,26.91387939453125,,,,
14839,14839,,26.704517364501953,,,
14839,14839,26.704517364501953,,,,
14840,14840,26.582700729370117,,,,
14841,14841,26.449113845825195,,,,
14842,14842,26.330360412597656,,,,
14843,14843,26.173015594482422,,,,
14844,14844,26.086082458496094,,,,
14845,14845,25.925411224365234,,,,
14846,14846,25.758277893066406,,,,
14847,14847,25.64411163330078,,,,
14848,14848,25.51592254638672,,,,
14849,14849,,25.397724151611328,,,
14849,14849,25.397724151611328,,,,
14850,14850,25.206825256347656,,,,
14851,14851,25.092491149902344,,,,
14852,14852,25.009550094604492,,,,
14853,14853,24.900836944580078,,,,
14854,14854,24.741056442260742,,,,
14855,14855,24.602519989013672,,,,
14856,14856,24.468589782714844,,,,
14857,14857,24.354089736938477,,,,
14858,14858,24.192678451538086,,,,
14859,14859,,24.03015899658203,,,
14859,14859,24.03015899658203,,,,
14860,14860,23.938220977783203,,,,
14861,14861,23.783184051513672,,,,
14862,14862,23.674806594848633,,,,
14863,14863,23.56574058532715,,,,
14864,14864,23.38795280456543,,,,
14865,14865,23.222139358520508,,,,
14866,14866,23.101154327392578,,,,
14867,14867,23.007537841796875,,,,
14868,14868,22.92638397216797,,,,
14869,14869,,22.775665283203125,,,
14869,14869,22.775665283203125,,,,
14870,14870,22.693580627441406,,,,
14871,14871,22.569677352905273,,,,
14872,14872,22.489402770996094,,,,
14873,14873,22.35775375366211,,,,
14874,14874,22.26995849609375,,,,
14875,14875,22.164043426513672,,,,
14876,14876,22.033946990966797,,,,
14877,14877,21.91630744934082,,,,
14878,14878,21.840417861938477,,,,
14879,14879,,21.70876121520996,,,
14879,14879,21.70876121520996,,,,
14880,14880,21.621488571166992,,,,
14881,14881,21.531469345092773,,,,
14882,14882,21.393741607666016,,,,
14883,14883,21.241235733032227,,,,
14884,14884,21.161314010620117,,,,
14885,14885,21.018369674682617,,,,
14886,14886,20.890174865722656,,,,
14887,14887,20.789627075195312,,,,
14888,14888,20.698291778564453,,,,
14889,14889,,20.586029052734375,,,
14889,14889,20.586029052734375,,,,
14890,14890,20.47614097595215,,,,
14891,14891,20.321191787719727,,,,
14892,14892,20.23964500427246,,,,
14893,14893,20.135013580322266,,,,
14894,14894,19.9854736328125,,,,
14895,14895,19.85102653503418,,,,
14896,14896,19.693344116210938,,,,
14897,14897,19.569419860839844,,,,
14898,14898,19.487749099731445,,,,
14899,14899,,19.333999633789062,,,
14899,14899,19.333999633789062,,,,
14900,14900,19.209854125976562,,,,
14901,14901,19.07649803161621,,,,
14902,14902,18.958885192871094,,,,
14903,14903,18.814090728759766,,,,
14904,14904,18.701623916625977,,,,
14905,14905,18.598522186279297,,,,
14906,14906,18.502641677856445,,,,
14907,14907,18.38442039489746,,,,
14908,14908,18.319534301757812,,,,
14909,14909,,18.263147354125977,,,
14909,14909,18.263147354125977,,,,
14910,14910,18.158260345458984,,,,
14911,14911,18.152971267700195,,,,
14912,14912,18.090208053588867,,,,
14913,14913,18.077516555786133,,,,
14914,14914,17.991636276245117,,,,
14915,14915,17.905179977416992,,,,
14916,14916,17.802810668945312,,,,
14917,14917,17.71482276916504,,,,
14918,14918,17.598430633544922,,,,
14919,14919,,17.502180099487305,,,
14919,14919,17.502180099487305,,,,
14920,14920,17.40784454345703,,,,
14921,14921,17.323505401611328,,,,
14922,14922,17.24528694152832,,,,
14923,14923,17.198083877563477,,,,
14924,14924,17.236841201782227,,,,
14925,14925,17.14551544189453,,,,
14926,14926,17.044557571411133,,,,
14927,14927,16.933353424072266,,,,
14928,14928,16.789447784423828,,,,
14929,14929,,16.72234344482422,,,
14929,14929,16.72234344482422,,,,
14930,14930,16.629987716674805,,,,
14931,14931,16.576000213623047,,,,
14932,14932,16.479190826416016,,,,
14933,14933,16.423677444458008,,,,
14934,14934,16.39615821838379,,,,
14935,14935,16.328067779541016,,,,
14936,14936,16.294300079345703,,,,
14937,14937,16.22006607055664,,,,
14938,14938,16.197235107421875,,,,
14939,14939,,16.11041831970215,,,
14939,14939,16.11041831970215,,,,
14940,14940,16.044614791870117,,,,
14941,14941,16.00593376159668,,,,
14942,14942,15.896774291992188,,,,
14943,14943,15.807382583618164,,,,
14944,14944,15.819902420043945,,,,
14945,14945,15.72870922088623,,,,
14946,14946,15.713961601257324,,,,
14947,14947,15.64572525024414,,,,
14948,14948,15.657256126403809,,,,
14949,14949,,15.512423515319824,,,
14949,14949,15.512423515319824,,,,
14950,14950,15.453020095825195,,,,
14951,14951,15.342395782470703,,,,
14952,14952,15.286703109741211,,,,
14953,14953,15.22513198852539,,,,
14954,14954,15.169973373413086,,,,
14955,14955,15.187274932861328,,,,
14956,14956,15.090660095214844,,,,
14957,14957,15.047012329101562,,,,
14958,14958,14.952796936035156,,,,
14959,14959,,14.887897491455078,,,
14959,14959,14.887897491455078,,,,
14960,14960,14.86236572265625,,,,
14961,14961,14.834360122680664,,,,
14962,14962,14.760912895202637,,,,
14963,14963,14.723252296447754,,,,
14964,14964,14.633761405944824,,,,
14965,14965,14.562943458557129,,,,
14966,14966,14.51616382598877,,,,
14967,14967,14.473480224609375,,,,
14968,14968,14.448627471923828,,,,
14969,14969,,14.398964881896973,,,
14969,14969,14.398964881896973,,,,
14970,14970,14.385405540466309,,,,
14971,14971,14.38617992401123,,,,
14972,14972,14.304555892944336,,,,
14973,14973,14.260452270507812,,,,
14974,14974,14.202561378479004,,,,
14975,14975,14.16576099395752,,,,
14976,14976,14.127974510192871,,,,
14977,14977,14.050890922546387,,,,
14978,14978,13.979565620422363,,,,
14979,14979,,13.9100341796875,,,
14979,14979,13.9100341796875,,,,
14980,14980,13.884927749633789,,,,
14981,14981,13.844245910644531,,,,
14982,14982,13.847460746765137,,,,
14983,14983,13.835091590881348,,,,
14984,14984,13.789413452148438,,,,
14985,14985,13.728903770446777,,,,
14986,14986,13.712611198425293,,,,
14987,14987,13.645270347595215,,,,
14988,14988,13.59969711303711,,,,
14989,14989,,13.557490348815918,,,
14989,14989,13.557490348815918,,,,
14990,14990,13.537432670593262,,,,
14991,14991,13.508729934692383,,,,
14992,14992,13.424687385559082,,,,
14993,14993,13.410974502563477,,,,
14994,14994,13.335015296936035,,,,
14995,14995,13.29936695098877,,,,
14996,14996,13.270033836364746,,,,
14997,14997,13.175369262695312,,,,
14998,14998,13.153464317321777,,,,
14999,14999,,13.14847183227539,,,
14999,14999,,,0.2458338588476181,369.63641357421875,325.62371826171875
14999,14999,13.14847183227539,,,,
15000,15000,13.074877738952637,,,,
15001,15001,13.074311256408691,,,,
15002,15002,13.015568733215332,,,,
15003,15003,12.934796333312988,,,,
15004,15004,12.896878242492676,,,,
15005,15005,12.868809700012207,,,,
15006,15006,12.858570098876953,,,,
15007,15007,12.847857475280762,,,,
15008,15008,12.786515235900879,,,,
15009,15009,,12.752038955688477,,,
15009,15009,12.752038955688477,,,,
15010,15010,12.709492683410645,,,,
15011,15011,12.686354637145996,,,,
15012,15012,12.613572120666504,,,,
15013,15013,12.604771614074707,,,,
15014,15014,12.583210945129395,,,,
15015,15015,12.604360580444336,,,,
15016,15016,12.505186080932617,,,,
15017,15017,12.498639106750488,,,,
15018,15018,12.464493751525879,,,,
15019,15019,,12.433859825134277,,,
15019,15019,12.433859825134277,,,,
15020,15020,12.443235397338867,,,,
15021,15021,12.44771957397461,,,,
15022,15022,12.338506698608398,,,,
15023,15023,12.306230545043945,,,,
15024,15024,12.355057716369629,,,,
15025,15025,12.271286010742188,,,,
15026,15026,12.227917671203613,,,,
15027,15027,12.138338088989258,,,,
15028,15028,12.071310997009277,,,,
15029,15029,,12.009255409240723,,,
15029,15029,12.009255409240723,,,,
15030,15030,11.938908576965332,,,,
15031,15031,12.00357437133789,,,,
15032,15032,11.927095413208008,,,,
15033,15033,11.924301147460938,,,,
15034,15034,11.930261611938477,,,,
15035,15035,11.910630226135254,,,,
15036,15036,11.81934928894043,,,,
15037,15037,11.742630958557129,,,,
15038,15038,11.723299980163574,,,,
15039,15039,,11.70135498046875,,,
15039,15039,11.70135498046875,,,,
15040,15040,11.697622299194336,,,,
15041,15041,11.634218215942383,,,,
15042,15042,11.595170021057129,,,,
15043,15043,11.529397964477539,,,,
15044,15044,11.47903823852539,,,,
15045,15045,11.446538925170898,,,,
15046,15046,11.40900707244873,,,,
15047,15047,11.327564239501953,,,,
15048,15048,11.296773910522461,,,,
15049,15049,,11.216634750366211,,,
15049,15049,11.216634750366211,,,,
15050,15050,11.170675277709961,,,,
15051,15051,11.109209060668945,,,,
15052,15052,11.030828475952148,,,,
15053,15053,10.991558074951172,,,,
15054,15054,11.006945610046387,,,,
15055,15055,11.006721496582031,,,,
15056,15056,10.971426963806152,,,,
15057,15057,10.933186531066895,,,,
15058,15058,10.875263214111328,,,,
15059,15059,,10.848255157470703,,,
15059,15059,10.848255157470703,,,,
15060,15060,10.837977409362793,,,,
15061,15061,10.839825630187988,,,,
15062,15062,10.755082130432129,,,,
15063,15063,10.767631530761719,,,,
15064,15064,10.690836906433105,,,,
15065,15065,10.585321426391602,,,,
15066,15066,10.594405174255371,,,,
15067,15067,10.532838821411133,,,,
15068,15068,10.431808471679688,,,,
15069,15069,,10.408695220947266,,,
15069,15069,10.408695220947266,,,,
15070,15070,10.317374229431152,,,,
15071,15071,10.24814510345459,,,,
15072,15072,10.263580322265625,,,,
15073,15073,10.199804306030273,,,,
15074,15074,10.076736450195312,,,,
15075,15075,9.934783935546875,,,,
15076,15076,9.933442115783691,,,,
15077,15077,9.877718925476074,,,,
15078,15078,9.871325492858887,,,,
15079,15079,,9.725449562072754,,,
15079,15079,9.725449562072754,,,,
15080,15080,9.689886093139648,,,,
15081,15081,9.629677772521973,,,,
15082,15082,9.604973793029785,,,,
15083,15083,9.561044692993164,,,,
15084,15084,9.486249923706055,,,,
15085,15085,9.452356338500977,,,,
15086,15086,9.27984619140625,,,,
15087,15087,9.22813892364502,,,,
15088,15088,9.146159172058105,,,,
15089,15089,,9.104808807373047,,,
15089,15089,9.104808807373047,,,,
15090,15090,8.97424030303955,,,,
15091,15091,8.915315628051758,,,,
15092,15092,8.871967315673828,,,,
15093,15093,8.850377082824707,,,,
15094,15094,8.829082489013672,,,,
15095,15095,8.748797416687012,,,,
15096,15096,8.641219139099121,,,,
15097,15097,8.61356258392334,,,,
15098,15098,8.706084251403809,,,,
15099,15099,,8.605128288269043,,,
15099,15099,8.605128288269043,,,,
15100,15100,8.509733200073242,,,,
15101,15101,8.46842098236084,,,,
15102,15102,8.4007568359375,,,,
15103,15103,8.373680114746094,,,,
15104,15104,8.343384742736816,,,,
15105,15105,8.257372856140137,,,,
15106,15106,8.240249633789062,,,,
15107,15107,8.246255874633789,,,,
15108,15108,8.2162446975708,,,,
15109,15109,,8.168723106384277,,,
15109,15109,8.168723106384277,,,,
15110,15110,8.151992797851562,,,,
15111,15111,8.066893577575684,,,,
15112,15112,8.025297164916992,,,,
15113,15113,7.912158966064453,,,,
15114,15114,7.903078556060791,,,,
15115,15115,7.832360744476318,,,,
15116,15116,7.762742519378662,,,,
15117,15117,7.7999091148376465,,,,
15118,15118,7.755051136016846,,,,
15119,15119,,7.737874984741211,,,
15119,15119,7.737874984741211,,,,
15120,15120,7.756287574768066,,,,
15121,15121,7.770814895629883,,,,
15122,15122,7.699903964996338,,,,
15123,15123,7.667303562164307,,,,
15124,15124,7.621170520782471,,,,
15125,15125,7.55966854095459,,,,
15126,15126,7.488027572631836,,,,
15127,15127,7.4264116287231445,,,,
15128,15128,7.356717109680176,,,,
15129,15129,,7.344144821166992,,,
15129,15129,7.344144821166992,,,,
15130,15130,7.3271164894104,,,,
15131,15131,7.315733432769775,,,,
15132,15132,7.252481460571289,,,,
15133,15133,7.221818923950195,,,,
15134,15134,7.208618640899658,,,,
15135,15135,7.182881832122803,,,,
15136,15136,7.198500156402588,,,,
15137,15137,7.180527687072754,,,,
15138,15138,7.12755823135376,,,,
15139,15139,,7.072744369506836,,,
15139,15139,7.072744369506836,,,,
15140,15140,7.056085586547852,,,,
15141,15141,7.0086493492126465,,,,
15142,15142,6.9812116622924805,,,,
15143,15143,7.0200018882751465,,,,
15144,15144,6.966057777404785,,,,
15145,15145,6.934780120849609,,,,
15146,15146,6.965643405914307,,,,
15147,15147,6.914872646331787,,,,
15148,15148,6.8642048835754395,,,,
15149,15149,,6.9239115715026855,,,
15149,15149,6.9239115715026855,,,,
15150,15150,6.85128927230835,,,,
15151,15151,6.849419116973877,,,,
15152,15152,6.8234758377075195,,,,
15153,15153,6.810236930847168,,,,
15154,15154,6.782073497772217,,,,
15155,15155,6.738680839538574,,,,
15156,15156,6.754908561706543,,,,
15157,15157,6.6963419914245605,,,,
15158,15158,6.701625347137451,,,,
15159,15159,,6.705286026000977,,,
15159,15159,6.705286026000977,,,,
15160,15160,6.700021266937256,,,,
15161,15161,6.6147637367248535,,,,
15162,15162,6.678097248077393,,,,
15163,15163,6.61803674697876,,,,
15164,15164,6.601750373840332,,,,
15165,15165,6.607781410217285,,,,
15166,15166,6.552862167358398,,,,
15167,15167,6.536880970001221,,,,
15168,15168,6.561928749084473,,,,
15169,15169,,6.534327983856201,,,
15169,15169,6.534327983856201,,,,
15170,15170,6.524975776672363,,,,
15171,15171,6.544772624969482,,,,
15172,15172,6.559654712677002,,,,
15173,15173,6.490204811096191,,,,
15174,15174,6.559638500213623,,,,
15175,15175,6.473609447479248,,,,
15176,15176,6.521261215209961,,,,
15177,15177,6.508635520935059,,,,
15178,15178,6.456993103027344,,,,
15179,15179,,6.493861675262451,,,
15179,15179,6.493861675262451,,,,
15180,15180,6.404393196105957,,,,
15181,15181,6.406635284423828,,,,
15182,15182,6.453545570373535,,,,
15183,15183,6.386412620544434,,,,
15184,15184,6.390861511230469,,,,
15185,15185,6.381052494049072,,,,
15186,15186,6.3582000732421875,,,,
15187,15187,6.362471580505371,,,,
15188,15188,6.349121570587158,,,,
15189,15189,,6.3405256271362305,,,
15189,15189,6.3405256271362305,,,,
15190,15190,6.338318824768066,,,,
15191,15191,6.328018665313721,,,,
15192,15192,6.324127197265625,,,,
15193,15193,6.315339088439941,,,,
15194,15194,6.315542221069336,,,,
15195,15195,6.32381534576416,,,,
15196,15196,6.322198390960693,,,,
15197,15197,6.303107261657715,,,,
15198,15198,6.312958717346191,,,,
15199,15199,,6.281067848205566,,,
15199,15199,6.281067848205566,,,,
15200,15200,6.276772499084473,,,,
15201,15201,6.2750091552734375,,,,
15202,15202,6.274414539337158,,,,
15203,15203,6.258477687835693,,,,
15204,15204,6.256882190704346,,,,
15205,15205,6.249080181121826,,,,
15206,15206,6.251049995422363,,,,
15207,15207,6.2228240966796875,,,,
15208,15208,6.219383716583252,,,,
15209,15209,,6.229209899902344,,,
15209,15209,6.229209899902344,,,,
15210,15210,6.203617095947266,,,,
15211,15211,6.198217868804932,,,,
15212,15212,6.2054033279418945,,,,
15213,15213,6.2304487228393555,,,,
15214,15214,6.177477836608887,,,,
15215,15215,6.236645698547363,,,,
15216,15216,6.176791667938232,,,,
15217,15217,6.220345497131348,,,,
15218,15218,6.173694133758545,,,,
15219,15219,,6.153866291046143,,,
15219,15219,6.153866291046143,,,,
15220,15220,6.146912097930908,,,,
15221,15221,6.153152942657471,,,,
15222,15222,6.196505069732666,,,,
15223,15223,6.1430888175964355,,,,
15224,15224,6.192368984222412,,,,
15225,15225,6.146084785461426,,,,
15226,15226,6.1479973793029785,,,,
15227,15227,6.1337056159973145,,,,
15228,15228,6.158472061157227,,,,
15229,15229,,6.120339393615723,,,
15229,15229,6.120339393615723,,,,
15230,15230,6.175223350524902,,,,
15231,15231,6.113854885101318,,,,
15232,15232,6.151610374450684,,,,
15233,15233,6.085412502288818,,,,
15234,15234,6.1469621658325195,,,,
15235,15235,6.09261417388916,,,,
15236,15236,6.161797046661377,,,,
15237,15237,6.086826801300049,,,,
15238,15238,6.0887298583984375,,,,
15239,15239,,6.103992938995361,,,
15239,15239,6.103992938995361,,,,
15240,15240,6.0705246925354,,,,
15241,15241,6.121048450469971,,,,
15242,15242,6.095564365386963,,,,
15243,15243,6.1381964683532715,,,,
15244,15244,6.083667278289795,,,,
15245,15245,6.102877140045166,,,,
15246,15246,6.055135250091553,,,,
15247,15247,6.093516826629639,,,,
15248,15248,6.087716102600098,,,,
15249,15249,,6.046604156494141,,,
15249,15249,6.046604156494141,,,,
15250,15250,6.11048698425293,,,,
15251,15251,6.04270601272583,,,,
15252,15252,6.114194393157959,,,,
15253,15253,6.047933578491211,,,,
15254,15254,6.177140235900879,,,,
15255,15255,6.066325664520264,,,,
15256,15256,6.199486255645752,,,,
15257,15257,6.029226779937744,,,,
15258,15258,6.073444843292236,,,,
15259,15259,,6.0235700607299805,,,
15259,15259,6.0235700607299805,,,,
15260,15260,6.0414581298828125,,,,
15261,15261,6.014807224273682,,,,
15262,15262,5.9965739250183105,,,,
15263,15263,6.062638282775879,,,,
15264,15264,6.015510559082031,,,,
15265,15265,6.1510090827941895,,,,
15266,15266,6.034003734588623,,,,
15267,15267,6.218530178070068,,,,
15268,15268,6.037918567657471,,,,
15269,15269,,6.165387153625488,,,
15269,15269,6.165387153625488,,,,
15270,15270,6.012357234954834,,,,
15271,15271,6.104586124420166,,,,
15272,15272,5.978616714477539,,,,
15273,15273,5.985077381134033,,,,
15274,15274,5.980446815490723,,,,
15275,15275,5.98419713973999,,,,
15276,15276,6.004647731781006,,,,
15277,15277,5.978455543518066,,,,
15278,15278,6.1178059577941895,,,,
15279,15279,,6.05086088180542,,,
15279,15279,6.05086088180542,,,,
15280,15280,6.340928554534912,,,,
15281,15281,6.078591823577881,,,,
15282,15282,6.200758457183838,,,,
15283,15283,6.00091028213501,,,,
15284,15284,6.012007713317871,,,,
15285,15285,5.9466071128845215,,,,
15286,15286,5.965633392333984,,,,
15287,15287,6.032050132751465,,,,
15288,15288,6.005805015563965,,,,
15289,15289,,6.345869541168213,,,
15289,15289,6.345869541168213,,,,
15290,15290,6.226059436798096,,,,
15291,15291,6.756203651428223,,,,
15292,15292,5.965519428253174,,,,
15293,15293,6.015244960784912,,,,
15294,15294,6.651021957397461,,,,
15295,15295,6.018646240234375,,,,
15296,15296,5.930802822113037,,,,
15297,15297,6.148786544799805,,,,
15298,15298,6.203141212463379,,,,
15299,15299,,6.945641994476318,,,
15299,15299,6.945641994476318,,,,
15300,15300,5.985527038574219,,,,
15301,15301,5.945659160614014,,,,
15302,15302,6.460946083068848,,,,
15303,15303,6.1373186111450195,,,,
15304,15304,6.134361267089844,,,,
15305,15305,5.888388156890869,,,,
15306,15306,5.914679527282715,,,,
15307,15307,6.2443437576293945,,,,
15308,15308,6.015252590179443,,,,
15309,15309,,6.212637901306152,,,
15309,15309,6.212637901306152,,,,
15310,15310,5.980159759521484,,,,
15311,15311,6.035767555236816,,,,
15312,15312,5.941029071807861,,,,
15313,15313,5.993819236755371,,,,
15314,15314,5.905089855194092,,,,
15315,15315,5.950310707092285,,,,
15316,15316,5.859222412109375,,,,
15317,15317,5.916806221008301,,,,
15318,15318,5.873099327087402,,,,
15319,15319,,5.913966178894043,,,
15319,15319,5.913966178894043,,,,
15320,15320,5.862034797668457,,,,
15321,15321,5.965757369995117,,,,
15322,15322,5.949784755706787,,,,
15323,15323,6.317103862762451,,,,
15324,15324,6.137484550476074,,,,
15325,15325,6.549201965332031,,,,
15326,15326,5.9133477210998535,,,,
15327,15327,5.915097713470459,,,,
15328,15328,6.352700233459473,,,,
15329,15329,,6.032639026641846,,,
15329,15329,6.032639026641846,,,,
15330,15330,6.00706672668457,,,,
15331,15331,5.834293842315674,,,,
15332,15332,5.850866794586182,,,,
15333,15333,5.920185089111328,,,,
15334,15334,5.957831859588623,,,,
15335,15335,6.435373783111572,,,,
15336,15336,6.105133056640625,,,,
15337,15337,6.310386657714844,,,,
15338,15338,5.870683670043945,,,,
15339,15339,,5.8517608642578125,,,
15339,15339,5.8517608642578125,,,,
15340,15340,6.088435173034668,,,,
15341,15341,6.007354736328125,,,,
15342,15342,6.225866794586182,,,,
15343,15343,5.928345203399658,,,,
15344,15344,5.984392166137695,,,,
15345,15345,5.8539533615112305,,,,
15346,15346,5.930789470672607,,,,
15347,15347,5.855095386505127,,,,
15348,15348,5.898917198181152,,,,
15349,15349,,5.8279876708984375,,,
15349,15349,5.8279876708984375,,,,
15350,15350,5.864734649658203,,,,
15351,15351,5.787709712982178,,,,
15352,15352,5.842766761779785,,,,
15353,15353,5.794983863830566,,,,
15354,15354,5.82366943359375,,,,
15355,15355,5.805016994476318,,,,
15356,15356,5.92141056060791,,,,
15357,15357,6.109914779663086,,,,
15358,15358,7.062190532684326,,,,
15359,15359,,5.8970746994018555,,,
15359,15359,5.8970746994018555,,,,
15360,15360,5.883768081665039,,,,
15361,15361,6.684969902038574,,,,
15362,15362,5.941617965698242,,,,
15363,15363,5.770108222961426,,,,
15364,15364,6.001109600067139,,,,
15365,15365,6.180126190185547,,,,
15366,15366,7.257447242736816,,,,
15367,15367,5.826051712036133,,,,
15368,15368,6.0625128746032715,,,,
15369,15369,,7.71328067779541,,,
15369,15369,7.71328067779541,,,,
15370,15370,5.839997291564941,,,,
15371,15371,9.856502532958984,,,,
15372,15372,30.250036239624023,,,,
15373,15373,15.019474029541016,,,,
15374,15374,59.04246139526367,,,,
15375,15375,158.67088317871094,,,,
15376,15376,265.5683288574219,,,,
15377,15377,322.73797607421875,,,,
15378,15378,342.92138671875,,,,
15379,15379,,333.9442443847656,,,
15379,15379,333.9442443847656,,,,
15380,15380,303.0414733886719,,,,
15381,15381,257.5988464355469,,,,
15382,15382,204.33824157714844,,,,
15383,15383,149.3044891357422,,,,
15384,15384,97.51583099365234,,,,
15385,15385,55.56528854370117,,,,
15386,15386,32.906368255615234,,,,
15387,15387,53.07678985595703,,,,
15388,15388,68.7501449584961,,,,
15389,15389,,78.75165557861328,,,
15389,15389,78.75165557861328,,,,
15390,15390,86.54850006103516,,,,
15391,15391,81.05374145507812,,,,
15392,15392,73.79778289794922,,,,
15393,15393,67.10411834716797,,,,
15394,15394,60.75261306762695,,,,
15395,15395,50.677513122558594,,,,
15396,15396,43.18247604370117,,,,
15397,15397,40.838050842285156,,,,
15398,15398,41.7046012878418,,,,
15399,15399,,44.02217483520508,,,
15399,15399,44.02217483520508,,,,
15400,15400,46.724082946777344,,,,
15401,15401,49.01837921142578,,,,
15402,15402,50.5544548034668,,,,
15403,15403,51.128108978271484,,,,
15404,15404,50.72601318359375,,,,
15405,15405,49.55011749267578,,,,
15406,15406,47.6876335144043,,,,
15407,15407,45.482852935791016,,,,
15408,15408,43.17542266845703,,,,
15409,15409,,41.296043395996094,,,
15409,15409,41.296043395996094,,,,
15410,15410,39.785762786865234,,,,
15411,15411,38.59376907348633,,,,
15412,15412,37.718441009521484,,,,
15413,15413,37.18768310546875,,,,
15414,15414,37.07594299316406,,,,
15415,15415,37.44154357910156,,,,
15416,15416,37.69532775878906,,,,
15417,15417,37.43120193481445,,,,
15418,15418,36.69314193725586,,,,
15419,15419,,35.471900939941406,,,
15419,15419,35.471900939941406,,,,
15420,15420,33.942256927490234,,,,
15421,15421,32.76403045654297,,,,
15422,15422,32.21914291381836,,,,
15423,15423,31.94832420349121,,,,
15424,15424,31.765775680541992,,,,
15425,15425,31.595972061157227,,,,
15426,15426,31.282201766967773,,,,
15427,15427,30.69484519958496,,,,
15428,15428,29.987375259399414,,,,
15429,15429,,29.188173294067383,,,
15429,15429,29.188173294067383,,,,
15430,15430,28.507951736450195,,,,
15431,15431,28.102027893066406,,,,
15432,15432,28.101720809936523,,,,
15433,15433,27.989797592163086,,,,
15434,15434,27.581146240234375,,,,
15435,15435,26.92976951599121,,,,
15436,15436,26.528112411499023,,,,
15437,15437,26.437292098999023,,,,
15438,15438,26.373109817504883,,,,
15439,15439,,26.036882400512695,,,
15439,15439,26.036882400512695,,,,
15440,15440,25.551523208618164,,,,
15441,15441,25.21601676940918,,,,
15442,15442,25.306350708007812,,,,
15443,15443,25.06895637512207,,,,
15444,15444,24.5726318359375,,,,
15445,15445,24.401060104370117,,,,
15446,15446,24.361804962158203,,,,
15447,15447,24.172391891479492,,,,
15448,15448,23.79146385192871,,,,
15449,15449,,23.66250991821289,,,
15449,15449,23.66250991821289,,,,
15450,15450,23.688892364501953,,,,
15451,15451,23.421648025512695,,,,
15452,15452,23.110027313232422,,,,
15453,15453,22.936199188232422,,,,
15454,15454,22.823320388793945,,,,
15455,15455,22.624879837036133,,,,
15456,15456,22.361433029174805,,,,
15457,15457,22.280790328979492,,,,
15458,15458,22.069374084472656,,,,
15459,15459,,21.803173065185547,,,
15459,15459,21.803173065185547,,,,
15460,15460,21.714170455932617,,,,
15461,15461,21.544822692871094,,,,
15462,15462,21.346891403198242,,,,
15463,15463,21.236146926879883,,,,
15464,15464,21.10843849182129,,,,
15465,15465,20.88221549987793,,,,
15466,15466,20.72488021850586,,,,
15467,15467,20.574180603027344,,,,
15468,15468,20.478214263916016,,,,
15469,15469,,20.27922821044922,,,
15469,15469,20.27922821044922,,,,
15470,15470,20.1228084564209,,,,
15471,15471,19.954254150390625,,,,
15472,15472,19.762746810913086,,,,
15473,15473,19.535362243652344,,,,
15474,15474,19.42597198486328,,,,
15475,15475,19.284395217895508,,,,
15476,15476,19.116317749023438,,,,
15477,15477,19.011512756347656,,,,
15478,15478,18.845304489135742,,,,
15479,15479,,18.749370574951172,,,
15479,15479,18.749370574951172,,,,
15480,15480,18.57990837097168,,,,
15481,15481,18.41373634338379,,,,
15482,15482,18.34370994567871,,,,
15483,15483,18.234220504760742,,,,
15484,15484,18.0941162109375,,,,
15485,15485,18.012699127197266,,,,
15486,15486,17.97504997253418,,,,
15487,15487,17.84859275817871,,,,
15488,15488,17.828105926513672,,,,
15489,15489,,17.714513778686523,,,
15489,15489,17.714513778686523,,,,
15490,15490,17.61181640625,,,,
15491,15491,17.50116729736328,,,,
15492,15492,17.389320373535156,,,,
15493,15493,17.367338180541992,,,,
15494,15494,17.331539154052734,,,,
15495,15495,17.201234817504883,,,,
15496,15496,17.128755569458008,,,,
15497,15497,17.073495864868164,,,,
15498,15498,16.921335220336914,,,,
15499,15499,,16.866907119750977,,,
15499,15499,,,0.2184327095746994,291.8278503417969,291.8278503417969
15499,15499,16.866907119750977,,,,
15500,15500,16.810396194458008,,,,
15501,15501,16.725736618041992,,,,
15502,15502,16.662939071655273,,,,
15503,15503,16.61284637451172,,,,
15504,15504,16.503902435302734,,,,
15505,15505,16.416831970214844,,,,
15506,15506,16.376873016357422,,,,
15507,15507,16.283750534057617,,,,
15508,15508,16.195894241333008,,,,
15509,15509,,16.19498634338379,,,
15509,15509,16.19498634338379,,,,
15510,15510,16.14067268371582,,,,
15511,15511,16.05013656616211,,,,
15512,15512,15.976852416992188,,,,
15513,15513,15.971518516540527,,,,
15514,15514,15.870285987854004,,,,
15515,15515,15.800102233886719,,,,
15516,15516,15.746764183044434,,,,
15517,15517,15.622220039367676,,,,
15518,15518,15.511652946472168,,,,
15519,15519,,15.448712348937988,,,
15519,15519,15.448712348937988,,,,
15520,15520,15.423542022705078,,,,
15521,15521,15.348803520202637,,,,
15522,15522,15.313400268554688,,,,
15523,15523,15.221394538879395,,,,
15524,15524,15.226247787475586,,,,
15525,15525,15.196375846862793,,,,
15526,15526,15.165154457092285,,,,
15527,15527,15.08061695098877,,,,
15528,15528,15.024578094482422,,,,
15529,15529,,14.940200805664062,,,
15529,15529,14.940200805664062,,,,
15530,15530,14.87514877319336,,,,
15531,15531,14.827942848205566,,,,
15532,15532,14.695802688598633,,,,
15533,15533,14.66304874420166,,,,
15534,15534,14.62226390838623,,,,
15535,15535,14.568218231201172,,,,
15536,15536,14.53000545501709,,,,
15537,15537,14.490860939025879,,,,
15538,15538,14.45250129699707,,,,
15539,15539,,14.364363670349121,,,
15539,15539,14.364363670349121,,,,
15540,15540,14.33230972290039,,,,
15541,15541,14.334933280944824,,,,
15542,15542,14.250130653381348,,,,
15543,15543,14.239810943603516,,,,
15544,15544,14.120745658874512,,,,
15545,15545,14.074112892150879,,,,
15546,15546,14.033098220825195,,,,
15547,15547,14.008426666259766,,,,
15548,15548,13.989365577697754,,,,
15549,15549,,14.031352996826172,,,
15549,15549,14.031352996826172,,,,
15550,15550,14.018832206726074,,,,
15551,15551,13.929972648620605,,,,
15552,15552,13.864505767822266,,,,
15553,15553,13.867732048034668,,,,
15554,15554,13.837512016296387,,,,
15555,15555,13.820572853088379,,,,
15556,15556,13.756172180175781,,,,
15557,15557,13.716891288757324,,,,
15558,15558,13.703169822692871,,,,
15559,15559,,13.678150177001953,,,
15559,15559,13.678150177001953,,,,
15560,15560,13.63796615600586,,,,
15561,15561,13.596705436706543,,,,
15562,15562,13.600213050842285,,,,
15563,15563,13.564473152160645,,,,
15564,15564,13.512696266174316,,,,
15565,15565,13.493422508239746,,,,
15566,15566,13.429258346557617,,,,
15567,15567,13.410309791564941,,,,
15568,15568,13.3509521484375,,,,
15569,15569,,13.346382141113281,,,
15569,15569,13.346382141113281,,,,
15570,15570,13.296782493591309,,,,
15571,15571,13.271156311035156,,,,
15572,15572,13.315899848937988,,,,
15573,15573,13.242542266845703,,,,
15574,15574,13.19703483581543,,,,
15575,15575,13.1462984085083,,,,
15576,15576,13.117631912231445,,,,
15577,15577,13.054176330566406,,,,
15578,15578,13.010515213012695,,,,
15579,15579,,12.98472785949707,,,
15579,15579,12.98472785949707,,,,
15580,15580,12.92895793914795,,,,
15581,15581,12.896169662475586,,,,
15582,15582,12.881385803222656,,,,
15583,15583,12.816661834716797,,,,
15584,15584,12.762269020080566,,,,
15585,15585,12.754768371582031,,,,
15586,15586,12.752257347106934,,,,
15587,15587,12.733987808227539,,,,
15588,15588,12.714247703552246,,,,
15589,15589,,12.699812889099121,,,
15589,15589,12.699812889099121,,,,
15590,15590,12.671276092529297,,,,
15591,15591,12.612526893615723,,,,
15592,15592,12.55585765838623,,,,
15593,15593,12.509069442749023,,,,
15594,15594,12.513154983520508,,,,
15595,15595,12.49460220336914,,,,
15596,15596,12.454754829406738,,,,
15597,15597,12.4068603515625,,,,
15598,15598,12.375479698181152,,,,
15599,15599,,12.311060905456543,,,
15599,15599,12.311060905456543,,,,
15600,15600,12.242975234985352,,,,
15601,15601,12.303230285644531,,,,
15602,15602,12.251363754272461,,,,
15603,15603,12.249079704284668,,,,
15604,15604,12.217195510864258,,,,
15605,15605,12.177044868469238,,,,
15606,15606,12.172520637512207,,,,
15607,15607,12.119417190551758,,,,
15608,15608,12.115344047546387,,,,
15609,15609,,12.103109359741211,,,
15609,15609,12.103109359741211,,,,
15610,15610,12.123213768005371,,,,
15611,15611,12.058074951171875,,,,
15612,15612,12.051977157592773,,,,
15613,15613,12.010758399963379,,,,
15614,15614,11.974278450012207,,,,
15615,15615,11.951342582702637,,,,
15616,15616,11.920913696289062,,,,
15617,15617,11.901098251342773,,,,
15618,15618,11.93320083618164,,,,
15619,15619,,11.90272331237793,,,
15619,15619,11.90272331237793,,,,
15620,15620,11.849842071533203,,,,
15621,15621,11.821166038513184,,,,
15622,15622,11.796000480651855,,,,
15623,15623,11.759186744689941,,,,
15624,15624,11.727457046508789,,,,
15625,15625,11.6596040725708,,,,
15626,15626,11.663764953613281,,,,
15627,15627,11.593271255493164,,,,
15628,15628,11.536383628845215,,,,
15629,15629,,11.601472854614258,,,
15629,15629,11.601472854614258,,,,
15630,15630,11.594706535339355,,,,
15631,15631,11.570695877075195,,,,
15632,15632,11.557964324951172,,,,
15633,15633,11.513257026672363,,,,
15634,15634,11.405373573303223,,,,
15635,15635,11.308198928833008,,,,
15636,15636,11.259191513061523,,,,
15637,15637,11.21872615814209,,,,
15638,15638,11.172455787658691,,,,
15639,15639,,11.107006072998047,,,
15639,15639,11.107006072998047,,,,
15640,15640,11.120169639587402,,,,
15641,15641,11.125347137451172,,,,
15642,15642,11.0222806930542,,,,
15643,15643,11.005894660949707,,,,
15644,15644,10.944067001342773,,,,
15645,15645,10.897424697875977,,,,
15646,15646,10.782303810119629,,,,
15647,15647,10.827900886535645,,,,
15648,15648,10.807332992553711,,,,
15649,15649,,10.688189506530762,,,
15649,15649,10.688189506530762,,,,
15650,15650,10.632424354553223,,,,
15651,15651,10.543209075927734,,,,
15652,15652,10.457284927368164,,,,
15653,15653,10.412091255187988,,,,
15654,15654,10.416386604309082,,,,
15655,15655,10.333871841430664,,,,
15656,15656,10.239203453063965,,,,
15657,15657,10.153343200683594,,,,
15658,15658,10.054550170898438,,,,
15659,15659,,10.046941757202148,,,
15659,15659,10.046941757202148,,,,
15660,15660,9.967118263244629,,,,
15661,15661,9.881425857543945,,,,
15662,15662,9.869302749633789,,,,
15663,15663,9.716263771057129,,,,
15664,15664,9.602448463439941,,,,
15665,15665,9.52877140045166,,,,
15666,15666,9.456661224365234,,,,
15667,15667,9.308006286621094,,,,
15668,15668,9.228741645812988,,,,
15669,15669,,9.230080604553223,,,
15669,15669,9.230080604553223,,,,
15670,15670,9.034544944763184,,,,
15671,15671,8.918975830078125,,,,
15672,15672,8.80854320526123,,,,
15673,15673,8.760403633117676,,,,
15674,15674,8.722504615783691,,,,
15675,15675,8.675954818725586,,,,
15676,15676,8.583889961242676,,,,
15677,15677,8.470179557800293,,,,
15678,15678,8.427374839782715,,,,
15679,15679,,8.317998886108398,,,
15679,15679,8.317998886108398,,,,
15680,15680,8.264737129211426,,,,
15681,15681,8.205374717712402,,,,
15682,15682,8.162686347961426,,,,
15683,15683,8.073189735412598,,,,
15684,15684,7.970137119293213,,,,
15685,15685,7.879298686981201,,,,
15686,15686,7.761430263519287,,,,
15687,15687,7.624805450439453,,,,
15688,15688,7.472823619842529,,,,
15689,15689,,7.349106311798096,,,
15689,15689,7.349106311798096,,,,
15690,15690,7.305205345153809,,,,
15691,15691,7.2873358726501465,,,,
15692,15692,7.268105506896973,,,,
15693,15693,7.17985725402832,,,,
15694,15694,7.07412576675415,,,,
15695,15695,7.0997633934021,,,,
15696,15696,7.047581195831299,,,,
15697,15697,6.910496711730957,,,,
15698,15698,6.854527950286865,,,,
15699,15699,,6.934121131896973,,,
15699,15699,6.934121131896973,,,,
15700,15700,6.924882888793945,,,,
15701,15701,6.930165767669678,,,,
15702,15702,6.920618057250977,,,,
15703,15703,6.8243231773376465,,,,
15704,15704,6.800512790679932,,,,
15705,15705,6.7836503982543945,,,,
15706,15706,6.748335361480713,,,,
15707,15707,6.693778038024902,,,,
15708,15708,6.6977057456970215,,,,
15709,15709,,6.715769290924072,,,
15709,15709,6.715769290924072,,,,
15710,15710,6.67805290222168,,,,
15711,15711,6.628525733947754,,,,
15712,15712,6.60475492477417,,,,
15713,15713,6.59515380859375,,,,
15714,15714,6.590549468994141,,,,
15715,15715,6.590538501739502,,,,
15716,15716,6.581628322601318,,,,
15717,15717,6.591354846954346,,,,
15718,15718,6.5582475662231445,,,,
15719,15719,,6.568714618682861,,,
15719,15719,6.568714618682861,,,,
15720,15720,6.543186187744141,,,,
15721,15721,6.546754837036133,,,,
15722,15722,6.5097222328186035,,,,
15723,15723,6.5033745765686035,,,,
15724,15724,6.466859817504883,,,,
15725,15725,6.4698896408081055,,,,
15726,15726,6.479543209075928,,,,
15727,15727,6.4341349601745605,,,,
15728,15728,6.389327526092529,,,,
15729,15729,,6.419424533843994,,,
15729,15729,6.419424533843994,,,,
15730,15730,6.401887893676758,,,,
15731,15731,6.40880012512207,,,,
15732,15732,6.414480686187744,,,,
15733,15733,6.402192115783691,,,,
15734,15734,6.364037036895752,,,,
15735,15735,6.354496955871582,,,,
15736,15736,6.395076751708984,,,,
15737,15737,6.324967384338379,,,,
15738,15738,6.298847675323486,,,,
15739,15739,,6.325165271759033,,,
15739,15739,6.325165271759033,,,,
15740,15740,6.293038845062256,,,,
15741,15741,6.245118618011475,,,,
15742,15742,6.295805931091309,,,,
15743,15743,6.266757488250732,,,,
15744,15744,6.222407817840576,,,,
15745,15745,6.193005084991455,,,,
15746,15746,6.222658634185791,,,,
15747,15747,6.187511444091797,,,,
15748,15748,6.1688385009765625,,,,
15749,15749,,6.189089298248291,,,
15749,15749,6.189089298248291,,,,
15750,15750,6.1869964599609375,,,,
15751,15751,6.1691575050354,,,,
15752,15752,6.1732258796691895,,,,
15753,15753,6.159085750579834,,,,
15754,15754,6.142392635345459,,,,
15755,15755,6.151066303253174,,,,
15756,15756,6.123917579650879,,,,
15757,15757,6.1290106773376465,,,,
15758,15758,6.126794815063477,,,,
15759,15759,,6.134950637817383,,,
15759,15759,6.134950637817383,,,,
15760,15760,6.138046741485596,,,,
15761,15761,6.136014938354492,,,,
15762,15762,6.128841400146484,,,,
15763,15763,6.088754177093506,,,,
15764,15764,6.109950542449951,,,,
15765,15765,6.083092212677002,,,,
15766,15766,6.064790725708008,,,,
15767,15767,6.064908981323242,,,,
15768,15768,6.0570831298828125,,,,
15769,15769,,6.032230854034424,,,
15769,15769,6.032230854034424,,,,
15770,15770,6.0326247215271,,,,
15771,15771,6.039514541625977,,,,
15772,15772,6.002447128295898,,,,
15773,15773,6.029996395111084,,,,
15774,15774,5.989312648773193,,,,
15775,15775,5.972072124481201,,,,
15776,15776,5.982328414916992,,,,
15777,15777,5.960066795349121,,,,
15778,15778,5.96598482131958,,,,
15779,15779,,5.955338001251221,,,
15779,15779,5.955338001251221,,,,
15780,15780,5.931862831115723,,,,
15781,15781,5.943399429321289,,,,
15782,15782,5.925881862640381,,,,
15783,15783,5.927912712097168,,,,
15784,15784,5.917194843292236,,,,
15785,15785,5.929587364196777,,,,
15786,15786,5.900356292724609,,,,
15787,15787,5.908555507659912,,,,
15788,15788,5.905837059020996,,,,
15789,15789,,5.891726493835449,,,
15789,15789,5.891726493835449,,,,
15790,15790,5.899613380432129,,,,
15791,15791,5.882069110870361,,,,
15792,15792,5.873263359069824,,,,
15793,15793,5.888772487640381,,,,
15794,15794,5.866369724273682,,,,
15795,15795,5.857851505279541,,,,
15796,15796,5.876457214355469,,,,
15797,15797,5.829033851623535,,,,
15798,15798,5.854316234588623,,,,
15799,15799,,5.8326520919799805,,,
15799,15799,5.8326520919799805,,,,
15800,15800,5.834830284118652,,,,
15801,15801,5.8310160636901855,,,,
15802,15802,5.813807964324951,,,,
15803,15803,5.85177755355835,,,,
15804,15804,5.795311450958252,,,,
15805,15805,5.856439113616943,,,,
15806,15806,5.806927680969238,,,,
15807,15807,5.834541320800781,,,,
15808,15808,5.769006729125977,,,,
15809,15809,,5.780852317810059,,,
15809,15809,5.780852317810059,,,,
15810,15810,5.7915263175964355,,,,
15811,15811,5.741133213043213,,,,
15812,15812,5.776954650878906,,,,
15813,15813,5.794556140899658,,,,
15814,15814,5.754733562469482,,,,
15815,15815,5.805591106414795,,,,
15816,15816,5.75820779800415,,,,
15817,15817,5.817152976989746,,,,
15818,15818,5.767636775970459,,,,
15819,15819,,5.805599689483643,,,
15819,15819,5.805599689483643,,,,
15820,15820,5.736532211303711,,,,
15821,15821,5.769067764282227,,,,
15822,15822,5.756043910980225,,,,
15823,15823,5.747504711151123,,,,
15824,15824,5.773743152618408,,,,
15825,15825,5.739078044891357,,,,
15826,15826,5.738446235656738,,,,
15827,15827,5.727555751800537,,,,
15828,15828,5.703337669372559,,,,
15829,15829,,5.764445781707764,,,
15829,15829,5.764445781707764,,,,
15830,15830,5.738475799560547,,,,
15831,15831,5.762448787689209,,,,
15832,15832,5.713655948638916,,,,
15833,15833,5.720892906188965,,,,
15834,15834,5.710981845855713,,,,
15835,15835,5.707129001617432,,,,
15836,15836,5.73827600479126,,,,
15837,15837,5.734854221343994,,,,
15838,15838,5.753006935119629,,,,
15839,15839,,5.710159778594971,,,
15839,15839,5.710159778594971,,,,
15840,15840,5.714139461517334,,,,
15841,15841,5.702839374542236,,,,
15842,15842,5.698777675628662,,,,
15843,15843,5.669936656951904,,,,
15844,15844,5.677952766418457,,,,
15845,15845,5.697451591491699,,,,
15846,15846,5.695615768432617,,,,
15847,15847,5.692586898803711,,,,
15848,15848,5.702354907989502,,,,
15849,15849,,5.704786777496338,,,
15849,15849,5.704786777496338,,,,
15850,15850,5.69735860824585,,,,
15851,15851,5.730257511138916,,,,
15852,15852,5.746768951416016,,,,
15853,15853,5.8432769775390625,,,,
15854,15854,5.9330925941467285,,,,
15855,15855,5.830467224121094,,,,
15856,15856,5.714419364929199,,,,
15857,15857,5.688846588134766,,,,
15858,15858,5.633252143859863,,,,
15859,15859,,5.6736226081848145,,,
15859,15859,5.6736226081848145,,,,
15860,15860,5.666667461395264,,,,
15861,15861,5.64115571975708,,,,
15862,15862,5.6515021324157715,,,,
15863,15863,5.6303791999816895,,,,
15864,15864,5.646908283233643,,,,
15865,15865,5.638186931610107,,,,
15866,15866,5.650390625,,,,
15867,15867,5.668808460235596,,,,
15868,15868,5.6896820068359375,,,,
15869,15869,,5.779496192932129,,,
15869,15869,5.779496192932129,,,,
15870,15870,5.9131598472595215,,,,
15871,15871,5.816710472106934,,,,
15872,15872,5.705230236053467,,,,
15873,15873,5.681788444519043,,,,
15874,15874,5.6164631843566895,,,,
15875,15875,5.627567291259766,,,,
15876,15876,5.602212905883789,,,,
15877,15877,5.628659248352051,,,,
15878,15878,5.704477310180664,,,,
15879,15879,,5.796719074249268,,,
15879,15879,5.796719074249268,,,,
15880,15880,5.948766231536865,,,,
15881,15881,6.508396625518799,,,,
15882,15882,5.815061092376709,,,,
15883,15883,5.648656845092773,,,,
15884,15884,5.753048419952393,,,,
15885,15885,5.948103427886963,,,,
15886,15886,6.498884677886963,,,,
15887,15887,5.696468830108643,,,,
15888,15888,6.2669501304626465,,,,
15889,15889,,8.891817092895508,,,
15889,15889,8.891817092895508,,,,
15890,15890,6.149787425994873,,,,
15891,15891,18.334741592407227,,,,
15892,15892,76.70410919189453,,,,
15893,15893,105.3881607055664,,,,
15894,15894,88.7664794921875,,,,
15895,15895,37.96885681152344,,,,
15896,15896,162.31057739257812,,,,
15897,15897,148.5244140625,,,,
15898,15898,269.6187438964844,,,,
15899,15899,,353.01751708984375,,,
15899,15899,353.01751708984375,,,,
15900,15900,405.810546875,,,,
15901,15901,432.6788330078125,,,,
15902,15902,438.1361083984375,,,,
15903,15903,426.3592834472656,,,,
15904,15904,401.67236328125,,,,
15905,15905,368.4017028808594,,,,
15906,15906,329.81549072265625,,,,
15907,15907,288.9988098144531,,,,
15908,15908,248.67115783691406,,,,
15909,15909,,210.57688903808594,,,
15909,15909,210.57688903808594,,,,
15910,15910,176.08084106445312,,,,
15911,15911,145.3797607421875,,,,
15912,15912,119.7119140625,,,,
15913,15913,99.25436401367188,,,,
15914,15914,84.37503051757812,,,,
15915,15915,74.89228057861328,,,,
15916,15916,69.16486358642578,,,,
15917,15917,67.29650115966797,,,,
15918,15918,68.55477905273438,,,,
15919,15919,,71.07527923583984,,,
15919,15919,71.07527923583984,,,,
15920,15920,74.5027084350586,,,,
15921,15921,77.90315246582031,,,,
15922,15922,81.35194396972656,,,,
15923,15923,83.94503021240234,,,,
15924,15924,85.627685546875,,,,
15925,15925,86.3475341796875,,,,
15926,15926,86.25273895263672,,,,
15927,15927,85.35707092285156,,,,
15928,15928,83.69190979003906,,,,
15929,15929,,81.43274688720703,,,
15929,15929,81.43274688720703,,,,
15930,15930,78.70909118652344,,,,
15931,15931,75.7632827758789,,,,
15932,15932,72.37557220458984,,,,
15933,15933,68.77301788330078,,,,
15934,15934,65.2956771850586,,,,
15935,15935,62.364402770996094,,,,
15936,15936,59.88018035888672,,,,
15937,15937,57.46220779418945,,,,
15938,15938,55.24852752685547,,,,
15939,15939,,53.59549331665039,,,
15939,15939,53.59549331665039,,,,
15940,15940,52.55350112915039,,,,
15941,15941,51.79338073730469,,,,
15942,15942,51.14054870605469,,,,
15943,15943,50.494266510009766,,,,
15944,15944,49.96345520019531,,,,
15945,15945,49.6075439453125,,,,
15946,15946,49.28764343261719,,,,
15947,15947,48.95327377319336,,,,
15948,15948,48.59741973876953,,,,
15949,15949,,48.18730545043945,,,
15949,15949,48.18730545043945,,,,
15950,15950,47.72351837158203,,,,
15951,15951,47.21593475341797,,,,
15952,15952,46.64106369018555,,,,
15953,15953,46.038875579833984,,,,
15954,15954,45.48966598510742,,,,
15955,15955,45.0111198425293,,,,
15956,15956,44.54330825805664,,,,
15957,15957,44.010719299316406,,,,
15958,15958,43.51008224487305,,,,
15959,15959,,43.04544448852539,,,
15959,15959,43.04544448852539,,,,
15960,15960,42.67104721069336,,,,
15961,15961,42.281402587890625,,,,
15962,15962,41.81159973144531,,,,
15963,15963,41.26530456542969,,,,
15964,15964,40.718223571777344,,,,
15965,15965,40.185890197753906,,,,
15966,15966,39.82830047607422,,,,
15967,15967,39.51070785522461,,,,
15968,15968,39.31565475463867,,,,
15969,15969,,39.13115310668945,,,
15969,15969,39.13115310668945,,,,
15970,15970,38.92862319946289,,,,
15971,15971,38.70010757446289,,,,
15972,15972,38.452186584472656,,,,
15973,15973,38.24066925048828,,,,
15974,15974,38.02857971191406,,,,
15975,15975,37.85161209106445,,,,
15976,15976,37.6600227355957,,,,
15977,15977,37.45209503173828,,,,
15978,15978,37.244102478027344,,,,
15979,15979,,37.042388916015625,,,
15979,15979,37.042388916015625,,,,
15980,15980,36.83045959472656,,,,
15981,15981,36.665618896484375,,,,
15982,15982,36.481201171875,,,,
15983,15983,36.3173828125,,,,
15984,15984,36.172550201416016,,,,
15985,15985,36.018280029296875,,,,
15986,15986,35.862274169921875,,,,
15987,15987,35.723350524902344,,,,
15988,15988,35.579612731933594,,,,
15989,15989,,35.39495849609375,,,
15989,15989,35.39495849609375,,,,
15990,15990,35.26811218261719,,,,
15991,15991,35.12847137451172,,,,
15992,15992,35.0028190612793,,,,
15993,15993,34.87257385253906,,,,
15994,15994,34.764102935791016,,,,
15995,15995,34.63209533691406,,,,
15996,15996,34.46927261352539,,,,
15997,15997,34.32059860229492,,,,
15998,15998,34.181636810302734,,,,
15999,15999,,34.07883834838867,,,
15999,15999,,,0.21478015184402466,282.1497497558594,282.1497497558594
15999,15999,34.07883834838867,,,,
16000,16000,33.92391586303711,,,,
16001,16001,33.782657623291016,,,,
16002,16002,33.66521453857422,,,,
16003,16003,33.551605224609375,,,,
16004,16004,33.44127655029297,,,,
16005,16005,33.32583236694336,,,,
16006,16006,33.197086334228516,,,,
16007,16007,33.05608367919922,,,,
16008,16008,32.96510696411133,,,,
16009,16009,,32.820186614990234,,,
16009,16009,32.820186614990234,,,,
16010,16010,32.71427536010742,,,,
16011,16011,32.55091094970703,,,,
16012,16012,32.45564270019531,,,,
16013,16013,32.3372802734375,,,,
16014,16014,32.202064514160156,,,,
16015,16015,32.10298156738281,,,,
16016,16016,32.00361251831055,,,,
16017,16017,31.909944534301758,,,,
16018,16018,31.807777404785156,,,,
16019,16019,,31.702024459838867,,,
16019,16019,31.702024459838867,,,,
16020,16020,31.594791412353516,,,,
16021,16021,31.485979080200195,,,,
16022,16022,31.40644645690918,,,,
16023,16023,31.33306884765625,,,,
16024,16024,31.235889434814453,,,,
16025,16025,31.16712760925293,,,,
16026,16026,31.084810256958008,,,,
16027,16027,31.001792907714844,,,,
16028,16028,30.94571876525879,,,,
16029,16029,,30.86759376525879,,,
16029,16029,30.86759376525879,,,,
16030,16030,30.782485961914062,,,,
16031,16031,30.68531036376953,,,,
16032,16032,30.592060089111328,,,,
16033,16033,30.522584915161133,,,,
16034,16034,30.423046112060547,,,,
16035,16035,30.36400604248047,,,,
16036,16036,30.305858612060547,,,,
16037,16037,30.21141815185547,,,,
16038,16038,30.133298873901367,,,,
16039,16039,,30.031509399414062,,,
16039,16039,30.031509399414062,,,,
16040,16040,29.960676193237305,,,,
16041,16041,29.89820671081543,,,,
16042,16042,29.811967849731445,,,,
16043,16043,29.7369327545166,,,,
16044,16044,29.63690757751465,,,,
16045,16045,29.547361373901367,,,,
16046,16046,29.472471237182617,,,,
16047,16047,29.413049697875977,,,,
16048,16048,29.289127349853516,,,,
16049,16049,,29.19879150390625,,,
16049,16049,29.19879150390625,,,,
16050,16050,29.105953216552734,,,,
16051,16051,29.062894821166992,,,,
16052,16052,28.98729133605957,,,,
16053,16053,28.875898361206055,,,,
16054,16054,28.773433685302734,,,,
16055,16055,28.697776794433594,,,,
16056,16056,28.631444931030273,,,,
16057,16057,28.571205139160156,,,,
16058,16058,28.485403060913086,,,,
16059,16059,,28.429452896118164,,,
16059,16059,28.429452896118164,,,,
16060,16060,28.350433349609375,,,,
16061,16061,28.286163330078125,,,,
16062,16062,28.225879669189453,,,,
16063,16063,28.127403259277344,,,,
16064,16064,28.027006149291992,,,,
16065,16065,27.957626342773438,,,,
16066,16066,27.899356842041016,,,,
16067,16067,27.839181900024414,,,,
16068,16068,27.7906436920166,,,,
16069,16069,,27.739843368530273,,,
16069,16069,27.739843368530273,,,,
16070,16070,27.68049430847168,,,,
16071,16071,27.62526512145996,,,,
16072,16072,27.556703567504883,,,,
16073,16073,27.50397491455078,,,,
16074,16074,27.441062927246094,,,,
16075,16075,27.376935958862305,,,,
16076,16076,27.357765197753906,,,,
16077,16077,27.308765411376953,,,,
16078,16078,27.238731384277344,,,,
16079,16079,,27.160369873046875,,,
16079,16079,27.160369873046875,,,,
16080,16080,27.10035514831543,,,,
16081,16081,27.000629425048828,,,,
16082,16082,26.941003799438477,,,,
16083,16083,26.88681411743164,,,,
16084,16084,26.78828239440918,,,,
16085,16085,26.728580474853516,,,,
16086,16086,26.678306579589844,,,,
16087,16087,26.648456573486328,,,,
16088,16088,26.54911994934082,,,,
16089,16089,,26.511777877807617,,,
16089,16089,26.511777877807617,,,,
16090,16090,26.437177658081055,,,,
16091,16091,26.375600814819336,,,,
16092,16092,26.311567306518555,,,,
16093,16093,26.274986267089844,,,,
16094,16094,26.249778747558594,,,,
16095,16095,26.18387222290039,,,,
16096,16096,26.116085052490234,,,,
16097,16097,26.057212829589844,,,,
16098,16098,26.037105560302734,,,,
16099,16099,,25.989612579345703,,,
16099,16099,25.989612579345703,,,,
16100,16100,25.91295051574707,,,,
16101,16101,25.844335556030273,,,,
16102,16102,25.75080680847168,,,,
16103,16103,25.674964904785156,,,,
16104,16104,25.635387420654297,,,,
16105,16105,25.574003219604492,,,,
16106,16106,25.452552795410156,,,,
16107,16107,25.42546272277832,,,,
16108,16108,25.394495010375977,,,,
16109,16109,,25.33686637878418,,,
16109,16109,25.33686637878418,,,,
16110,16110,25.2885684967041,,,,
16111,16111,25.22642707824707,,,,
16112,16112,25.15021514892578,,,,
16113,16113,25.105751037597656,,,,
16114,16114,25.03682518005371,,,,
16115,16115,24.998199462890625,,,,
16116,16116,24.94069480895996,,,,
16117,16117,24.908023834228516,,,,
16118,16118,24.870487213134766,,,,
16119,16119,,24.80771255493164,,,
16119,16119,24.80771255493164,,,,
16120,16120,24.784608840942383,,,,
16121,16121,24.674036026000977,,,,
16122,16122,24.62245750427246,,,,
16123,16123,24.527496337890625,,,,
16124,16124,24.483692169189453,,,,
16125,16125,24.399019241333008,,,,
16126,16126,24.319828033447266,,,,
16127,16127,24.244462966918945,,,,
16128,16128,24.184293746948242,,,,
16129,16129,,24.116891860961914,,,
16129,16129,24.116891860961914,,,,
16130,16130,24.02965545654297,,,,
16131,16131,23.930335998535156,,,,
16132,16132,23.877193450927734,,,,
16133,16133,23.767696380615234,,,,
16134,16134,23.666202545166016,,,,
16135,16135,23.533050537109375,,,,
16136,16136,23.3868408203125,,,,
16137,16137,23.295848846435547,,,,
16138,16138,23.14813995361328,,,,
16139,16139,,23.0220947265625,,,
16139,16139,23.0220947265625,,,,
16140,16140,22.858373641967773,,,,
16141,16141,22.758581161499023,,,,
16142,16142,22.609512329101562,,,,
16143,16143,22.47330665588379,,,,
16144,16144,22.365766525268555,,,,
16145,16145,22.234390258789062,,,,
16146,16146,22.13934898376465,,,,
16147,16147,22.02283477783203,,,,
16148,16148,21.902729034423828,,,,
16149,16149,,21.802461624145508,,,
16149,16149,21.802461624145508,,,,
16150,16150,21.706523895263672,,,,
16151,16151,21.62476348876953,,,,
16152,16152,21.500988006591797,,,,
16153,16153,21.361787796020508,,,,
16154,16154,21.228626251220703,,,,
16155,16155,21.19021987915039,,,,
16156,16156,21.129056930541992,,,,
16157,16157,21.016460418701172,,,,
16158,16158,20.940570831298828,,,,
16159,16159,,20.84377098083496,,,
16159,16159,20.84377098083496,,,,
16160,16160,20.715669631958008,,,,
16161,16161,20.63467025756836,,,,
16162,16162,20.52830696105957,,,,
16163,16163,20.39303970336914,,,,
16164,16164,20.316001892089844,,,,
16165,16165,20.20809555053711,,,,
16166,16166,20.15300941467285,,,,
16167,16167,20.066137313842773,,,,
16168,16168,19.992578506469727,,,,
16169,16169,,19.86172866821289,,,
16169,16169,19.86172866821289,,,,
16170,16170,19.785602569580078,,,,
16171,16171,19.703746795654297,,,,
16172,16172,19.623205184936523,,,,
16173,16173,19.53731918334961,,,,
16174,16174,19.467514038085938,,,,
16175,16175,19.369165420532227,,,,
16176,16176,19.32260513305664,,,,
16177,16177,19.225011825561523,,,,
16178,16178,19.171838760375977,,,,
16179,16179,,19.11092758178711,,,
16179,16179,19.11092758178711,,,,
16180,16180,19.044761657714844,,,,
16181,16181,18.987220764160156,,,,
16182,16182,18.911720275878906,,,,
16183,16183,18.83639144897461,,,,
16184,16184,18.879240036010742,,,,
16185,16185,18.81361961364746,,,,
16186,16186,18.722654342651367,,,,
16187,16187,18.63990592956543,,,,
16188,16188,18.550920486450195,,,,
16189,16189,,18.494762420654297,,,
16189,16189,18.494762420654297,,,,
16190,16190,18.415302276611328,,,,
16191,16191,18.330400466918945,,,,
16192,16192,18.28282928466797,,,,
16193,16193,18.226354598999023,,,,
16194,16194,18.18097686767578,,,,
16195,16195,18.138416290283203,,,,
16196,16196,18.11181640625,,,,
16197,16197,18.037866592407227,,,,
16198,16198,17.938243865966797,,,,
16199,16199,,17.919214248657227,,,
16199,16199,17.919214248657227,,,,
16200,16200,17.915489196777344,,,,
16201,16201,17.88616371154785,,,,
16202,16202,17.82585334777832,,,,
16203,16203,17.750633239746094,,,,
16204,16204,17.68707275390625,,,,
16205,16205,17.633590698242188,,,,
16206,16206,17.56416893005371,,,,
16207,16207,17.565567016601562,,,,
16208,16208,17.57606315612793,,,,
16209,16209,,17.520112991333008,,,
16209,16209,17.520112991333008,,,,
16210,16210,17.500070571899414,,,,
16211,16211,17.447158813476562,,,,
16212,16212,17.391916275024414,,,,
16213,16213,17.302444458007812,,,,
16214,16214,17.303983688354492,,,,
16215,16215,17.267711639404297,,,,
16216,16216,17.196138381958008,,,,
16217,16217,17.152437210083008,,,,
16218,16218,17.096574783325195,,,,
16219,16219,,17.020771026611328,,,
16219,16219,17.020771026611328,,,,
16220,16220,17.040971755981445,,,,
16221,16221,16.968477249145508,,,,
16222,16222,16.936386108398438,,,,
16223,16223,16.929277420043945,,,,
16224,16224,16.86541175842285,,,,
16225,16225,16.8144588470459,,,,
16226,16226,16.752025604248047,,,,
16227,16227,16.67844009399414,,,,
16228,16228,16.646446228027344,,,,
16229,16229,,16.666872024536133,,,
16229,16229,16.666872024536133,,,,
16230,16230,16.627084732055664,,,,
16231,16231,16.581132888793945,,,,
16232,16232,16.508394241333008,,,,
16233,16233,16.46566390991211,,,,
16234,16234,16.42376708984375,,,,
16235,16235,16.409482955932617,,,,
16236,16236,16.353567123413086,,,,
16237,16237,16.333723068237305,,,,
16238,16238,16.31328010559082,,,,
16239,16239,,16.281084060668945,,,
16239,16239,16.281084060668945,,,,
16240,16240,16.1856689453125,,,,
16241,16241,16.113811492919922,,,,
16242,16242,16.06279182434082,,,,
16243,16243,16.041439056396484,,,,
16244,16244,15.98458194732666,,,,
16245,16245,15.960050582885742,,,,
16246,16246,15.918464660644531,,,,
16247,16247,15.845039367675781,,,,
16248,16248,15.83167839050293,,,,
16249,16249,,15.805054664611816,,,
16249,16249,15.805054664611816,,,,
16250,16250,15.763784408569336,,,,
16251,16251,15.754817962646484,,,,
16252,16252,15.71969223022461,,,,
16253,16253,15.669278144836426,,,,
16254,16254,15.602496147155762,,,,
16255,16255,15.512123107910156,,,,
16256,16256,15.468035697937012,,,,
16257,16257,15.432451248168945,,,,
16258,16258,15.410417556762695,,,,
16259,16259,,15.392245292663574,,,
16259,16259,15.392245292663574,,,,
16260,16260,15.352211952209473,,,,
16261,16261,15.358952522277832,,,,
16262,16262,15.342663764953613,,,,
16263,16263,15.289262771606445,,,,
16264,16264,15.206388473510742,,,,
16265,16265,15.207781791687012,,,,
16266,16266,15.160143852233887,,,,
16267,16267,15.1127347946167,,,,
16268,16268,15.115028381347656,,,,
16269,16269,,15.050708770751953,,,
16269,16269,15.050708770751953,,,,
16270,16270,14.966538429260254,,,,
16271,16271,14.90708065032959,,,,
16272,16272,14.850287437438965,,,,
16273,16273,14.811511039733887,,,,
16274,16274,14.750289916992188,,,,
16275,16275,14.698512077331543,,,,
16276,16276,14.618244171142578,,,,
16277,16277,14.616151809692383,,,,
16278,16278,14.566753387451172,,,,
16279,16279,,14.497396469116211,,,
16279,16279,14.497396469116211,,,,
16280,16280,14.46832275390625,,,,
16281,16281,14.3779878616333,,,,
16282,16282,14.338030815124512,,,,
16283,16283,14.393754959106445,,,,
16284,16284,14.345699310302734,,,,
16285,16285,14.278274536132812,,,,
16286,16286,14.18983268737793,,,,
16287,16287,14.084030151367188,,,,
16288,16288,14.011068344116211,,,,
16289,16289,,13.978653907775879,,,
16289,16289,13.978653907775879,,,,
16290,16290,13.967856407165527,,,,
16291,16291,13.923007011413574,,,,
16292,16292,13.849047660827637,,,,
16293,16293,13.821324348449707,,,,
16294,16294,13.805575370788574,,,,
16295,16295,13.728063583374023,,,,
16296,16296,13.733134269714355,,,,
16297,16297,13.704190254211426,,,,
16298,16298,13.678858757019043,,,,
16299,16299,,13.57230281829834,,,
16299,16299,13.57230281829834,,,,
16300,16300,13.532610893249512,,,,
16301,16301,13.487600326538086,,,,
16302,16302,13.499627113342285,,,,
16303,16303,13.464077949523926,,,,
16304,16304,13.399950981140137,,,,
16305,16305,13.345483779907227,,,,
16306,16306,13.297703742980957,,,,
16307,16307,13.238020896911621,,,,
16308,16308,13.218889236450195,,,,
16309,16309,,13.191049575805664,,,
16309,16309,13.191049575805664,,,,
16310,16310,13.177787780761719,,,,
16311,16311,13.139239311218262,,,,
16312,16312,13.088332176208496,,,,
16313,16313,13.116195678710938,,,,
16314,16314,13.069607734680176,,,,
16315,16315,12.97964859008789,,,,
16316,16316,12.988738059997559,,,,
16317,16317,12.914149284362793,,,,
16318,16318,12.871599197387695,,,,
16319,16319,,12.837043762207031,,,
16319,16319,12.837043762207031,,,,
16320,16320,12.804662704467773,,,,
16321,16321,12.795254707336426,,,,
16322,16322,12.761658668518066,,,,
16323,16323,12.73723316192627,,,,
16324,16324,12.737963676452637,,,,
16325,16325,12.676521301269531,,,,
16326,16326,12.650045394897461,,,,
16327,16327,12.65184497833252,,,,
16328,16328,12.622276306152344,,,,
16329,16329,,12.610333442687988,,,
16329,16329,12.610333442687988,,,,
16330,16330,12.57729434967041,,,,
16331,16331,12.544485092163086,,,,
16332,16332,12.48013687133789,,,,
16333,16333,12.445330619812012,,,,
16334,16334,12.38801383972168,,,,
16335,16335,12.323073387145996,,,,
16336,16336,12.26611328125,,,,
16337,16337,12.293283462524414,,,,
16338,16338,12.254302978515625,,,,
16339,16339,,12.231277465820312,,,
16339,16339,12.231277465820312,,,,
16340,16340,12.244133949279785,,,,
16341,16341,12.214242935180664,,,,
16342,16342,12.169229507446289,,,,
16343,16343,12.12313461303711,,,,
16344,16344,12.0906343460083,,,,
16345,16345,12.080204010009766,,,,
16346,16346,12.076910018920898,,,,
16347,16347,12.0357027053833,,,,
16348,16348,12.022863388061523,,,,
16349,16349,,12.001773834228516,,,
16349,16349,12.001773834228516,,,,
16350,16350,11.961976051330566,,,,
16351,16351,11.91383171081543,,,,
16352,16352,11.943004608154297,,,,
16353,16353,11.890724182128906,,,,
16354,16354,11.87683391571045,,,,
16355,16355,11.852478981018066,,,,
16356,16356,11.800614356994629,,,,
16357,16357,11.723310470581055,,,,
16358,16358,11.733421325683594,,,,
16359,16359,,11.721758842468262,,,
16359,16359,11.721758842468262,,,,
16360,16360,11.71471118927002,,,,
16361,16361,11.676852226257324,,,,
16362,16362,11.680183410644531,,,,
16363,16363,11.63805866241455,,,,
16364,16364,11.610158920288086,,,,
16365,16365,11.588822364807129,,,,
16366,16366,11.56083869934082,,,,
16367,16367,11.554553985595703,,,,
16368,16368,11.51982307434082,,,,
16369,16369,,11.560017585754395,,,
16369,16369,11.560017585754395,,,,
16370,16370,11.58591079711914,,,,
16371,16371,11.593694686889648,,,,
16372,16372,11.535539627075195,,,,
16373,16373,11.556584358215332,,,,
16374,16374,11.518004417419434,,,,
16375,16375,11.457386016845703,,,,
16376,16376,11.464447021484375,,,,
16377,16377,11.453898429870605,,,,
16378,16378,11.419087409973145,,,,
16379,16379,,11.33362102508545,,,
16379,16379,11.33362102508545,,,,
16380,16380,11.304781913757324,,,,
16381,16381,11.277210235595703,,,,
16382,16382,11.26778507232666,,,,
16383,16383,11.269767761230469,,,,
16384,16384,11.250627517700195,,,,
16385,16385,11.217216491699219,,,,
16386,16386,11.182735443115234,,,,
16387,16387,11.126225471496582,,,,
16388,16388,11.036361694335938,,,,
16389,16389,,11.013397216796875,,,
16389,16389,11.013397216796875,,,,
16390,16390,10.994030952453613,,,,
16391,16391,10.978462219238281,,,,
16392,16392,10.920096397399902,,,,
16393,16393,10.956427574157715,,,,
16394,16394,10.92394733428955,,,,
16395,16395,10.942744255065918,,,,
16396,16396,10.96166706085205,,,,
16397,16397,10.876077651977539,,,,
16398,16398,10.85611629486084,,,,
16399,16399,,10.802632331848145,,,
16399,16399,10.802632331848145,,,,
16400,16400,10.798011779785156,,,,
16401,16401,10.749303817749023,,,,
16402,16402,10.705039978027344,,,,
16403,16403,10.680730819702148,,,,
16404,16404,10.723969459533691,,,,
16405,16405,10.641088485717773,,,,
16406,16406,10.586380004882812,,,,
16407,16407,10.618942260742188,,,,
16408,16408,10.638359069824219,,,,
16409,16409,,10.609615325927734,,,
16409,16409,10.609615325927734,,,,
16410,16410,10.58106517791748,,,,
16411,16411,10.50025749206543,,,,
16412,16412,10.547771453857422,,,,
16413,16413,10.495094299316406,,,,
16414,16414,10.541861534118652,,,,
16415,16415,10.542525291442871,,,,
16416,16416,10.550066947937012,,,,
16417,16417,10.506856918334961,,,,
16418,16418,10.496213912963867,,,,
16419,16419,,10.452291488647461,,,
16419,16419,10.452291488647461,,,,
16420,16420,10.436302185058594,,,,
16421,16421,10.405132293701172,,,,
16422,16422,10.407464027404785,,,,
16423,16423,10.264864921569824,,,,
16424,16424,10.25829792022705,,,,
16425,16425,10.201645851135254,,,,
16426,16426,10.174222946166992,,,,
16427,16427,10.156075477600098,,,,
16428,16428,10.065836906433105,,,,
16429,16429,,10.031912803649902,,,
16429,16429,10.031912803649902,,,,
16430,16430,10.008764266967773,,,,
16431,16431,9.988129615783691,,,,
16432,16432,9.979130744934082,,,,
16433,16433,9.926595687866211,,,,
16434,16434,9.890517234802246,,,,
16435,16435,9.89478588104248,,,,
16436,16436,9.885096549987793,,,,
16437,16437,9.860227584838867,,,,
16438,16438,9.834790229797363,,,,
16439,16439,,9.827797889709473,,,
16439,16439,9.827797889709473,,,,
16440,16440,9.814518928527832,,,,
16441,16441,9.717996597290039,,,,
16442,16442,9.659737586975098,,,,
16443,16443,9.589508056640625,,,,
16444,16444,9.621221542358398,,,,
16445,16445,9.572834968566895,,,,
16446,16446,9.55187702178955,,,,
16447,16447,9.574749946594238,,,,
16448,16448,9.51927375793457,,,,
16449,16449,,9.44489860534668,,,
16449,16449,9.44489860534668,,,,
16450,16450,9.408675193786621,,,,
16451,16451,9.365867614746094,,,,
16452,16452,9.368213653564453,,,,
16453,16453,9.382612228393555,,,,
16454,16454,9.374109268188477,,,,
16455,16455,9.385375022888184,,,,
16456,16456,9.330777168273926,,,,
16457,16457,9.280936241149902,,,,
16458,16458,9.275054931640625,,,,
16459,16459,,9.2998628616333,,,
16459,16459,9.2998628616333,,,,
16460,16460,9.3209810256958,,,,
16461,16461,9.25970458984375,,,,
16462,16462,9.32188892364502,,,,
16463,16463,9.312414169311523,,,,
16464,16464,9.304678916931152,,,,
16465,16465,9.236753463745117,,,,
16466,16466,9.183917999267578,,,,
16467,16467,9.155241012573242,,,,
16468,16468,9.119600296020508,,,,
16469,16469,,9.097330093383789,,,
16469,16469,9.097330093383789,,,,
16470,16470,9.039938926696777,,,,
16471,16471,8.986626625061035,,,,
16472,16472,8.945358276367188,,,,
16473,16473,8.862049102783203,,,,
16474,16474,8.82885456085205,,,,
16475,16475,8.752211570739746,,,,
16476,16476,8.76827335357666,,,,
16477,16477,8.748754501342773,,,,
16478,16478,8.688965797424316,,,,
16479,16479,,8.703015327453613,,,
16479,16479,8.703015327453613,,,,
16480,16480,8.745777130126953,,,,
16481,16481,8.741960525512695,,,,
16482,16482,8.742281913757324,,,,
16483,16483,8.66577434539795,,,,
16484,16484,8.695956230163574,,,,
16485,16485,8.627638816833496,,,,
16486,16486,8.615055084228516,,,,
16487,16487,8.59183406829834,,,,
16488,16488,8.507871627807617,,,,
16489,16489,,8.401481628417969,,,
16489,16489,8.401481628417969,,,,
16490,16490,8.376184463500977,,,,
16491,16491,8.389931678771973,,,,
16492,16492,8.341233253479004,,,,
16493,16493,8.302743911743164,,,,
16494,16494,8.248744010925293,,,,
16495,16495,8.170761108398438,,,,
16496,16496,8.17769718170166,,,,
16497,16497,8.175605773925781,,,,
16498,16498,8.12882137298584,,,,
16499,16499,,8.064155578613281,,,
16499,16499,,,0.2467658519744873,372.4444274902344,282.1497497558594
16499,16499,8.064155578613281,,,,
16500,16500,8.058235168457031,,,,
16501,16501,8.10093879699707,,,,
16502,16502,7.97310733795166,,,,
16503,16503,7.947635173797607,,,,
16504,16504,7.901169776916504,,,,
16505,16505,7.8167219161987305,,,,
16506,16506,7.829535484313965,,,,
16507,16507,7.787257671356201,,,,
16508,16508,7.741162300109863,,,,
16509,16509,,7.724997520446777,,,
16509,16509,7.724997520446777,,,,
16510,16510,7.708805561065674,,,,
16511,16511,7.643734455108643,,,,
16512,16512,7.622962474822998,,,,
16513,16513,7.648396015167236,,,,
16514,16514,7.585499286651611,,,,
16515,16515,7.519641399383545,,,,
16516,16516,7.489543914794922,,,,
16517,16517,7.500875949859619,,,,
16518,16518,7.464842796325684,,,,
16519,16519,,7.464353561401367,,,
16519,16519,7.464353561401367,,,,
16520,16520,7.40919303894043,,,,
16521,16521,7.406067371368408,,,,
16522,16522,7.353426933288574,,,,
16523,16523,7.3286027908325195,,,,
16524,16524,7.329167366027832,,,,
16525,16525,7.279982566833496,,,,
16526,16526,7.266542911529541,,,,
16527,16527,7.229360580444336,,,,
16528,16528,7.222792148590088,,,,
16529,16529,,7.179492473602295,,,
16529,16529,7.179492473602295,,,,
16530,16530,7.134450912475586,,,,
16531,16531,7.091780185699463,,,,
16532,16532,7.085773468017578,,,,
16533,16533,7.043495178222656,,,,
16534,16534,7.045018672943115,,,,
16535,16535,6.999508857727051,,,,
16536,16536,6.927435398101807,,,,
16537,16537,6.895143508911133,,,,
16538,16538,6.877433776855469,,,,
16539,16539,,6.848933696746826,,,
16539,16539,6.848933696746826,,,,
16540,16540,6.81168270111084,,,,
16541,16541,6.787320137023926,,,,
16542,16542,6.793282508850098,,,,
16543,16543,6.804808616638184,,,,
16544,16544,6.798919677734375,,,,
16545,16545,6.811821937561035,,,,
16546,16546,6.814478397369385,,,,
16547,16547,6.7965593338012695,,,,
16548,16548,6.761236190795898,,,,
16549,16549,,6.756406784057617,,,
16549,16549,6.756406784057617,,,,
16550,16550,6.737608909606934,,,,
16551,16551,6.7289862632751465,,,,
16552,16552,6.735330581665039,,,,
16553,16553,6.72447395324707,,,,
16554,16554,6.731130599975586,,,,
16555,16555,6.726566314697266,,,,
16556,16556,6.71412992477417,,,,
16557,16557,6.700265884399414,,,,
16558,16558,6.688432216644287,,,,
16559,16559,,6.677062034606934,,,
16559,16559,6.677062034606934,,,,
16560,16560,6.669950008392334,,,,
16561,16561,6.6394548416137695,,,,
16562,16562,6.638907432556152,,,,
16563,16563,6.607093811035156,,,,
16564,16564,6.596850395202637,,,,
16565,16565,6.57039737701416,,,,
16566,16566,6.56588077545166,,,,
16567,16567,6.5534772872924805,,,,
16568,16568,6.560240268707275,,,,
16569,16569,,6.540676593780518,,,
16569,16569,6.540676593780518,,,,
16570,16570,6.511623859405518,,,,
16571,16571,6.483452796936035,,,,
16572,16572,6.478929042816162,,,,
16573,16573,6.467243194580078,,,,
16574,16574,6.46555757522583,,,,
16575,16575,6.446325302124023,,,,
16576,16576,6.4193034172058105,,,,
16577,16577,6.433408260345459,,,,
16578,16578,6.446056842803955,,,,
16579,16579,,6.438648700714111,,,
16579,16579,6.438648700714111,,,,
16580,16580,6.431460857391357,,,,
16581,16581,6.423926830291748,,,,
16582,16582,6.419130802154541,,,,
16583,16583,6.39244270324707,,,,
16584,16584,6.386869430541992,,,,
16585,16585,6.363101005554199,,,,
16586,16586,6.349316120147705,,,,
16587,16587,6.335155963897705,,,,
16588,16588,6.331167221069336,,,,
16589,16589,,6.322863578796387,,,
16589,16589,6.322863578796387,,,,
16590,16590,6.3177056312561035,,,,
16591,16591,6.307928085327148,,,,
16592,16592,6.3026347160339355,,,,
16593,16593,6.294258117675781,,,,
16594,16594,6.278384208679199,,,,
16595,16595,6.268045425415039,,,,
16596,16596,6.264394283294678,,,,
16597,16597,6.2676100730896,,,,
16598,16598,6.264966011047363,,,,
16599,16599,,6.240850925445557,,,
16599,16599,6.240850925445557,,,,
16600,16600,6.243607521057129,,,,
16601,16601,6.231132507324219,,,,
16602,16602,6.21849250793457,,,,
16603,16603,6.200619697570801,,,,
16604,16604,6.195101261138916,,,,
16605,16605,6.190424919128418,,,,
16606,16606,6.197142124176025,,,,
16607,16607,6.184636116027832,,,,
16608,16608,6.155159950256348,,,,
16609,16609,,6.160658836364746,,,
16609,16609,6.160658836364746,,,,
16610,16610,6.143815517425537,,,,
16611,16611,6.144280910491943,,,,
16612,16612,6.130309581756592,,,,
16613,16613,6.115317344665527,,,,
16614,16614,6.11277437210083,,,,
16615,16615,6.110386848449707,,,,
16616,16616,6.098708152770996,,,,
16617,16617,6.0953569412231445,,,,
16618,16618,6.087793827056885,,,,
16619,16619,,6.093616962432861,,,
16619,16619,6.093616962432861,,,,
16620,16620,6.072980880737305,,,,
16621,16621,6.090646266937256,,,,
16622,16622,6.079592704772949,,,,
16623,16623,6.06231164932251,,,,
16624,16624,6.063082218170166,,,,
16625,16625,6.066282749176025,,,,
16626,16626,6.045745849609375,,,,
16627,16627,6.042214393615723,,,,
16628,16628,6.036465644836426,,,,
16629,16629,,6.027158737182617,,,
16629,16629,6.027158737182617,,,,
16630,16630,6.023342132568359,,,,
16631,16631,5.995734691619873,,,,
16632,16632,5.992927551269531,,,,
16633,16633,5.974233150482178,,,,
16634,16634,5.970299243927002,,,,
16635,16635,5.972101211547852,,,,
16636,16636,5.96915864944458,,,,
16637,16637,5.966614723205566,,,,
16638,16638,5.96626615524292,,,,
16639,16639,,5.963768005371094,,,
16639,16639,5.963768005371094,,,,
16640,16640,5.953948020935059,,,,
16641,16641,5.967345237731934,,,,
16642,16642,5.977550983428955,,,,
16643,16643,5.941482067108154,,,,
16644,16644,5.957828998565674,,,,
16645,16645,5.960622310638428,,,,
16646,16646,5.958484172821045,,,,
16647,16647,5.949639797210693,,,,
16648,16648,5.929503440856934,,,,
16649,16649,,5.944903373718262,,,
16649,16649,5.944903373718262,,,,
16650,16650,5.923370361328125,,,,
16651,16651,5.9080939292907715,,,,
16652,16652,5.8955397605896,,,,
16653,16653,5.912454128265381,,,,
16654,16654,5.875566482543945,,,,
16655,16655,5.875827312469482,,,,
16656,16656,5.885646343231201,,,,
16657,16657,5.871823787689209,,,,
16658,16658,5.879975318908691,,,,
16659,16659,,5.876527309417725,,,
16659,16659,5.876527309417725,,,,
16660,16660,5.853784561157227,,,,
16661,16661,5.859532356262207,,,,
16662,16662,5.859779357910156,,,,
16663,16663,5.824150085449219,,,,
16664,16664,5.847318649291992,,,,
16665,16665,5.838925838470459,,,,
16666,16666,5.834672927856445,,,,
16667,16667,5.844578742980957,,,,
16668,16668,5.8085551261901855,,,,
16669,16669,,5.837686538696289,,,
16669,16669,5.837686538696289,,,,
16670,16670,5.818617343902588,,,,
16671,16671,5.816085338592529,,,,
16672,16672,5.818225383758545,,,,
16673,16673,5.818103790283203,,,,
16674,16674,5.804138660430908,,,,
16675,16675,5.806631088256836,,,,
16676,16676,5.8112711906433105,,,,
16677,16677,5.822689056396484,,,,
16678,16678,5.806386947631836,,,,
16679,16679,,5.803836345672607,,,
16679,16679,5.803836345672607,,,,
16680,16680,5.802756309509277,,,,
16681,16681,5.797184467315674,,,,
16682,16682,5.794960021972656,,,,
16683,16683,5.804037094116211,,,,
16684,16684,5.792290687561035,,,,
16685,16685,5.795981407165527,,,,
16686,16686,5.782417297363281,,,,
16687,16687,5.785924434661865,,,,
16688,16688,5.774185657501221,,,,
16689,16689,,5.779386043548584,,,
16689,16689,5.779386043548584,,,,
16690,16690,5.779729843139648,,,,
16691,16691,5.767937660217285,,,,
16692,16692,5.773401737213135,,,,
16693,16693,5.769578456878662,,,,
16694,16694,5.778126239776611,,,,
16695,16695,5.772062301635742,,,,
16696,16696,5.777431488037109,,,,
16697,16697,5.763406753540039,,,,
16698,16698,5.760409832000732,,,,
16699,16699,,5.738617897033691,,,
16699,16699,5.738617897033691,,,,
16700,16700,5.739558219909668,,,,
16701,16701,5.740810394287109,,,,
16702,16702,5.71649694442749,,,,
16703,16703,5.719686985015869,,,,
16704,16704,5.726766109466553,,,,
16705,16705,5.727864742279053,,,,
16706,16706,5.7209391593933105,,,,
16707,16707,5.718967437744141,,,,
16708,16708,5.714727401733398,,,,
16709,16709,,5.719673156738281,,,
16709,16709,5.719673156738281,,,,
16710,16710,5.694047451019287,,,,
16711,16711,5.692546844482422,,,,
16712,16712,5.689968109130859,,,,
16713,16713,5.685333251953125,,,,
16714,16714,5.6789937019348145,,,,
16715,16715,5.6907172203063965,,,,
16716,16716,5.686523914337158,,,,
16717,16717,5.6983723640441895,,,,
16718,16718,5.698367595672607,,,,
16719,16719,,5.6911702156066895,,,
16719,16719,5.6911702156066895,,,,
16720,16720,5.700429439544678,,,,
16721,16721,5.68104887008667,,,,
16722,16722,5.678678512573242,,,,
16723,16723,5.6989922523498535,,,,
16724,16724,5.660905361175537,,,,
16725,16725,5.699249267578125,,,,
16726,16726,5.700056076049805,,,,
16727,16727,5.673414707183838,,,,
16728,16728,5.692609786987305,,,,
16729,16729,,5.667764663696289,,,
16729,16729,5.667764663696289,,,,
16730,16730,5.697664737701416,,,,
16731,16731,5.661562442779541,,,,
16732,16732,5.668994426727295,,,,
16733,16733,5.6719536781311035,,,,
16734,16734,5.662314414978027,,,,
16735,16735,5.665915012359619,,,,
16736,16736,5.669773578643799,,,,
16737,16737,5.663285732269287,,,,
16738,16738,5.6693949699401855,,,,
16739,16739,,5.670881271362305,,,
16739,16739,5.670881271362305,,,,
16740,16740,5.659554958343506,,,,
16741,16741,5.658592224121094,,,,
16742,16742,5.664810657501221,,,,
16743,16743,5.650721549987793,,,,
16744,16744,5.653849124908447,,,,
16745,16745,5.642528057098389,,,,
16746,16746,5.639191150665283,,,,
16747,16747,5.639410018920898,,,,
16748,16748,5.633340835571289,,,,
16749,16749,,5.642747402191162,,,
16749,16749,5.642747402191162,,,,
16750,16750,5.630248546600342,,,,
16751,16751,5.625125408172607,,,,
16752,16752,5.638317108154297,,,,
16753,16753,5.63736629486084,,,,
16754,16754,5.634314060211182,,,,
16755,16755,5.62512731552124,,,,
16756,16756,5.631496429443359,,,,
16757,16757,5.61091423034668,,,,
16758,16758,5.62175989151001,,,,
16759,16759,,5.633820056915283,,,
16759,16759,5.633820056915283,,,,
16760,16760,5.627381324768066,,,,
16761,16761,5.625097274780273,,,,
16762,16762,5.606103897094727,,,,
16763,16763,5.603077411651611,,,,
16764,16764,5.605050086975098,,,,
16765,16765,5.617361545562744,,,,
16766,16766,5.617142200469971,,,,
16767,16767,5.601332187652588,,,,
16768,16768,5.600812911987305,,,,
16769,16769,,5.598052978515625,,,
16769,16769,5.598052978515625,,,,
16770,16770,5.59958553314209,,,,
16771,16771,5.58969783782959,,,,
16772,16772,5.587863922119141,,,,
16773,16773,5.588286876678467,,,,
16774,16774,5.5873212814331055,,,,
16775,16775,5.590422630310059,,,,
16776,16776,5.593043327331543,,,,
16777,16777,5.5834174156188965,,,,
16778,16778,5.567693710327148,,,,
16779,16779,,5.567011833190918,,,
16779,16779,5.567011833190918,,,,
16780,16780,5.576416015625,,,,
16781,16781,5.552342414855957,,,,
16782,16782,5.56538724899292,,,,
16783,16783,5.5586981773376465,,,,
16784,16784,5.558452606201172,,,,
16785,16785,5.551944732666016,,,,
16786,16786,5.559476852416992,,,,
16787,16787,5.551620960235596,,,,
16788,16788,5.553320407867432,,,,
16789,16789,,5.551414966583252,,,
16789,16789,5.551414966583252,,,,
16790,16790,5.570511341094971,,,,
16791,16791,5.561509609222412,,,,
16792,16792,5.565769195556641,,,,
16793,16793,5.5867743492126465,,,,
16794,16794,5.56466007232666,,,,
16795,16795,5.557098865509033,,,,
16796,16796,5.5510735511779785,,,,
16797,16797,5.538579940795898,,,,
16798,16798,5.552809715270996,,,,
16799,16799,,5.551532745361328,,,
16799,16799,5.551532745361328,,,,
16800,16800,5.537994384765625,,,,
16801,16801,5.542058944702148,,,,
16802,16802,5.517784118652344,,,,
16803,16803,5.516982555389404,,,,
16804,16804,5.509620189666748,,,,
16805,16805,5.505051136016846,,,,
16806,16806,5.513355731964111,,,,
16807,16807,5.513487339019775,,,,
16808,16808,5.518425941467285,,,,
16809,16809,,5.537829875946045,,,
16809,16809,5.537829875946045,,,,
16810,16810,5.527470111846924,,,,
16811,16811,5.529372692108154,,,,
16812,16812,5.554946422576904,,,,
16813,16813,5.524507522583008,,,,
16814,16814,5.539717197418213,,,,
16815,16815,5.5100178718566895,,,,
16816,16816,5.520324230194092,,,,
16817,16817,5.515345096588135,,,,
16818,16818,5.494071006774902,,,,
16819,16819,,5.4982380867004395,,,
16819,16819,5.4982380867004395,,,,
16820,16820,5.457582950592041,,,,
16821,16821,5.456511974334717,,,,
16822,16822,5.493826866149902,,,,
16823,16823,5.490144729614258,,,,
16824,16824,5.507223606109619,,,,
16825,16825,5.513297080993652,,,,
16826,16826,5.505946159362793,,,,
16827,16827,5.496645450592041,,,,
16828,16828,5.497742652893066,,,,
16829,16829,,5.449949264526367,,,
16829,16829,5.449949264526367,,,,
16830,16830,5.435530662536621,,,,
16831,16831,5.449770927429199,,,,
16832,16832,5.423995494842529,,,,
16833,16833,5.4086174964904785,,,,
16834,16834,5.410824298858643,,,,
16835,16835,5.412602424621582,,,,
16836,16836,5.425280570983887,,,,
16837,16837,5.422910213470459,,,,
16838,16838,5.4242753982543945,,,,
16839,16839,,5.406692028045654,,,
16839,16839,5.406692028045654,,,,
16840,16840,5.403463840484619,,,,
16841,16841,5.415471076965332,,,,
16842,16842,5.4041666984558105,,,,
16843,16843,5.398270130157471,,,,
16844,16844,5.411116600036621,,,,
16845,16845,5.394073486328125,,,,
16846,16846,5.412655353546143,,,,
16847,16847,5.38420295715332,,,,
16848,16848,5.382381916046143,,,,
16849,16849,,5.379027843475342,,,
16849,16849,5.379027843475342,,,,
16850,16850,5.375047206878662,,,,
16851,16851,5.406875133514404,,,,
16852,16852,5.396543979644775,,,,
16853,16853,5.406434059143066,,,,
16854,16854,5.386347770690918,,,,
16855,16855,5.3909759521484375,,,,
16856,16856,5.359396934509277,,,,
16857,16857,5.359219551086426,,,,
16858,16858,5.366124153137207,,,,
16859,16859,,5.366177082061768,,,
16859,16859,5.366177082061768,,,,
16860,16860,5.374610900878906,,,,
16861,16861,5.43026876449585,,,,
16862,16862,5.3978352546691895,,,,
16863,16863,5.49057149887085,,,,
16864,16864,5.494762897491455,,,,
16865,16865,5.761842250823975,,,,
16866,16866,5.69972562789917,,,,
16867,16867,6.014873027801514,,,,
16868,16868,5.477461338043213,,,,
16869,16869,,5.409779071807861,,,
16869,16869,5.409779071807861,,,,
16870,16870,5.534570217132568,,,,
16871,16871,5.630187511444092,,,,
16872,16872,6.036605358123779,,,,
16873,16873,5.431525707244873,,,,
16874,16874,5.363067150115967,,,,
16875,16875,5.433085918426514,,,,
16876,16876,5.5319905281066895,,,,
16877,16877,6.072854042053223,,,,
16878,16878,5.482095241546631,,,,
16879,16879,,5.368666648864746,,,
16879,16879,5.368666648864746,,,,
16880,16880,5.358543395996094,,,,
16881,16881,5.427574634552002,,,,
16882,16882,5.847131729125977,,,,
16883,16883,5.606000900268555,,,,
16884,16884,5.85878849029541,,,,
16885,16885,5.448335647583008,,,,
16886,16886,5.399750232696533,,,,
16887,16887,5.330270290374756,,,,
16888,16888,5.332028865814209,,,,
16889,16889,,5.418692111968994,,,
16889,16889,5.418692111968994,,,,
16890,16890,5.4505934715271,,,,
16891,16891,5.825108528137207,,,,
16892,16892,5.668428421020508,,,,
16893,16893,6.232861042022705,,,,
16894,16894,5.400706768035889,,,,
16895,16895,5.453328609466553,,,,
16896,16896,6.122642517089844,,,,
16897,16897,5.422214031219482,,,,
16898,16898,5.388985633850098,,,,
16899,16899,,5.760402679443359,,,
16899,16899,5.760402679443359,,,,
16900,16900,5.639864921569824,,,,
16901,16901,5.974145889282227,,,,
16902,16902,5.367178440093994,,,,
16903,16903,5.376161575317383,,,,
16904,16904,5.842111110687256,,,,
16905,16905,5.555800437927246,,,,
16906,16906,5.668906211853027,,,,
16907,16907,5.339665412902832,,,,
16908,16908,5.339468479156494,,,,
16909,16909,,5.586203098297119,,,
16909,16909,5.586203098297119,,,,
16910,16910,5.483701705932617,,,,
16911,16911,5.695803642272949,,,,
16912,16912,5.39583158493042,,,,
16913,16913,5.421905040740967,,,,
16914,16914,5.3208909034729,,,,
16915,16915,5.305679798126221,,,,
16916,16916,5.289557456970215,,,,
16917,16917,5.277875900268555,,,,
16918,16918,5.271655559539795,,,,
16919,16919,,5.29473876953125,,,
16919,16919,5.29473876953125,,,,
16920,16920,5.399356365203857,,,,
16921,16921,5.441267967224121,,,,
16922,16922,5.997325897216797,,,,
16923,16923,5.461145401000977,,,,
16924,16924,5.388278007507324,,,,
16925,16925,5.318617820739746,,,,
16926,16926,5.3183465003967285,,,,
16927,16927,5.466450214385986,,,,
16928,16928,5.454510688781738,,,,
16929,16929,,5.819619655609131,,,
16929,16929,5.819619655609131,,,,
16930,16930,5.380858421325684,,,,
16931,16931,5.349416732788086,,,,
16932,16932,5.283047676086426,,,,
16933,16933,5.271879196166992,,,,
16934,16934,5.31606388092041,,,,
16935,16935,5.32086706161499,,,,
16936,16936,5.444254398345947,,,,
16937,16937,5.423384189605713,,,,
16938,16938,5.741014003753662,,,,
16939,16939,,5.385390281677246,,,
16939,16939,5.385390281677246,,,,
16940,16940,5.320772171020508,,,,
16941,16941,5.2925028800964355,,,,
16942,16942,5.262345314025879,,,,
16943,16943,5.277106761932373,,,,
16944,16944,5.297330379486084,,,,
16945,16945,5.407740592956543,,,,
16946,16946,5.496427059173584,,,,
16947,16947,6.158912658691406,,,,
16948,16948,5.4073567390441895,,,,
16949,16949,,5.317814826965332,,,
16949,16949,5.317814826965332,,,,
16950,16950,5.277809143066406,,,,
16951,16951,5.304929256439209,,,,
16952,16952,5.396432399749756,,,,
16953,16953,5.364021301269531,,,,
16954,16954,5.353952407836914,,,,
16955,16955,5.2812395095825195,,,,
16956,16956,5.297857761383057,,,,
16957,16957,5.295253753662109,,,,
16958,16958,5.407018184661865,,,,
16959,16959,,5.373708724975586,,,
16959,16959,5.373708724975586,,,,
16960,16960,5.529982566833496,,,,
16961,16961,5.358273983001709,,,,
16962,16962,5.4168219566345215,,,,
16963,16963,5.322824478149414,,,,
16964,16964,5.283502101898193,,,,
16965,16965,5.223567962646484,,,,
16966,16966,5.229546070098877,,,,
16967,16967,5.247027397155762,,,,
16968,16968,5.327530384063721,,,,
16969,16969,,5.836762428283691,,,
16969,16969,5.836762428283691,,,,
16970,16970,5.7062273025512695,,,,
16971,16971,6.729312419891357,,,,
16972,16972,5.255528926849365,,,,
16973,16973,6.516159534454346,,,,
16974,16974,10.183680534362793,,,,
16975,16975,8.602482795715332,,,,
16976,16976,9.351795196533203,,,,
16977,16977,10.653558731079102,,,,
16978,16978,11.197948455810547,,,,
16979,16979,,6.902196407318115,,,
16979,16979,6.902196407318115,,,,
16980,16980,15.40109634399414,,,,
16981,16981,40.431392669677734,,,,
16982,16982,50.024627685546875,,,,
16983,16983,12.00442886352539,,,,
16984,16984,130.23651123046875,,,,
16985,16985,161.718505859375,,,,
16986,16986,289.4669494628906,,,,
16987,16987,374.6758728027344,,,,
16988,16988,427.92974853515625,,,,
16989,16989,,455.0025634765625,,,
16989,16989,455.0025634765625,,,,
16990,16990,460.5382995605469,,,,
16991,16991,448.7209167480469,,,,
16992,16992,423.98199462890625,,,,
16993,16993,390.17266845703125,,,,
16994,16994,350.60076904296875,,,,
16995,16995,307.7855529785156,,,,
16996,16996,264.23175048828125,,,,
16997,16997,222.0734100341797,,,,
16998,16998,182.4711456298828,,,,
16999,16999,,146.47425842285156,,,
16999,16999,,,0.1729092299938202,182.86378479003906,182.86378479003906
16999,16999,146.47425842285156,,,,
17000,17000,114.36075592041016,,,,
17001,17001,87.546875,,,,
17002,17002,67.23836517333984,,,,
17003,17003,52.99771499633789,,,,
17004,17004,47.17226028442383,,,,
17005,17005,46.519325256347656,,,,
17006,17006,51.33356857299805,,,,
17007,17007,65.41754913330078,,,,
17008,17008,74.96759033203125,,,,
17009,17009,,79.89769744873047,,,
17009,17009,79.89769744873047,,,,
17010,17010,80.9055404663086,,,,
17011,17011,80.1046371459961,,,,
17012,17012,78.33509826660156,,,,
17013,17013,74.36640930175781,,,,
17014,17014,67.58194732666016,,,,
17015,17015,62.55224609375,,,,
17016,17016,56.0124626159668,,,,
17017,17017,51.11499786376953,,,,
17018,17018,47.73328399658203,,,,
17019,17019,,45.297218322753906,,,
17019,17019,45.297218322753906,,,,
17020,17020,44.00377655029297,,,,
17021,17021,43.38606262207031,,,,
17022,17022,43.63315200805664,,,,
17023,17023,44.11853790283203,,,,
17024,17024,44.668540954589844,,,,
17025,17025,45.130775451660156,,,,
17026,17026,45.51154708862305,,,,
17027,17027,45.7460823059082,,,,
17028,17028,45.76569747924805,,,,
17029,17029,,45.49588394165039,,,
17029,17029,45.49588394165039,,,,
17030,17030,44.94208908081055,,,,
17031,17031,44.17253112792969,,,,
17032,17032,43.30571746826172,,,,
17033,17033,42.42204284667969,,,,
17034,17034,41.5677375793457,,,,
17035,17035,40.84246063232422,,,,
17036,17036,40.28605651855469,,,,
17037,17037,39.713436126708984,,,,
17038,17038,39.080482482910156,,,,
17039,17039,,38.42844009399414,,,
17039,17039,38.42844009399414,,,,
17040,17040,37.795265197753906,,,,
17041,17041,37.28105926513672,,,,
17042,17042,36.847816467285156,,,,
17043,17043,36.46897506713867,,,,
17044,17044,36.07701873779297,,,,
17045,17045,35.62965774536133,,,,
17046,17046,35.13187789916992,,,,
17047,17047,34.59507751464844,,,,
17048,17048,34.085079193115234,,,,
17049,17049,,33.627769470214844,,,
17049,17049,33.627769470214844,,,,
17050,17050,33.23667526245117,,,,
17051,17051,32.83251953125,,,,
17052,17052,32.48258590698242,,,,
17053,17053,32.16409683227539,,,,
17054,17054,31.874858856201172,,,,
17055,17055,31.58193016052246,,,,
17056,17056,31.330829620361328,,,,
17057,17057,31.0450439453125,,,,
17058,17058,30.813623428344727,,,,
17059,17059,,30.59931755065918,,,
17059,17059,30.59931755065918,,,,
17060,17060,30.39251136779785,,,,
17061,17061,30.178342819213867,,,,
17062,17062,29.869998931884766,,,,
17063,17063,29.61717414855957,,,,
17064,17064,29.325029373168945,,,,
17065,17065,29.07230567932129,,,,
17066,17066,28.805505752563477,,,,
17067,17067,28.573392868041992,,,,
17068,17068,28.36133575439453,,,,
17069,17069,,28.151355743408203,,,
17069,17069,28.151355743408203,,,,
17070,17070,27.915653228759766,,,,
17071,17071,27.724456787109375,,,,
17072,17072,27.496416091918945,,,,
17073,17073,27.26247787475586,,,,
17074,17074,27.057416915893555,,,,
17075,17075,26.865211486816406,,,,
17076,17076,26.683467864990234,,,,
17077,17077,26.462100982666016,,,,
17078,17078,26.282684326171875,,,,
17079,17079,,26.141071319580078,,,
17079,17079,26.141071319580078,,,,
17080,17080,25.97800636291504,,,,
17081,17081,25.779050827026367,,,,
17082,17082,25.639387130737305,,,,
17083,17083,25.475671768188477,,,,
17084,17084,25.31702995300293,,,,
17085,17085,25.149951934814453,,,,
17086,17086,25.00677490234375,,,,
17087,17087,24.861492156982422,,,,
17088,17088,24.711565017700195,,,,
17089,17089,,24.63863754272461,,,
17089,17089,24.63863754272461,,,,
17090,17090,24.467771530151367,,,,
17091,17091,24.3320369720459,,,,
17092,17092,24.245084762573242,,,,
17093,17093,24.098796844482422,,,,
17094,17094,24.052438735961914,,,,
17095,17095,23.92250633239746,,,,
17096,17096,23.817535400390625,,,,
17097,17097,23.698043823242188,,,,
17098,17098,23.596099853515625,,,,
17099,17099,,23.451162338256836,,,
17099,17099,23.451162338256836,,,,
17100,17100,23.3644962310791,,,,
17101,17101,23.281776428222656,,,,
17102,17102,23.1715030670166,,,,
17103,17103,23.059879302978516,,,,
17104,17104,22.984968185424805,,,,
17105,17105,22.92144775390625,,,,
17106,17106,22.844022750854492,,,,
17107,17107,22.743038177490234,,,,
17108,17108,22.63875389099121,,,,
17109,17109,,22.48049545288086,,,
17109,17109,22.48049545288086,,,,
17110,17110,22.450443267822266,,,,
17111,17111,22.386598587036133,,,,
17112,17112,22.30121612548828,,,,
17113,17113,22.258100509643555,,,,
17114,17114,22.217308044433594,,,,
17115,17115,22.12346839904785,,,,
17116,17116,22.060544967651367,,,,
17117,17117,21.98016357421875,,,,
17118,17118,21.91719627380371,,,,
17119,17119,,21.840972900390625,,,
17119,17119,21.840972900390625,,,,
17120,17120,21.777986526489258,,,,
17121,17121,21.71510887145996,,,,
17122,17122,21.625545501708984,,,,
17123,17123,21.567508697509766,,,,
17124,17124,21.445758819580078,,,,
17125,17125,21.36908721923828,,,,
17126,17126,21.330793380737305,,,,
17127,17127,21.23467445373535,,,,
17128,17128,21.16474151611328,,,,
17129,17129,,21.079994201660156,,,
17129,17129,21.079994201660156,,,,
17130,17130,21.031362533569336,,,,
17131,17131,20.947765350341797,,,,
17132,17132,20.859514236450195,,,,
17133,17133,20.82704734802246,,,,
17134,17134,20.710216522216797,,,,
17135,17135,20.661447525024414,,,,
17136,17136,20.576433181762695,,,,
17137,17137,20.47190284729004,,,,
17138,17138,20.410076141357422,,,,
17139,17139,,20.35118293762207,,,
17139,17139,20.35118293762207,,,,
17140,17140,20.26422882080078,,,,
17141,17141,20.17780303955078,,,,
17142,17142,20.134374618530273,,,,
17143,17143,20.063087463378906,,,,
17144,17144,19.97231674194336,,,,
17145,17145,19.882827758789062,,,,
17146,17146,19.814109802246094,,,,
17147,17147,19.76900291442871,,,,
17148,17148,19.70189094543457,,,,
17149,17149,,19.625062942504883,,,
17149,17149,19.625062942504883,,,,
17150,17150,19.500822067260742,,,,
17151,17151,19.42915916442871,,,,
17152,17152,19.37101173400879,,,,
17153,17153,19.33784294128418,,,,
17154,17154,19.265844345092773,,,,
17155,17155,19.194854736328125,,,,
17156,17156,19.12375831604004,,,,
17157,17157,19.04065704345703,,,,
17158,17158,18.927444458007812,,,,
17159,17159,,18.84706687927246,,,
17159,17159,18.84706687927246,,,,
17160,17160,18.821640014648438,,,,
17161,17161,18.755046844482422,,,,
17162,17162,18.66281509399414,,,,
17163,17163,18.60491943359375,,,,
17164,17164,18.546072006225586,,,,
17165,17165,18.432476043701172,,,,
17166,17166,18.372085571289062,,,,
17167,17167,18.246103286743164,,,,
17168,17168,18.181827545166016,,,,
17169,17169,,18.124528884887695,,,
17169,17169,18.124528884887695,,,,
17170,17170,18.05706214904785,,,,
17171,17171,18.00960350036621,,,,
17172,17172,17.922039031982422,,,,
17173,17173,17.86997413635254,,,,
17174,17174,17.773988723754883,,,,
17175,17175,17.68604850769043,,,,
17176,17176,17.619251251220703,,,,
17177,17177,17.619592666625977,,,,
17178,17178,17.483304977416992,,,,
17179,17179,,17.419553756713867,,,
17179,17179,17.419553756713867,,,,
17180,17180,17.388675689697266,,,,
17181,17181,17.35065269470215,,,,
17182,17182,17.305564880371094,,,,
17183,17183,17.25616455078125,,,,
17184,17184,17.17076873779297,,,,
17185,17185,17.102523803710938,,,,
17186,17186,17.023962020874023,,,,
17187,17187,16.93038558959961,,,,
17188,17188,16.881168365478516,,,,
17189,17189,,16.8298282623291,,,
17189,17189,16.8298282623291,,,,
17190,17190,16.803773880004883,,,,
17191,17191,16.745140075683594,,,,
17192,17192,16.72620964050293,,,,
17193,17193,16.679319381713867,,,,
17194,17194,16.592239379882812,,,,
17195,17195,16.537395477294922,,,,
17196,17196,16.46969985961914,,,,
17197,17197,16.46240997314453,,,,
17198,17198,16.413694381713867,,,,
17199,17199,,16.3498477935791,,,
17199,17199,16.3498477935791,,,,
17200,17200,16.285791397094727,,,,
17201,17201,16.206396102905273,,,,
17202,17202,16.17253303527832,,,,
17203,17203,16.106760025024414,,,,
17204,17204,16.043611526489258,,,,
17205,17205,16.002357482910156,,,,
17206,17206,15.931182861328125,,,,
17207,17207,15.918595314025879,,,,
17208,17208,15.88348388671875,,,,
17209,17209,,15.806070327758789,,,
17209,17209,15.806070327758789,,,,
17210,17210,15.7462158203125,,,,
17211,17211,15.709129333496094,,,,
17212,17212,15.673547744750977,,,,
17213,17213,15.663321495056152,,,,
17214,17214,15.642721176147461,,,,
17215,17215,15.600911140441895,,,,
17216,17216,15.590813636779785,,,,
17217,17217,15.535969734191895,,,,
17218,17218,15.500693321228027,,,,
17219,17219,,15.46496868133545,,,
17219,17219,15.46496868133545,,,,
17220,17220,15.385246276855469,,,,
17221,17221,15.338016510009766,,,,
17222,17222,15.310745239257812,,,,
17223,17223,15.29406452178955,,,,
17224,17224,15.254895210266113,,,,
17225,17225,15.236336708068848,,,,
17226,17226,15.160351753234863,,,,
17227,17227,15.114641189575195,,,,
17228,17228,15.083922386169434,,,,
17229,17229,,15.02346420288086,,,
17229,17229,15.02346420288086,,,,
17230,17230,14.940411567687988,,,,
17231,17231,14.89789867401123,,,,
17232,17232,14.844261169433594,,,,
17233,17233,14.794251441955566,,,,
17234,17234,14.78321647644043,,,,
17235,17235,14.751768112182617,,,,
17236,17236,14.70998477935791,,,,
17237,17237,14.647287368774414,,,,
17238,17238,14.59450626373291,,,,
17239,17239,,14.572607040405273,,,
17239,17239,14.572607040405273,,,,
17240,17240,14.526917457580566,,,,
17241,17241,14.466208457946777,,,,
17242,17242,14.437934875488281,,,,
17243,17243,14.45931339263916,,,,
17244,17244,14.461203575134277,,,,
17245,17245,14.43274974822998,,,,
17246,17246,14.400361061096191,,,,
17247,17247,14.358598709106445,,,,
17248,17248,14.298965454101562,,,,
17249,17249,,14.274539947509766,,,
17249,17249,14.274539947509766,,,,
17250,17250,14.224055290222168,,,,
17251,17251,14.173590660095215,,,,
17252,17252,14.163588523864746,,,,
17253,17253,14.150687217712402,,,,
17254,17254,14.139159202575684,,,,
17255,17255,14.112868309020996,,,,
17256,17256,14.081501960754395,,,,
17257,17257,14.02350902557373,,,,
17258,17258,14.04169750213623,,,,
17259,17259,,14.016935348510742,,,
17259,17259,14.016935348510742,,,,
17260,17260,13.955927848815918,,,,
17261,17261,13.925176620483398,,,,
17262,17262,13.877306938171387,,,,
17263,17263,13.857427597045898,,,,
17264,17264,13.804145812988281,,,,
17265,17265,13.727423667907715,,,,
17266,17266,13.696249008178711,,,,
17267,17267,13.712827682495117,,,,
17268,17268,13.685076713562012,,,,
17269,17269,,13.6506986618042,,,
17269,17269,13.6506986618042,,,,
17270,17270,13.650120735168457,,,,
17271,17271,13.610067367553711,,,,
17272,17272,13.584156036376953,,,,
17273,17273,13.536128044128418,,,,
17274,17274,13.528663635253906,,,,
17275,17275,13.498632431030273,,,,
17276,17276,13.392895698547363,,,,
17277,17277,13.349906921386719,,,,
17278,17278,13.269697189331055,,,,
17279,17279,,13.226518630981445,,,
17279,17279,13.226518630981445,,,,
17280,17280,13.18625259399414,,,,
17281,17281,13.210223197937012,,,,
17282,17282,13.17457389831543,,,,
17283,17283,13.129022598266602,,,,
17284,17284,13.099518775939941,,,,
17285,17285,13.06830883026123,,,,
17286,17286,13.015743255615234,,,,
17287,17287,13.015914916992188,,,,
17288,17288,13.035477638244629,,,,
17289,17289,,13.029376029968262,,,
17289,17289,13.029376029968262,,,,
17290,17290,12.991103172302246,,,,
17291,17291,12.944144248962402,,,,
17292,17292,12.921121597290039,,,,
17293,17293,12.874994277954102,,,,
17294,17294,12.851858139038086,,,,
17295,17295,12.878998756408691,,,,
17296,17296,12.81562328338623,,,,
17297,17297,12.780838012695312,,,,
17298,17298,12.731717109680176,,,,
17299,17299,,12.681371688842773,,,
17299,17299,12.681371688842773,,,,
17300,17300,12.638063430786133,,,,
17301,17301,12.599455833435059,,,,
17302,17302,12.585840225219727,,,,
17303,17303,12.53892993927002,,,,
17304,17304,12.525272369384766,,,,
17305,17305,12.505817413330078,,,,
17306,17306,12.488080024719238,,,,
17307,17307,12.482032775878906,,,,
17308,17308,12.526580810546875,,,,
17309,17309,,12.50039291381836,,,
17309,17309,12.50039291381836,,,,
17310,17310,12.470074653625488,,,,
17311,17311,12.417121887207031,,,,
17312,17312,12.380172729492188,,,,
17313,17313,12.325136184692383,,,,
17314,17314,12.321969985961914,,,,
17315,17315,12.273458480834961,,,,
17316,17316,12.252524375915527,,,,
17317,17317,12.178498268127441,,,,
17318,17318,12.161835670471191,,,,
17319,17319,,12.156044006347656,,,
17319,17319,12.156044006347656,,,,
17320,17320,12.163335800170898,,,,
17321,17321,12.153488159179688,,,,
17322,17322,12.145169258117676,,,,
17323,17323,12.046917915344238,,,,
17324,17324,12.029361724853516,,,,
17325,17325,11.960921287536621,,,,
17326,17326,11.916629791259766,,,,
17327,17327,11.84868335723877,,,,
17328,17328,11.839256286621094,,,,
17329,17329,,11.789849281311035,,,
17329,17329,11.789849281311035,,,,
17330,17330,11.75816822052002,,,,
17331,17331,11.708805084228516,,,,
17332,17332,11.700718879699707,,,,
17333,17333,11.644265174865723,,,,
17334,17334,11.597203254699707,,,,
17335,17335,11.53253173828125,,,,
17336,17336,11.455604553222656,,,,
17337,17337,11.487955093383789,,,,
17338,17338,11.45567798614502,,,,
17339,17339,,11.429205894470215,,,
17339,17339,11.429205894470215,,,,
17340,17340,11.434748649597168,,,,
17341,17341,11.328347206115723,,,,
17342,17342,11.307815551757812,,,,
17343,17343,11.282527923583984,,,,
17344,17344,11.256977081298828,,,,
17345,17345,11.243380546569824,,,,
17346,17346,11.227940559387207,,,,
17347,17347,11.162501335144043,,,,
17348,17348,11.12822437286377,,,,
17349,17349,,11.062074661254883,,,
17349,17349,11.062074661254883,,,,
17350,17350,10.988730430603027,,,,
17351,17351,10.94031047821045,,,,
17352,17352,10.898650169372559,,,,
17353,17353,10.87891674041748,,,,
17354,17354,10.855663299560547,,,,
17355,17355,10.822657585144043,,,,
17356,17356,10.77001953125,,,,
17357,17357,10.6243896484375,,,,
17358,17358,10.531747817993164,,,,
17359,17359,,10.502510070800781,,,
17359,17359,10.502510070800781,,,,
17360,17360,10.360635757446289,,,,
17361,17361,10.359018325805664,,,,
17362,17362,10.30079174041748,,,,
17363,17363,10.259285926818848,,,,
17364,17364,10.169023513793945,,,,
17365,17365,10.175410270690918,,,,
17366,17366,10.033910751342773,,,,
17367,17367,9.984944343566895,,,,
17368,17368,10.041729927062988,,,,
17369,17369,,9.949236869812012,,,
17369,17369,9.949236869812012,,,,
17370,17370,9.842206954956055,,,,
17371,17371,9.777738571166992,,,,
17372,17372,9.812246322631836,,,,
17373,17373,9.797958374023438,,,,
17374,17374,9.732633590698242,,,,
17375,17375,9.547285079956055,,,,
17376,17376,9.455323219299316,,,,
17377,17377,9.540811538696289,,,,
17378,17378,9.522226333618164,,,,
17379,17379,,9.421843528747559,,,
17379,17379,9.421843528747559,,,,
17380,17380,9.336304664611816,,,,
17381,17381,9.253554344177246,,,,
17382,17382,9.190592765808105,,,,
17383,17383,9.152790069580078,,,,
17384,17384,9.182416915893555,,,,
17385,17385,9.108054161071777,,,,
17386,17386,9.103487014770508,,,,
17387,17387,8.998127937316895,,,,
17388,17388,8.952003479003906,,,,
17389,17389,,8.902302742004395,,,
17389,17389,8.902302742004395,,,,
17390,17390,8.904118537902832,,,,
17391,17391,8.8766450881958,,,,
17392,17392,8.83745288848877,,,,
17393,17393,8.764512062072754,,,,
17394,17394,8.707098960876465,,,,
17395,17395,8.725682258605957,,,,
17396,17396,8.651520729064941,,,,
17397,17397,8.61785888671875,,,,
17398,17398,8.579057693481445,,,,
17399,17399,,8.533647537231445,,,
17399,17399,8.533647537231445,,,,
17400,17400,8.51427936553955,,,,
17401,17401,8.47982406616211,,,,
17402,17402,8.433173179626465,,,,
17403,17403,8.418978691101074,,,,
17404,17404,8.39132022857666,,,,
17405,17405,8.340917587280273,,,,
17406,17406,8.325181007385254,,,,
17407,17407,8.32022476196289,,,,
17408,17408,8.266190528869629,,,,
17409,17409,,8.309891700744629,,,
17409,17409,8.309891700744629,,,,
17410,17410,8.259567260742188,,,,
17411,17411,8.213264465332031,,,,
17412,17412,8.210673332214355,,,,
17413,17413,8.192255973815918,,,,
17414,17414,8.17933464050293,,,,
17415,17415,8.132347106933594,,,,
17416,17416,8.118956565856934,,,,
17417,17417,8.12510871887207,,,,
17418,17418,8.09304141998291,,,,
17419,17419,,8.06118392944336,,,
17419,17419,8.06118392944336,,,,
17420,17420,8.057975769042969,,,,
17421,17421,8.032855987548828,,,,
17422,17422,8.00739574432373,,,,
17423,17423,8.008903503417969,,,,
17424,17424,8.00156307220459,,,,
17425,17425,8.014191627502441,,,,
17426,17426,8.004439353942871,,,,
17427,17427,7.976736068725586,,,,
17428,17428,7.970814228057861,,,,
17429,17429,,7.938548564910889,,,
17429,17429,7.938548564910889,,,,
17430,17430,7.934317111968994,,,,
17431,17431,7.864874362945557,,,,
17432,17432,7.82874059677124,,,,
17433,17433,7.790693759918213,,,,
17434,17434,7.798083305358887,,,,
17435,17435,7.793942451477051,,,,
17436,17436,7.787680149078369,,,,
17437,17437,7.766002178192139,,,,
17438,17438,7.7571635246276855,,,,
17439,17439,,7.731299877166748,,,
17439,17439,7.731299877166748,,,,
17440,17440,7.728063106536865,,,,
17441,17441,7.683520317077637,,,,
17442,17442,7.640186309814453,,,,
17443,17443,7.651523113250732,,,,
17444,17444,7.627293586730957,,,,
17445,17445,7.6301774978637695,,,,
17446,17446,7.611454486846924,,,,
17447,17447,7.5665082931518555,,,,
17448,17448,7.5709943771362305,,,,
17449,17449,,7.592620372772217,,,
17449,17449,7.592620372772217,,,,
17450,17450,7.535995006561279,,,,
17451,17451,7.477049350738525,,,,
17452,17452,7.487926959991455,,,,
17453,17453,7.475247383117676,,,,
17454,17454,7.43222188949585,,,,
17455,17455,7.370769023895264,,,,
17456,17456,7.42609977722168,,,,
17457,17457,7.425511837005615,,,,
17458,17458,7.377744197845459,,,,
17459,17459,,7.345889568328857,,,
17459,17459,7.345889568328857,,,,
17460,17460,7.3162713050842285,,,,
17461,17461,7.320737838745117,,,,
17462,17462,7.2847442626953125,,,,
17463,17463,7.236328125,,,,
17464,17464,7.205123424530029,,,,
17465,17465,7.242960453033447,,,,
17466,17466,7.197151184082031,,,,
17467,17467,7.1439666748046875,,,,
17468,17468,7.143918037414551,,,,
17469,17469,,7.106422424316406,,,
17469,17469,7.106422424316406,,,,
17470,17470,7.058849334716797,,,,
17471,17471,7.107478141784668,,,,
17472,17472,7.057161331176758,,,,
17473,17473,7.045409679412842,,,,
17474,17474,7.0087785720825195,,,,
17475,17475,7.033655643463135,,,,
17476,17476,7.007784843444824,,,,
17477,17477,6.989053726196289,,,,
17478,17478,6.968427658081055,,,,
17479,17479,,6.935946464538574,,,
17479,17479,6.935946464538574,,,,
17480,17480,6.939138889312744,,,,
17481,17481,6.962800025939941,,,,
17482,17482,6.940206527709961,,,,
17483,17483,6.913307189941406,,,,
17484,17484,6.872250080108643,,,,
17485,17485,6.806891918182373,,,,
17486,17486,6.794154644012451,,,,
17487,17487,6.759187698364258,,,,
17488,17488,6.739999294281006,,,,
17489,17489,,6.722068786621094,,,
17489,17489,6.722068786621094,,,,
17490,17490,6.674685478210449,,,,
17491,17491,6.612300395965576,,,,
17492,17492,6.563313961029053,,,,
17493,17493,6.561917304992676,,,,
17494,17494,6.549683094024658,,,,
17495,17495,6.5054402351379395,,,,
17496,17496,6.477266788482666,,,,
17497,17497,6.476566791534424,,,,
17498,17498,6.443962097167969,,,,
17499,17499,,6.426934719085693,,,
17499,17499,,,0.23060882091522217,325.2694091796875,182.86378479003906
17499,17499,6.426934719085693,,,,
17500,17500,6.452718734741211,,,,
17501,17501,6.387828826904297,,,,
17502,17502,6.351340293884277,,,,
17503,17503,6.351840972900391,,,,
17504,17504,6.347561359405518,,,,
17505,17505,6.319444179534912,,,,
17506,17506,6.293701648712158,,,,
17507,17507,6.273409843444824,,,,
17508,17508,6.280683994293213,,,,
17509,17509,,6.244359016418457,,,
17509,17509,6.244359016418457,,,,
17510,17510,6.235468864440918,,,,
17511,17511,6.215266227722168,,,,
17512,17512,6.203605651855469,,,,
17513,17513,6.198251724243164,,,,
17514,17514,6.1973114013671875,,,,
17515,17515,6.169969081878662,,,,
17516,17516,6.1485419273376465,,,,
17517,17517,6.148765563964844,,,,
17518,17518,6.116451263427734,,,,
17519,17519,,6.132880210876465,,,
17519,17519,6.132880210876465,,,,
17520,17520,6.114722728729248,,,,
17521,17521,6.100464344024658,,,,
17522,17522,6.090463161468506,,,,
17523,17523,6.08550500869751,,,,
17524,17524,6.075872421264648,,,,
17525,17525,6.071059226989746,,,,
17526,17526,6.0630011558532715,,,,
17527,17527,6.054747104644775,,,,
17528,17528,6.024411201477051,,,,
17529,17529,,6.024608612060547,,,
17529,17529,6.024608612060547,,,,
17530,17530,6.00773286819458,,,,
17531,17531,5.994472026824951,,,,
17532,17532,5.97561502456665,,,,
17533,17533,5.962920188903809,,,,
17534,17534,5.957714080810547,,,,
17535,17535,5.96210241317749,,,,
17536,17536,5.951531410217285,,,,
17537,17537,5.942147731781006,,,,
17538,17538,5.92581033706665,,,,
17539,17539,,5.907730579376221,,,
17539,17539,5.907730579376221,,,,
17540,17540,5.908376693725586,,,,
17541,17541,5.895138263702393,,,,
17542,17542,5.8839850425720215,,,,
17543,17543,5.876518726348877,,,,
17544,17544,5.891971588134766,,,,
17545,17545,5.870441913604736,,,,
17546,17546,5.8742499351501465,,,,
17547,17547,5.888184070587158,,,,
17548,17548,5.885383605957031,,,,
17549,17549,,5.860759258270264,,,
17549,17549,5.860759258270264,,,,
17550,17550,5.873373031616211,,,,
17551,17551,5.849127292633057,,,,
17552,17552,5.839366912841797,,,,
17553,17553,5.834274768829346,,,,
17554,17554,5.823851108551025,,,,
17555,17555,5.835607528686523,,,,
17556,17556,5.835447311401367,,,,
17557,17557,5.810126781463623,,,,
17558,17558,5.816952228546143,,,,
17559,17559,,5.829944610595703,,,
17559,17559,5.829944610595703,,,,
17560,17560,5.8173418045043945,,,,
17561,17561,5.787501335144043,,,,
17562,17562,5.779026985168457,,,,
17563,17563,5.790213108062744,,,,
17564,17564,5.764181137084961,,,,
17565,17565,5.746927261352539,,,,
17566,17566,5.76320743560791,,,,
17567,17567,5.760878086090088,,,,
17568,17568,5.747192859649658,,,,
17569,17569,,5.738872051239014,,,
17569,17569,5.738872051239014,,,,
17570,17570,5.749416351318359,,,,
17571,17571,5.737834930419922,,,,
17572,17572,5.714400291442871,,,,
17573,17573,5.714734077453613,,,,
17574,17574,5.711987018585205,,,,
17575,17575,5.710294723510742,,,,
17576,17576,5.690675258636475,,,,
17577,17577,5.6931681632995605,,,,
17578,17578,5.678623199462891,,,,
17579,17579,,5.7044806480407715,,,
17579,17579,5.7044806480407715,,,,
17580,17580,5.694830417633057,,,,
17581,17581,5.676171779632568,,,,
17582,17582,5.66923713684082,,,,
17583,17583,5.6599812507629395,,,,
17584,17584,5.667707443237305,,,,
17585,17585,5.650383949279785,,,,
17586,17586,5.655727386474609,,,,
17587,17587,5.644442558288574,,,,
17588,17588,5.644756317138672,,,,
17589,17589,,5.643568515777588,,,
17589,17589,5.643568515777588,,,,
17590,17590,5.650885581970215,,,,
17591,17591,5.618050575256348,,,,
17592,17592,5.618399143218994,,,,
17593,17593,5.618966579437256,,,,
17594,17594,5.612885475158691,,,,
17595,17595,5.597690105438232,,,,
17596,17596,5.6027116775512695,,,,
17597,17597,5.599357604980469,,,,
17598,17598,5.586792469024658,,,,
17599,17599,,5.5894365310668945,,,
17599,17599,5.5894365310668945,,,,
17600,17600,5.5767436027526855,,,,
17601,17601,5.585639476776123,,,,
17602,17602,5.579137325286865,,,,
17603,17603,5.570572853088379,,,,
17604,17604,5.564286708831787,,,,
17605,17605,5.561923503875732,,,,
17606,17606,5.553886413574219,,,,
17607,17607,5.550622940063477,,,,
17608,17608,5.550418376922607,,,,
17609,17609,,5.544617176055908,,,
17609,17609,5.544617176055908,,,,
17610,17610,5.530361652374268,,,,
17611,17611,5.536080360412598,,,,
17612,17612,5.530553817749023,,,,
17613,17613,5.5107855796813965,,,,
17614,17614,5.513251304626465,,,,
17615,17615,5.530052661895752,,,,
17616,17616,5.524320602416992,,,,
17617,17617,5.494348526000977,,,,
17618,17618,5.507815361022949,,,,
17619,17619,,5.510372638702393,,,
17619,17619,5.510372638702393,,,,
17620,17620,5.49869441986084,,,,
17621,17621,5.505458831787109,,,,
17622,17622,5.497308731079102,,,,
17623,17623,5.500760078430176,,,,
17624,17624,5.494023323059082,,,,
17625,17625,5.4946489334106445,,,,
17626,17626,5.481927871704102,,,,
17627,17627,5.484814167022705,,,,
17628,17628,5.475644588470459,,,,
17629,17629,,5.4771270751953125,,,
17629,17629,5.4771270751953125,,,,
17630,17630,5.477399826049805,,,,
17631,17631,5.475212097167969,,,,
17632,17632,5.480715274810791,,,,
17633,17633,5.479574680328369,,,,
17634,17634,5.466960906982422,,,,
17635,17635,5.467249393463135,,,,
17636,17636,5.429299831390381,,,,
17637,17637,5.443410396575928,,,,
17638,17638,5.415105819702148,,,,
17639,17639,,5.412178993225098,,,
17639,17639,5.412178993225098,,,,
17640,17640,5.422699928283691,,,,
17641,17641,5.4109673500061035,,,,
17642,17642,5.406883716583252,,,,
17643,17643,5.4048357009887695,,,,
17644,17644,5.391642093658447,,,,
17645,17645,5.383149147033691,,,,
17646,17646,5.382505893707275,,,,
17647,17647,5.3810553550720215,,,,
17648,17648,5.341022968292236,,,,
17649,17649,,5.373854637145996,,,
17649,17649,5.373854637145996,,,,
17650,17650,5.3298797607421875,,,,
17651,17651,5.347701549530029,,,,
17652,17652,5.341643333435059,,,,
17653,17653,5.334565162658691,,,,
17654,17654,5.326006889343262,,,,
17655,17655,5.329333305358887,,,,
17656,17656,5.293985843658447,,,,
17657,17657,5.3029584884643555,,,,
17658,17658,5.299006462097168,,,,
17659,17659,,5.289217472076416,,,
17659,17659,5.289217472076416,,,,
17660,17660,5.28729248046875,,,,
17661,17661,5.285298824310303,,,,
17662,17662,5.257593154907227,,,,
17663,17663,5.283761978149414,,,,
17664,17664,5.2801313400268555,,,,
17665,17665,5.254806995391846,,,,
17666,17666,5.286861419677734,,,,
17667,17667,5.2427077293396,,,,
17668,17668,5.255180358886719,,,,
17669,17669,,5.252233028411865,,,
17669,17669,5.252233028411865,,,,
17670,17670,5.234389305114746,,,,
17671,17671,5.233696460723877,,,,
17672,17672,5.226302146911621,,,,
17673,17673,5.230618000030518,,,,
17674,17674,5.223312854766846,,,,
17675,17675,5.226199626922607,,,,
17676,17676,5.220496654510498,,,,
17677,17677,5.210190773010254,,,,
17678,17678,5.1973748207092285,,,,
17679,17679,,5.197888374328613,,,
17679,17679,5.197888374328613,,,,
17680,17680,5.194922924041748,,,,
17681,17681,5.184016227722168,,,,
17682,17682,5.18363094329834,,,,
17683,17683,5.190671920776367,,,,
17684,17684,5.1766791343688965,,,,
17685,17685,5.1868510246276855,,,,
17686,17686,5.169672012329102,,,,
17687,17687,5.166340351104736,,,,
17688,17688,5.161075115203857,,,,
17689,17689,,5.156307697296143,,,
17689,17689,5.156307697296143,,,,
17690,17690,5.154934883117676,,,,
17691,17691,5.1591715812683105,,,,
17692,17692,5.15084171295166,,,,
17693,17693,5.140460014343262,,,,
17694,17694,5.152224540710449,,,,
17695,17695,5.141144275665283,,,,
17696,17696,5.14664363861084,,,,
17697,17697,5.141190052032471,,,,
17698,17698,5.140366077423096,,,,
17699,17699,,5.1487579345703125,,,
17699,17699,5.1487579345703125,,,,
17700,17700,5.141032695770264,,,,
17701,17701,5.14399528503418,,,,
17702,17702,5.144688606262207,,,,
17703,17703,5.136379241943359,,,,
17704,17704,5.150027275085449,,,,
17705,17705,5.137269020080566,,,,
17706,17706,5.14370584487915,,,,
17707,17707,5.141790866851807,,,,
17708,17708,5.141111850738525,,,,
17709,17709,,5.132396697998047,,,
17709,17709,5.132396697998047,,,,
17710,17710,5.120830535888672,,,,
17711,17711,5.1255903244018555,,,,
17712,17712,5.119475364685059,,,,
17713,17713,5.11818265914917,,,,
17714,17714,5.126403331756592,,,,
17715,17715,5.11120080947876,,,,
17716,17716,5.114406585693359,,,,
17717,17717,5.110619068145752,,,,
17718,17718,5.101974010467529,,,,
17719,17719,,5.113386154174805,,,
17719,17719,5.113386154174805,,,,
17720,17720,5.102046489715576,,,,
17721,17721,5.10274600982666,,,,
17722,17722,5.101053237915039,,,,
17723,17723,5.09238862991333,,,,
17724,17724,5.09455680847168,,,,
17725,17725,5.082866191864014,,,,
17726,17726,5.088733196258545,,,,
17727,17727,5.080341815948486,,,,
17728,17728,5.078017711639404,,,,
17729,17729,,5.066316604614258,,,
17729,17729,5.066316604614258,,,,
17730,17730,5.062038898468018,,,,
17731,17731,5.055837631225586,,,,
17732,17732,5.073009490966797,,,,
17733,17733,5.053101062774658,,,,
17734,17734,5.0850396156311035,,,,
17735,17735,5.106804370880127,,,,
17736,17736,5.104828834533691,,,,
17737,17737,5.122252941131592,,,,
17738,17738,5.107104301452637,,,,
17739,17739,,5.1210832595825195,,,
17739,17739,5.1210832595825195,,,,
17740,17740,5.107733249664307,,,,
17741,17741,5.111159324645996,,,,
17742,17742,5.104303359985352,,,,
17743,17743,5.089156627655029,,,,
17744,17744,5.072096347808838,,,,
17745,17745,5.044674396514893,,,,
17746,17746,5.026309967041016,,,,
17747,17747,5.031834125518799,,,,
17748,17748,5.044774055480957,,,,
17749,17749,,5.053451061248779,,,
17749,17749,5.053451061248779,,,,
17750,17750,5.087747097015381,,,,
17751,17751,5.072790622711182,,,,
17752,17752,5.207148551940918,,,,
17753,17753,5.1667046546936035,,,,
17754,17754,5.320796966552734,,,,
17755,17755,5.0934929847717285,,,,
17756,17756,5.023248672485352,,,,
17757,17757,5.067501068115234,,,,
17758,17758,5.104067325592041,,,,
17759,17759,,5.194057941436768,,,
17759,17759,5.194057941436768,,,,
17760,17760,5.065821647644043,,,,
17761,17761,5.0090107917785645,,,,
17762,17762,5.003941059112549,,,,
17763,17763,5.035213947296143,,,,
17764,17764,5.057425022125244,,,,
17765,17765,5.066908359527588,,,,
17766,17766,5.162883758544922,,,,
17767,17767,5.111485004425049,,,,
17768,17768,5.270860195159912,,,,
17769,17769,,5.1144700050354,,,
17769,17769,5.1144700050354,,,,
17770,17770,5.108902454376221,,,,
17771,17771,5.005854606628418,,,,
17772,17772,4.988246917724609,,,,
17773,17773,5.056980609893799,,,,
17774,17774,5.063185691833496,,,,
17775,17775,5.0974884033203125,,,,
17776,17776,5.028608798980713,,,,
17777,17777,5.000735759735107,,,,
17778,17778,4.993898391723633,,,,
17779,17779,,4.972278118133545,,,
17779,17779,4.972278118133545,,,,
17780,17780,4.971787929534912,,,,
17781,17781,4.9770965576171875,,,,
17782,17782,4.97015905380249,,,,
17783,17783,4.970553398132324,,,,
17784,17784,4.975468635559082,,,,
17785,17785,4.971458911895752,,,,
17786,17786,4.973093032836914,,,,
17787,17787,4.950347423553467,,,,
17788,17788,4.959982395172119,,,,
17789,17789,,4.96585750579834,,,
17789,17789,4.96585750579834,,,,
17790,17790,4.954742908477783,,,,
17791,17791,4.972843647003174,,,,
17792,17792,5.000514030456543,,,,
17793,17793,5.050723075866699,,,,
17794,17794,5.251250743865967,,,,
17795,17795,5.123776912689209,,,,
17796,17796,5.315459728240967,,,,
17797,17797,5.01352596282959,,,,
17798,17798,4.936925411224365,,,,
17799,17799,,5.008317470550537,,,
17799,17799,5.008317470550537,,,,
17800,17800,5.01080322265625,,,,
17801,17801,5.038082599639893,,,,
17802,17802,4.971258640289307,,,,
17803,17803,4.9463725090026855,,,,
17804,17804,4.9310078620910645,,,,
17805,17805,4.922148704528809,,,,
17806,17806,4.929967880249023,,,,
17807,17807,4.953628063201904,,,,
17808,17808,5.071158409118652,,,,
17809,17809,,5.24005126953125,,,
17809,17809,5.24005126953125,,,,
17810,17810,6.160912036895752,,,,
17811,17811,4.935543537139893,,,,
17812,17812,5.599435806274414,,,,
17813,17813,7.587305068969727,,,,
17814,17814,5.821597576141357,,,,
17815,17815,10.402774810791016,,,,
17816,17816,18.56491470336914,,,,
17817,17817,19.07693099975586,,,,
17818,17818,8.451272964477539,,,,
17819,17819,,71.62259674072266,,,
17819,17819,71.62259674072266,,,,
17820,17820,132.43026733398438,,,,
17821,17821,226.86473083496094,,,,
17822,17822,286.5233154296875,,,,
17823,17823,320.8597412109375,,,,
17824,17824,334.9327087402344,,,,
17825,17825,332.77532958984375,,,,
17826,17826,318.0323181152344,,,,
17827,17827,293.8414611816406,,,,
17828,17828,263.40203857421875,,,,
17829,17829,,229.19522094726562,,,
17829,17829,229.19522094726562,,,,
17830,17830,193.96739196777344,,,,
17831,17831,158.9920654296875,,,,
17832,17832,126.08495330810547,,,,
17833,17833,96.30621337890625,,,,
17834,17834,71.49101257324219,,,,
17835,17835,51.97808837890625,,,,
17836,17836,40.20760726928711,,,,
17837,17837,37.417476654052734,,,,
17838,17838,46.02226257324219,,,,
17839,17839,,61.365821838378906,,,
17839,17839,61.365821838378906,,,,
17840,17840,66.91661071777344,,,,
17841,17841,70.39936065673828,,,,
17842,17842,73.07481384277344,,,,
17843,17843,73.03257751464844,,,,
17844,17844,70.89177703857422,,,,
17845,17845,67.29742431640625,,,,
17846,17846,65.2265625,,,,
17847,17847,61.99868392944336,,,,
17848,17848,56.560646057128906,,,,
17849,17849,,51.706268310546875,,,
17849,17849,51.706268310546875,,,,
17850,17850,44.71857833862305,,,,
17851,17851,41.03657913208008,,,,
17852,17852,38.866912841796875,,,,
17853,17853,38.6950569152832,,,,
17854,17854,39.23345184326172,,,,
17855,17855,40.22362518310547,,,,
17856,17856,41.27182388305664,,,,
17857,17857,42.13853454589844,,,,
17858,17858,42.78565979003906,,,,
17859,17859,,43.09471130371094,,,
17859,17859,43.09471130371094,,,,
17860,17860,43.05677032470703,,,,
17861,17861,42.60799789428711,,,,
17862,17862,41.80656433105469,,,,
17863,17863,40.822811126708984,,,,
17864,17864,39.69227600097656,,,,
17865,17865,38.53961944580078,,,,
17866,17866,37.436580657958984,,,,
17867,17867,36.364253997802734,,,,
17868,17868,35.372947692871094,,,,
17869,17869,,34.659156799316406,,,
17869,17869,34.659156799316406,,,,
17870,17870,34.225303649902344,,,,
17871,17871,33.87734603881836,,,,
17872,17872,33.5722770690918,,,,
17873,17873,33.36238098144531,,,,
17874,17874,33.30678176879883,,,,
17875,17875,33.12068176269531,,,,
17876,17876,32.69001770019531,,,,
17877,17877,31.892410278320312,,,,
17878,17878,30.97945213317871,,,,
17879,17879,,30.25657081604004,,,
17879,17879,30.25657081604004,,,,
17880,17880,29.880950927734375,,,,
17881,17881,29.57412338256836,,,,
17882,17882,29.289072036743164,,,,
17883,17883,28.96750831604004,,,,
17884,17884,28.53087043762207,,,,
17885,17885,28.03635597229004,,,,
17886,17886,27.573169708251953,,,,
17887,17887,27.22368049621582,,,,
17888,17888,26.955636978149414,,,,
17889,17889,,26.82111358642578,,,
17889,17889,26.82111358642578,,,,
17890,17890,26.628643035888672,,,,
17891,17891,26.27985954284668,,,,
17892,17892,25.912559509277344,,,,
17893,17893,25.56968879699707,,,,
17894,17894,25.398483276367188,,,,
17895,17895,25.2137508392334,,,,
17896,17896,24.992565155029297,,,,
17897,17897,24.62525177001953,,,,
17898,17898,24.394887924194336,,,,
17899,17899,,24.32244110107422,,,
17899,17899,24.32244110107422,,,,
17900,17900,24.16001319885254,,,,
17901,17901,23.882869720458984,,,,
17902,17902,23.670053482055664,,,,
17903,17903,23.53900909423828,,,,
17904,17904,23.423362731933594,,,,
17905,17905,23.24810218811035,,,,
17906,17906,23.10024070739746,,,,
17907,17907,23.020780563354492,,,,
17908,17908,22.958559036254883,,,,
17909,17909,,22.792362213134766,,,
17909,17909,22.792362213134766,,,,
17910,17910,22.618793487548828,,,,
17911,17911,22.504230499267578,,,,
17912,17912,22.384891510009766,,,,
17913,17913,22.24756622314453,,,,
17914,17914,22.03963279724121,,,,
17915,17915,21.996227264404297,,,,
17916,17916,21.813148498535156,,,,
17917,17917,21.68714141845703,,,,
17918,17918,21.576396942138672,,,,
17919,17919,,21.492679595947266,,,
17919,17919,21.492679595947266,,,,
17920,17920,21.30180549621582,,,,
17921,17921,21.1690616607666,,,,
17922,17922,21.02208137512207,,,,
17923,17923,20.959720611572266,,,,
17924,17924,20.824289321899414,,,,
17925,17925,20.66840934753418,,,,
17926,17926,20.566043853759766,,,,
17927,17927,20.477983474731445,,,,
17928,17928,20.34113311767578,,,,
17929,17929,,20.23422622680664,,,
17929,17929,20.23422622680664,,,,
17930,17930,20.14067840576172,,,,
17931,17931,20.00465965270996,,,,
17932,17932,19.850433349609375,,,,
17933,17933,19.715421676635742,,,,
17934,17934,19.667251586914062,,,,
17935,17935,19.53975486755371,,,,
17936,17936,19.351320266723633,,,,
17937,17937,19.250160217285156,,,,
17938,17938,19.11943817138672,,,,
17939,17939,,18.987934112548828,,,
17939,17939,18.987934112548828,,,,
17940,17940,18.864980697631836,,,,
17941,17941,18.703475952148438,,,,
17942,17942,18.592674255371094,,,,
17943,17943,18.40087890625,,,,
17944,17944,18.247743606567383,,,,
17945,17945,18.156309127807617,,,,
17946,17946,18.054359436035156,,,,
17947,17947,17.944316864013672,,,,
17948,17948,17.80287742614746,,,,
17949,17949,,17.7545108795166,,,
17949,17949,17.7545108795166,,,,
17950,17950,17.645586013793945,,,,
17951,17951,17.548498153686523,,,,
17952,17952,17.426515579223633,,,,
17953,17953,17.318639755249023,,,,
17954,17954,17.310457229614258,,,,
17955,17955,17.19503402709961,,,,
17956,17956,17.063735961914062,,,,
17957,17957,17.006183624267578,,,,
17958,17958,16.968719482421875,,,,
17959,17959,,16.894590377807617,,,
17959,17959,16.894590377807617,,,,
17960,17960,16.791994094848633,,,,
17961,17961,16.687788009643555,,,,
17962,17962,16.608795166015625,,,,
17963,17963,16.57805061340332,,,,
17964,17964,16.533639907836914,,,,
17965,17965,16.41627311706543,,,,
17966,17966,16.337703704833984,,,,
17967,17967,16.264528274536133,,,,
17968,17968,16.267663955688477,,,,
17969,17969,,16.124021530151367,,,
17969,17969,16.124021530151367,,,,
17970,17970,16.054203033447266,,,,
17971,17971,15.983572006225586,,,,
17972,17972,15.915450096130371,,,,
17973,17973,15.837395668029785,,,,
17974,17974,15.770889282226562,,,,
17975,17975,15.736427307128906,,,,
17976,17976,15.61871337890625,,,,
17977,17977,15.5392484664917,,,,
17978,17978,15.504829406738281,,,,
17979,17979,,15.433907508850098,,,
17979,17979,15.433907508850098,,,,
17980,17980,15.372471809387207,,,,
17981,17981,15.304393768310547,,,,
17982,17982,15.26359748840332,,,,
17983,17983,15.157651901245117,,,,
17984,17984,15.083404541015625,,,,
17985,17985,15.03042221069336,,,,
17986,17986,14.93374252319336,,,,
17987,17987,14.951240539550781,,,,
17988,17988,14.835591316223145,,,,
17989,17989,,14.792485237121582,,,
17989,17989,14.792485237121582,,,,
17990,17990,14.753660202026367,,,,
17991,17991,14.732327461242676,,,,
17992,17992,14.676004409790039,,,,
17993,17993,14.610333442687988,,,,
17994,17994,14.585140228271484,,,,
17995,17995,14.558958053588867,,,,
17996,17996,14.426816940307617,,,,
17997,17997,14.357612609863281,,,,
17998,17998,14.304357528686523,,,,
17999,17999,,14.277798652648926,,,
17999,17999,,,0.2133426070213318,278.3854675292969,182.86378479003906
17999,17999,14.277798652648926,,,,
18000,18000,14.21789264678955,,,,
18001,18001,14.163047790527344,,,,
18002,18002,14.0545654296875,,,,
18003,18003,13.990726470947266,,,,
18004,18004,13.955870628356934,,,,
18005,18005,13.89461612701416,,,,
18006,18006,13.848250389099121,,,,
18007,18007,13.816818237304688,,,,
18008,18008,13.77585506439209,,,,
18009,18009,,13.748069763183594,,,
18009,18009,13.748069763183594,,,,
18010,18010,13.732056617736816,,,,
18011,18011,13.685785293579102,,,,
18012,18012,13.645044326782227,,,,
18013,18013,13.536412239074707,,,,
18014,18014,13.485097885131836,,,,
18015,18015,13.400103569030762,,,,
18016,18016,13.383896827697754,,,,
18017,18017,13.303919792175293,,,,
18018,18018,13.269376754760742,,,,
18019,18019,,13.252446174621582,,,
18019,18019,13.252446174621582,,,,
18020,18020,13.250776290893555,,,,
18021,18021,13.210180282592773,,,,
18022,18022,13.181767463684082,,,,
18023,18023,13.093718528747559,,,,
18024,18024,13.067492485046387,,,,
18025,18025,12.98182487487793,,,,
18026,18026,12.994474411010742,,,,
18027,18027,12.982487678527832,,,,
18028,18028,12.951117515563965,,,,
18029,18029,,12.96383285522461,,,
18029,18029,12.96383285522461,,,,
18030,18030,12.892376899719238,,,,
18031,18031,12.837993621826172,,,,
18032,18032,12.794055938720703,,,,
18033,18033,12.751707077026367,,,,
18034,18034,12.74094295501709,,,,
18035,18035,12.749237060546875,,,,
18036,18036,12.685776710510254,,,,
18037,18037,12.684471130371094,,,,
18038,18038,12.654074668884277,,,,
18039,18039,,12.64167594909668,,,
18039,18039,12.64167594909668,,,,
18040,18040,12.59146499633789,,,,
18041,18041,12.558599472045898,,,,
18042,18042,12.556207656860352,,,,
18043,18043,12.521968841552734,,,,
18044,18044,12.519160270690918,,,,
18045,18045,12.490859985351562,,,,
18046,18046,12.471212387084961,,,,
18047,18047,12.461071968078613,,,,
18048,18048,12.419968605041504,,,,
18049,18049,,12.349638938903809,,,
18049,18049,12.349638938903809,,,,
18050,18050,12.300334930419922,,,,
18051,18051,12.274489402770996,,,,
18052,18052,12.257916450500488,,,,
18053,18053,12.239459991455078,,,,
18054,18054,12.215380668640137,,,,
18055,18055,12.167908668518066,,,,
18056,18056,12.127692222595215,,,,
18057,18057,12.08522891998291,,,,
18058,18058,12.029138565063477,,,,
18059,18059,,11.992879867553711,,,
18059,18059,11.992879867553711,,,,
18060,18060,11.953337669372559,,,,
18061,18061,11.898402214050293,,,,
18062,18062,11.846933364868164,,,,
18063,18063,11.818072319030762,,,,
18064,18064,11.76844310760498,,,,
18065,18065,11.727420806884766,,,,
18066,18066,11.651082992553711,,,,
18067,18067,11.578319549560547,,,,
18068,18068,11.517005920410156,,,,
18069,18069,,11.47364616394043,,,
18069,18069,11.47364616394043,,,,
18070,18070,11.433470726013184,,,,
18071,18071,11.372735023498535,,,,
18072,18072,11.317559242248535,,,,
18073,18073,11.357829093933105,,,,
18074,18074,11.321218490600586,,,,
18075,18075,11.188315391540527,,,,
18076,18076,11.179983139038086,,,,
18077,18077,11.14556884765625,,,,
18078,18078,11.062151908874512,,,,
18079,18079,,10.95797061920166,,,
18079,18079,10.95797061920166,,,,
18080,18080,10.944826126098633,,,,
18081,18081,10.877838134765625,,,,
18082,18082,10.787126541137695,,,,
18083,18083,10.702658653259277,,,,
18084,18084,10.666581153869629,,,,
18085,18085,10.63357925415039,,,,
18086,18086,10.548246383666992,,,,
18087,18087,10.566844940185547,,,,
18088,18088,10.504409790039062,,,,
18089,18089,,10.394962310791016,,,
18089,18089,10.394962310791016,,,,
18090,18090,10.312528610229492,,,,
18091,18091,10.283504486083984,,,,
18092,18092,10.131488800048828,,,,
18093,18093,10.182074546813965,,,,
18094,18094,10.12879467010498,,,,
18095,18095,10.057276725769043,,,,
18096,18096,9.889151573181152,,,,
18097,18097,9.745991706848145,,,,
18098,18098,9.722033500671387,,,,
18099,18099,,9.70071029663086,,,
18099,18099,9.70071029663086,,,,
18100,18100,9.641366004943848,,,,
18101,18101,9.519177436828613,,,,
18102,18102,9.364988327026367,,,,
18103,18103,9.325715065002441,,,,
18104,18104,9.213851928710938,,,,
18105,18105,9.175398826599121,,,,
18106,18106,9.06280517578125,,,,
18107,18107,9.012857437133789,,,,
18108,18108,8.876588821411133,,,,
18109,18109,,8.774197578430176,,,
18109,18109,8.774197578430176,,,,
18110,18110,8.790199279785156,,,,
18111,18111,8.68448257446289,,,,
18112,18112,8.64792537689209,,,,
18113,18113,8.614402770996094,,,,
18114,18114,8.512521743774414,,,,
18115,18115,8.459850311279297,,,,
18116,18116,8.402509689331055,,,,
18117,18117,8.359817504882812,,,,
18118,18118,8.3346529006958,,,,
18119,18119,,8.242694854736328,,,
18119,18119,8.242694854736328,,,,
18120,18120,8.194852828979492,,,,
18121,18121,8.116678237915039,,,,
18122,18122,8.100412368774414,,,,
18123,18123,8.04594898223877,,,,
18124,18124,8.031563758850098,,,,
18125,18125,8.02401351928711,,,,
18126,18126,7.983401298522949,,,,
18127,18127,7.905355930328369,,,,
18128,18128,7.893618106842041,,,,
18129,18129,,7.833120822906494,,,
18129,18129,7.833120822906494,,,,
18130,18130,7.828964710235596,,,,
18131,18131,7.7425408363342285,,,,
18132,18132,7.721857070922852,,,,
18133,18133,7.654908657073975,,,,
18134,18134,7.61672306060791,,,,
18135,18135,7.610480308532715,,,,
18136,18136,7.580771446228027,,,,
18137,18137,7.5474534034729,,,,
18138,18138,7.551533222198486,,,,
18139,18139,,7.521968364715576,,,
18139,18139,7.521968364715576,,,,
18140,18140,7.539767742156982,,,,
18141,18141,7.4698896408081055,,,,
18142,18142,7.473988056182861,,,,
18143,18143,7.448340892791748,,,,
18144,18144,7.394352436065674,,,,
18145,18145,7.3406758308410645,,,,
18146,18146,7.350089073181152,,,,
18147,18147,7.3079423904418945,,,,
18148,18148,7.2845611572265625,,,,
18149,18149,,7.2492852210998535,,,
18149,18149,7.2492852210998535,,,,
18150,18150,7.236006736755371,,,,
18151,18151,7.201540946960449,,,,
18152,18152,7.188051700592041,,,,
18153,18153,7.188028812408447,,,,
18154,18154,7.14894437789917,,,,
18155,18155,7.1523356437683105,,,,
18156,18156,7.096752166748047,,,,
18157,18157,7.081280708312988,,,,
18158,18158,7.038868427276611,,,,
18159,18159,,7.00249719619751,,,
18159,18159,7.00249719619751,,,,
18160,18160,6.989957809448242,,,,
18161,18161,7.039943218231201,,,,
18162,18162,7.045154571533203,,,,
18163,18163,7.0280866622924805,,,,
18164,18164,6.989949703216553,,,,
18165,18165,6.9613542556762695,,,,
18166,18166,6.954636096954346,,,,
18167,18167,6.952214241027832,,,,
18168,18168,6.930016040802002,,,,
18169,18169,,6.8972907066345215,,,
18169,18169,6.8972907066345215,,,,
18170,18170,6.859678745269775,,,,
18171,18171,6.819962978363037,,,,
18172,18172,6.807040691375732,,,,
18173,18173,6.761898517608643,,,,
18174,18174,6.747961044311523,,,,
18175,18175,6.7332611083984375,,,,
18176,18176,6.712751388549805,,,,
18177,18177,6.695220470428467,,,,
18178,18178,6.67940616607666,,,,
18179,18179,,6.666337966918945,,,
18179,18179,6.666337966918945,,,,
18180,18180,6.6390156745910645,,,,
18181,18181,6.594907760620117,,,,
18182,18182,6.58012056350708,,,,
18183,18183,6.603469371795654,,,,
18184,18184,6.581538200378418,,,,
18185,18185,6.544241428375244,,,,
18186,18186,6.514848709106445,,,,
18187,18187,6.503647327423096,,,,
18188,18188,6.504728317260742,,,,
18189,18189,,6.47597074508667,,,
18189,18189,6.47597074508667,,,,
18190,18190,6.456601619720459,,,,
18191,18191,6.437298774719238,,,,
18192,18192,6.432718753814697,,,,
18193,18193,6.4105072021484375,,,,
18194,18194,6.3689703941345215,,,,
18195,18195,6.320589542388916,,,,
18196,18196,6.272301197052002,,,,
18197,18197,6.264343738555908,,,,
18198,18198,6.2251877784729,,,,
18199,18199,,6.189530849456787,,,
18199,18199,6.189530849456787,,,,
18200,18200,6.173705577850342,,,,
18201,18201,6.141064167022705,,,,
18202,18202,6.136551856994629,,,,
18203,18203,6.158840179443359,,,,
18204,18204,6.099447250366211,,,,
18205,18205,6.084743976593018,,,,
18206,18206,6.124316692352295,,,,
18207,18207,6.122564315795898,,,,
18208,18208,6.075380325317383,,,,
18209,18209,,6.057465076446533,,,
18209,18209,6.057465076446533,,,,
18210,18210,6.048350811004639,,,,
18211,18211,6.020351409912109,,,,
18212,18212,5.9975972175598145,,,,
18213,18213,5.978917598724365,,,,
18214,18214,5.957386016845703,,,,
18215,18215,5.950123310089111,,,,
18216,18216,5.943337440490723,,,,
18217,18217,5.912418365478516,,,,
18218,18218,5.91316556930542,,,,
18219,18219,,5.899694442749023,,,
18219,18219,5.899694442749023,,,,
18220,18220,5.900771617889404,,,,
18221,18221,5.887847900390625,,,,
18222,18222,5.871742248535156,,,,
18223,18223,5.8425493240356445,,,,
18224,18224,5.849274158477783,,,,
18225,18225,5.830264091491699,,,,
18226,18226,5.777345657348633,,,,
18227,18227,5.808076858520508,,,,
18228,18228,5.818094253540039,,,,
18229,18229,,5.75620174407959,,,
18229,18229,5.75620174407959,,,,
18230,18230,5.782792091369629,,,,
18231,18231,5.787404537200928,,,,
18232,18232,5.717169761657715,,,,
18233,18233,5.711815357208252,,,,
18234,18234,5.752110958099365,,,,
18235,18235,5.705478191375732,,,,
18236,18236,5.70595121383667,,,,
18237,18237,5.73716402053833,,,,
18238,18238,5.6793437004089355,,,,
18239,18239,,5.667407989501953,,,
18239,18239,5.667407989501953,,,,
18240,18240,5.698616981506348,,,,
18241,18241,5.645369529724121,,,,
18242,18242,5.638773441314697,,,,
18243,18243,5.692120552062988,,,,
18244,18244,5.652398586273193,,,,
18245,18245,5.650563716888428,,,,
18246,18246,5.67068338394165,,,,
18247,18247,5.639773845672607,,,,
18248,18248,5.636876106262207,,,,
18249,18249,,5.663816928863525,,,
18249,18249,5.663816928863525,,,,
18250,18250,5.635823726654053,,,,
18251,18251,5.627411842346191,,,,
18252,18252,5.662707328796387,,,,
18253,18253,5.5947041511535645,,,,
18254,18254,5.58654260635376,,,,
18255,18255,5.593460559844971,,,,
18256,18256,5.589430332183838,,,,
18257,18257,5.561437606811523,,,,
18258,18258,5.572356224060059,,,,
18259,18259,,5.6082353591918945,,,
18259,18259,5.6082353591918945,,,,
18260,18260,5.531686782836914,,,,
18261,18261,5.538348197937012,,,,
18262,18262,5.583127498626709,,,,
18263,18263,5.520324230194092,,,,
18264,18264,5.508553504943848,,,,
18265,18265,5.560407638549805,,,,
18266,18266,5.476855754852295,,,,
18267,18267,5.471141338348389,,,,
18268,18268,5.526105880737305,,,,
18269,18269,,5.451277256011963,,,
18269,18269,5.451277256011963,,,,
18270,18270,5.434759616851807,,,,
18271,18271,5.521942615509033,,,,
18272,18272,5.4481964111328125,,,,
18273,18273,5.445527076721191,,,,
18274,18274,5.492021560668945,,,,
18275,18275,5.434061527252197,,,,
18276,18276,5.432262420654297,,,,
18277,18277,5.459834575653076,,,,
18278,18278,5.406455039978027,,,,
18279,18279,,5.406154155731201,,,
18279,18279,5.406154155731201,,,,
18280,18280,5.4464802742004395,,,,
18281,18281,5.3868842124938965,,,,
18282,18282,5.370242595672607,,,,
18283,18283,5.428612232208252,,,,
18284,18284,5.365273475646973,,,,
18285,18285,5.357060432434082,,,,
18286,18286,5.382532119750977,,,,
18287,18287,5.373563766479492,,,,
18288,18288,5.379340171813965,,,,
18289,18289,,5.369752407073975,,,
18289,18289,5.369752407073975,,,,
18290,18290,5.3641133308410645,,,,
18291,18291,5.367885589599609,,,,
18292,18292,5.3564019203186035,,,,
18293,18293,5.34745454788208,,,,
18294,18294,5.340900421142578,,,,
18295,18295,5.33759880065918,,,,
18296,18296,5.333000183105469,,,,
18297,18297,5.3293232917785645,,,,
18298,18298,5.3250017166137695,,,,
18299,18299,,5.323268413543701,,,
18299,18299,5.323268413543701,,,,
18300,18300,5.317300319671631,,,,
18301,18301,5.310574054718018,,,,
18302,18302,5.277729511260986,,,,
18303,18303,5.337311267852783,,,,
18304,18304,5.284049987792969,,,,
18305,18305,5.282031536102295,,,,
18306,18306,5.3413825035095215,,,,
18307,18307,5.262428283691406,,,,
18308,18308,5.2812676429748535,,,,
18309,18309,,5.333600997924805,,,
18309,18309,5.333600997924805,,,,
18310,18310,5.249138355255127,,,,
18311,18311,5.32379674911499,,,,
18312,18312,5.2521071434021,,,,
18313,18313,5.236830234527588,,,,
18314,18314,5.322233200073242,,,,
18315,18315,5.227551460266113,,,,
18316,18316,5.275484085083008,,,,
18317,18317,5.284547328948975,,,,
18318,18318,5.230271339416504,,,,
18319,18319,,5.26637077331543,,,
18319,18319,5.26637077331543,,,,
18320,18320,5.25352144241333,,,,
18321,18321,5.214556694030762,,,,
18322,18322,5.256977558135986,,,,
18323,18323,5.232843399047852,,,,
18324,18324,5.196917533874512,,,,
18325,18325,5.2243194580078125,,,,
18326,18326,5.219850063323975,,,,
18327,18327,5.185912132263184,,,,
18328,18328,5.2028398513793945,,,,
18329,18329,,5.207618236541748,,,
18329,18329,5.207618236541748,,,,
18330,18330,5.184447765350342,,,,
18331,18331,5.1962785720825195,,,,
18332,18332,5.153794765472412,,,,
18333,18333,5.1911492347717285,,,,
18334,18334,5.185605525970459,,,,
18335,18335,5.18293571472168,,,,
18336,18336,5.1830668449401855,,,,
18337,18337,5.181998252868652,,,,
18338,18338,5.175541400909424,,,,
18339,18339,,5.182507514953613,,,
18339,18339,5.182507514953613,,,,
18340,18340,5.163634777069092,,,,
18341,18341,5.169173717498779,,,,
18342,18342,5.1814799308776855,,,,
18343,18343,5.145660877227783,,,,
18344,18344,5.1573004722595215,,,,
18345,18345,5.154621601104736,,,,
18346,18346,5.138491153717041,,,,
18347,18347,5.136458396911621,,,,
18348,18348,5.135527610778809,,,,
18349,18349,,5.136719226837158,,,
18349,18349,5.136719226837158,,,,
18350,18350,5.134366989135742,,,,
18351,18351,5.1322808265686035,,,,
18352,18352,5.124753475189209,,,,
18353,18353,5.119754791259766,,,,
18354,18354,5.115978717803955,,,,
18355,18355,5.121028900146484,,,,
18356,18356,5.108360767364502,,,,
18357,18357,5.099966049194336,,,,
18358,18358,5.1064910888671875,,,,
18359,18359,,5.100881576538086,,,
18359,18359,5.100881576538086,,,,
18360,18360,5.087751388549805,,,,
18361,18361,5.084521293640137,,,,
18362,18362,5.084184169769287,,,,
18363,18363,5.098482608795166,,,,
18364,18364,5.086053371429443,,,,
18365,18365,5.092674732208252,,,,
18366,18366,5.079399585723877,,,,
18367,18367,5.086973667144775,,,,
18368,18368,5.073323726654053,,,,
18369,18369,,5.076168060302734,,,
18369,18369,5.076168060302734,,,,
18370,18370,5.0685577392578125,,,,
18371,18371,5.0625,,,,
18372,18372,5.060891628265381,,,,
18373,18373,5.065643310546875,,,,
18374,18374,5.0602312088012695,,,,
18375,18375,5.062049388885498,,,,
18376,18376,5.060995101928711,,,,
18377,18377,5.054147720336914,,,,
18378,18378,5.0627946853637695,,,,
18379,18379,,5.050892353057861,,,
18379,18379,5.050892353057861,,,,
18380,18380,5.051848888397217,,,,
18381,18381,5.04851770401001,,,,
18382,18382,5.048000812530518,,,,
18383,18383,5.049145698547363,,,,
18384,18384,5.045809745788574,,,,
18385,18385,5.0355119705200195,,,,
18386,18386,5.037562847137451,,,,
18387,18387,5.035231113433838,,,,
18388,18388,5.028589725494385,,,,
18389,18389,,5.030298709869385,,,
18389,18389,5.030298709869385,,,,
18390,18390,5.0516133308410645,,,,
18391,18391,5.01743745803833,,,,
18392,18392,5.025205612182617,,,,
18393,18393,5.023098468780518,,,,
18394,18394,5.025984287261963,,,,
18395,18395,5.048097133636475,,,,
18396,18396,5.0640058517456055,,,,
18397,18397,5.059626579284668,,,,
18398,18398,5.053807258605957,,,,
18399,18399,,5.0363593101501465,,,
18399,18399,5.0363593101501465,,,,
18400,18400,5.023286819458008,,,,
18401,18401,5.011343002319336,,,,
18402,18402,5.018592357635498,,,,
18403,18403,5.0206146240234375,,,,
18404,18404,5.015536785125732,,,,
18405,18405,5.017147064208984,,,,
18406,18406,5.017327785491943,,,,
18407,18407,5.021517753601074,,,,
18408,18408,5.011557102203369,,,,
18409,18409,,5.017693519592285,,,
18409,18409,5.017693519592285,,,,
18410,18410,5.019244194030762,,,,
18411,18411,5.014301300048828,,,,
18412,18412,5.035093784332275,,,,
18413,18413,5.002806186676025,,,,
18414,18414,5.011876583099365,,,,
18415,18415,5.030930042266846,,,,
18416,18416,5.015510559082031,,,,
18417,18417,5.068269729614258,,,,
18418,18418,5.034473419189453,,,,
18419,18419,,5.135527610778809,,,
18419,18419,5.135527610778809,,,,
18420,18420,5.071025848388672,,,,
18421,18421,5.1356024742126465,,,,
18422,18422,5.038271427154541,,,,
18423,18423,5.071084976196289,,,,
18424,18424,5.012143611907959,,,,
18425,18425,5.0128397941589355,,,,
18426,18426,5.019996166229248,,,,
18427,18427,4.980104923248291,,,,
18428,18428,5.085604190826416,,,,
18429,18429,,5.133128643035889,,,
18429,18429,5.133128643035889,,,,
18430,18430,5.4572248458862305,,,,
18431,18431,5.214747905731201,,,,
18432,18432,5.3929057121276855,,,,
18433,18433,5.062144756317139,,,,
18434,18434,5.027811527252197,,,,
18435,18435,5.056770324707031,,,,
18436,18436,5.105257511138916,,,,
18437,18437,5.294322967529297,,,,
18438,18438,5.0795793533325195,,,,
18439,18439,,5.035989761352539,,,
18439,18439,5.035989761352539,,,,
18440,18440,5.001814842224121,,,,
18441,18441,4.979753494262695,,,,
18442,18442,5.131819248199463,,,,
18443,18443,5.153592109680176,,,,
18444,18444,5.403228282928467,,,,
18445,18445,5.147214889526367,,,,
18446,18446,5.124558448791504,,,,
18447,18447,4.990828037261963,,,,
18448,18448,4.980739593505859,,,,
18449,18449,,5.0874223709106445,,,
18449,18449,5.0874223709106445,,,,
18450,18450,5.075463771820068,,,,
18451,18451,5.161140441894531,,,,
18452,18452,4.988259792327881,,,,
18453,18453,4.974877834320068,,,,
18454,18454,4.9652628898620605,,,,
18455,18455,5.020539283752441,,,,
18456,18456,5.182730197906494,,,,
18457,18457,5.220943450927734,,,,
18458,18458,5.567898273468018,,,,
18459,18459,,5.069337844848633,,,
18459,18459,5.069337844848633,,,,
18460,18460,4.94086217880249,,,,
18461,18461,4.972817897796631,,,,
18462,18462,5.09196138381958,,,,
18463,18463,5.4851298332214355,,,,
18464,18464,5.003744602203369,,,,
18465,18465,4.9550018310546875,,,,
18466,18466,5.067541122436523,,,,
18467,18467,5.1513824462890625,,,,
18468,18468,5.7181596755981445,,,,
18469,18469,,5.041590213775635,,,
18469,18469,5.041590213775635,,,,
18470,18470,4.997819900512695,,,,
18471,18471,5.4091901779174805,,,,
18472,18472,5.138461112976074,,,,
18473,18473,5.15185022354126,,,,
18474,18474,4.972630023956299,,,,
18475,18475,4.983950138092041,,,,
18476,18476,5.163626194000244,,,,
18477,18477,4.98212194442749,,,,
18478,18478,4.9295783042907715,,,,
18479,18479,,4.9704060554504395,,,
18479,18479,4.9704060554504395,,,,
18480,18480,5.135962963104248,,,,
18481,18481,5.485849857330322,,,,
18482,18482,5.051942348480225,,,,
18483,18483,4.9130096435546875,,,,
18484,18484,4.899832248687744,,,,
18485,18485,5.003063201904297,,,,
18486,18486,5.1084089279174805,,,,
18487,18487,5.007065296173096,,,,
18488,18488,4.933304309844971,,,,
18489,18489,,4.906121253967285,,,
18489,18489,4.906121253967285,,,,
18490,18490,4.917009353637695,,,,
18491,18491,4.92363166809082,,,,
18492,18492,5.0171403884887695,,,,
18493,18493,5.1552910804748535,,,,
18494,18494,5.1284379959106445,,,,
18495,18495,5.327697277069092,,,,
18496,18496,5.05542516708374,,,,
18497,18497,4.929792881011963,,,,
18498,18498,4.899234294891357,,,,
18499,18499,,4.928952693939209,,,
18499,18499,,,0.2162889987230301,286.1279296875,182.86378479003906
18499,18499,4.928952693939209,,,,
18500,18500,4.976667881011963,,,,
18501,18501,4.977128982543945,,,,
18502,18502,4.934030532836914,,,,
18503,18503,4.915647029876709,,,,
18504,18504,4.872729778289795,,,,
18505,18505,4.8931965827941895,,,,
18506,18506,4.918681621551514,,,,
18507,18507,5.036108016967773,,,,
18508,18508,5.14289665222168,,,,
18509,18509,,5.593837738037109,,,
18509,18509,5.593837738037109,,,,
18510,18510,5.01926326751709,,,,
18511,18511,4.91715669631958,,,,
18512,18512,5.18051815032959,,,,
18513,18513,5.089601993560791,,,,
18514,18514,4.988396167755127,,,,
18515,18515,4.882043361663818,,,,
18516,18516,4.967129230499268,,,,
18517,18517,5.1398749351501465,,,,
18518,18518,5.041607856750488,,,,
18519,18519,,4.941540241241455,,,
18519,18519,4.941540241241455,,,,
18520,18520,4.866066932678223,,,,
18521,18521,4.897843837738037,,,,
18522,18522,5.080957889556885,,,,
18523,18523,5.236207008361816,,,,
18524,18524,5.740189552307129,,,,
18525,18525,4.882349491119385,,,,
18526,18526,5.699572563171387,,,,
18527,18527,8.090692520141602,,,,
18528,18528,6.450727939605713,,,,
18529,18529,,10.203640937805176,,,
18529,18529,10.203640937805176,,,,
18530,18530,16.217830657958984,,,,
18531,18531,18.505874633789062,,,,
18532,18532,7.915201187133789,,,,
18533,18533,48.23521041870117,,,,
18534,18534,94.06451416015625,,,,
18535,18535,160.5247802734375,,,,
18536,18536,196.9369354248047,,,,
18537,18537,212.66921997070312,,,,
18538,18538,212.5187225341797,,,,
18539,18539,,199.93658447265625,,,
18539,18539,199.93658447265625,,,,
18540,18540,177.64102172851562,,,,
18541,18541,148.62857055664062,,,,
18542,18542,115.3329849243164,,,,
18543,18543,80.37673950195312,,,,
18544,18544,46.70244216918945,,,,
18545,18545,19.8735408782959,,,,
18546,18546,42.50616455078125,,,,
18547,18547,56.11759948730469,,,,
18548,18548,60.15927505493164,,,,
18549,18549,,44.998809814453125,,,
18549,18549,44.998809814453125,,,,
18550,18550,43.21577072143555,,,,
18551,18551,28.582155227661133,,,,
18552,18552,23.352392196655273,,,,
18553,18553,27.15052604675293,,,,
18554,18554,31.882993698120117,,,,
18555,18555,35.268489837646484,,,,
18556,18556,37.029850006103516,,,,
18557,18557,37.238826751708984,,,,
18558,18558,36.12255859375,,,,
18559,18559,,34.05276870727539,,,
18559,18559,34.05276870727539,,,,
18560,18560,31.44645118713379,,,,
18561,18561,28.95284652709961,,,,
18562,18562,26.9412841796875,,,,
18563,18563,26.096073150634766,,,,
18564,18564,27.086509704589844,,,,
18565,18565,28.88916778564453,,,,
18566,18566,29.99492073059082,,,,
18567,18567,29.448299407958984,,,,
18568,18568,27.80091667175293,,,,
18569,18569,,25.905513763427734,,,
18569,18569,25.905513763427734,,,,
18570,18570,24.90043830871582,,,,
18571,18571,24.958232879638672,,,,
18572,18572,25.43619728088379,,,,
18573,18573,25.79734992980957,,,,
18574,18574,25.833059310913086,,,,
18575,18575,25.46453094482422,,,,
18576,18576,24.68443489074707,,,,
18577,18577,23.683475494384766,,,,
18578,18578,22.777896881103516,,,,
18579,18579,,22.364784240722656,,,
18579,18579,22.364784240722656,,,,
18580,18580,22.530305862426758,,,,
18581,18581,22.801258087158203,,,,
18582,18582,22.554256439208984,,,,
18583,18583,21.776813507080078,,,,
18584,18584,20.96762466430664,,,,
18585,18585,20.765073776245117,,,,
18586,18586,20.963937759399414,,,,
18587,18587,21.02225112915039,,,,
18588,18588,20.664403915405273,,,,
18589,18589,,20.04517364501953,,,
18589,18589,20.04517364501953,,,,
18590,18590,19.628459930419922,,,,
18591,18591,19.54840087890625,,,,
18592,18592,19.654850006103516,,,,
18593,18593,19.479352951049805,,,,
18594,18594,19.00718879699707,,,,
18595,18595,18.74709129333496,,,,
18596,18596,18.74966049194336,,,,
18597,18597,18.762887954711914,,,,
18598,18598,18.488073348999023,,,,
18599,18599,,18.160978317260742,,,
18599,18599,18.160978317260742,,,,
18600,18600,18.074615478515625,,,,
18601,18601,18.07476806640625,,,,
18602,18602,17.906686782836914,,,,
18603,18603,17.665132522583008,,,,
18604,18604,17.597320556640625,,,,
18605,18605,17.545513153076172,,,,
18606,18606,17.42226791381836,,,,
18607,18607,17.20137596130371,,,,
18608,18608,17.083938598632812,,,,
18609,18609,,16.992956161499023,,,
18609,18609,16.992956161499023,,,,
18610,18610,16.803104400634766,,,,
18611,18611,16.666555404663086,,,,
18612,18612,16.520845413208008,,,,
18613,18613,16.44754981994629,,,,
18614,18614,16.262584686279297,,,,
18615,18615,16.119356155395508,,,,
18616,18616,16.102365493774414,,,,
18617,18617,16.01120376586914,,,,
18618,18618,15.901965141296387,,,,
18619,18619,,15.770804405212402,,,
18619,18619,15.770804405212402,,,,
18620,18620,15.670604705810547,,,,
18621,18621,15.565069198608398,,,,
18622,18622,15.483719825744629,,,,
18623,18623,15.395044326782227,,,,
18624,18624,15.396157264709473,,,,
18625,18625,15.319497108459473,,,,
18626,18626,15.17574405670166,,,,
18627,18627,15.15077018737793,,,,
18628,18628,15.119490623474121,,,,
18629,18629,,15.038050651550293,,,
18629,18629,15.038050651550293,,,,
18630,18630,14.86911392211914,,,,
18631,18631,14.732670783996582,,,,
18632,18632,14.698321342468262,,,,
18633,18633,14.584485054016113,,,,
18634,18634,14.510482788085938,,,,
18635,18635,14.443382263183594,,,,
18636,18636,14.432659149169922,,,,
18637,18637,14.29287052154541,,,,
18638,18638,14.181270599365234,,,,
18639,18639,,14.066658973693848,,,
18639,18639,14.066658973693848,,,,
18640,18640,14.049010276794434,,,,
18641,18641,13.968411445617676,,,,
18642,18642,13.918428421020508,,,,
18643,18643,13.783062934875488,,,,
18644,18644,13.672656059265137,,,,
18645,18645,13.614229202270508,,,,
18646,18646,13.524924278259277,,,,
18647,18647,13.425910949707031,,,,
18648,18648,13.345250129699707,,,,
18649,18649,,13.276983261108398,,,
18649,18649,13.276983261108398,,,,
18650,18650,13.243656158447266,,,,
18651,18651,13.24405288696289,,,,
18652,18652,13.159208297729492,,,,
18653,18653,13.072725296020508,,,,
18654,18654,13.010916709899902,,,,
18655,18655,12.944642066955566,,,,
18656,18656,12.889239311218262,,,,
18657,18657,12.85779094696045,,,,
18658,18658,12.800691604614258,,,,
18659,18659,,12.716474533081055,,,
18659,18659,12.716474533081055,,,,
18660,18660,12.652493476867676,,,,
18661,18661,12.56790542602539,,,,
18662,18662,12.586140632629395,,,,
18663,18663,12.574929237365723,,,,
18664,18664,12.58706283569336,,,,
18665,18665,12.480391502380371,,,,
18666,18666,12.450630187988281,,,,
18667,18667,12.470853805541992,,,,
18668,18668,12.402685165405273,,,,
18669,18669,,12.382002830505371,,,
18669,18669,12.382002830505371,,,,
18670,18670,12.303827285766602,,,,
18671,18671,12.230850219726562,,,,
18672,18672,12.264647483825684,,,,
18673,18673,12.233150482177734,,,,
18674,18674,12.151236534118652,,,,
18675,18675,12.10491943359375,,,,
18676,18676,12.06258773803711,,,,
18677,18677,12.025184631347656,,,,
18678,18678,11.975379943847656,,,,
18679,18679,,11.920282363891602,,,
18679,18679,11.920282363891602,,,,
18680,18680,11.908326148986816,,,,
18681,18681,11.937180519104004,,,,
18682,18682,11.92403793334961,,,,
18683,18683,11.851339340209961,,,,
18684,18684,11.775960922241211,,,,
18685,18685,11.738966941833496,,,,
18686,18686,11.691662788391113,,,,
18687,18687,11.690810203552246,,,,
18688,18688,11.622455596923828,,,,
18689,18689,,11.61281681060791,,,
18689,18689,11.61281681060791,,,,
18690,18690,11.520344734191895,,,,
18691,18691,11.478584289550781,,,,
18692,18692,11.38774299621582,,,,
18693,18693,11.407339096069336,,,,
18694,18694,11.351161003112793,,,,
18695,18695,11.292996406555176,,,,
18696,18696,11.244030952453613,,,,
18697,18697,11.136711120605469,,,,
18698,18698,11.151266098022461,,,,
18699,18699,,11.111909866333008,,,
18699,18699,11.111909866333008,,,,
18700,18700,11.092693328857422,,,,
18701,18701,11.063360214233398,,,,
18702,18702,11.044631958007812,,,,
18703,18703,10.90884780883789,,,,
18704,18704,10.799199104309082,,,,
18705,18705,10.746709823608398,,,,
18706,18706,10.644220352172852,,,,
18707,18707,10.609992027282715,,,,
18708,18708,10.577885627746582,,,,
18709,18709,,10.48879337310791,,,
18709,18709,10.48879337310791,,,,
18710,18710,10.457864761352539,,,,
18711,18711,10.401039123535156,,,,
18712,18712,10.31248664855957,,,,
18713,18713,10.310236930847168,,,,
18714,18714,10.213181495666504,,,,
18715,18715,10.052188873291016,,,,
18716,18716,9.94614315032959,,,,
18717,18717,9.886289596557617,,,,
18718,18718,9.693069458007812,,,,
18719,18719,,9.588003158569336,,,
18719,18719,9.588003158569336,,,,
18720,18720,9.473053932189941,,,,
18721,18721,9.374055862426758,,,,
18722,18722,9.269194602966309,,,,
18723,18723,9.027778625488281,,,,
18724,18724,8.884146690368652,,,,
18725,18725,8.804945945739746,,,,
18726,18726,8.609123229980469,,,,
18727,18727,8.504186630249023,,,,
18728,18728,8.445882797241211,,,,
18729,18729,,8.349411010742188,,,
18729,18729,8.349411010742188,,,,
18730,18730,8.262548446655273,,,,
18731,18731,8.191370964050293,,,,
18732,18732,8.105013847351074,,,,
18733,18733,7.985009670257568,,,,
18734,18734,7.937854766845703,,,,
18735,18735,7.933079242706299,,,,
18736,18736,7.851318836212158,,,,
18737,18737,7.860528945922852,,,,
18738,18738,7.782666206359863,,,,
18739,18739,,7.781783580780029,,,
18739,18739,7.781783580780029,,,,
18740,18740,7.737496852874756,,,,
18741,18741,7.7095184326171875,,,,
18742,18742,7.666697025299072,,,,
18743,18743,7.600363254547119,,,,
18744,18744,7.571720600128174,,,,
18745,18745,7.529863357543945,,,,
18746,18746,7.497943878173828,,,,
18747,18747,7.414914131164551,,,,
18748,18748,7.401731014251709,,,,
18749,18749,,7.369149684906006,,,
18749,18749,7.369149684906006,,,,
18750,18750,7.305478096008301,,,,
18751,18751,7.2804341316223145,,,,
18752,18752,7.265988826751709,,,,
18753,18753,7.197520732879639,,,,
18754,18754,7.1921796798706055,,,,
18755,18755,7.135309219360352,,,,
18756,18756,7.1353373527526855,,,,
18757,18757,7.108225345611572,,,,
18758,18758,7.079549789428711,,,,
18759,18759,,7.023463726043701,,,
18759,18759,7.023463726043701,,,,
18760,18760,7.011937141418457,,,,
18761,18761,6.963746070861816,,,,
18762,18762,6.942789554595947,,,,
18763,18763,6.942226886749268,,,,
18764,18764,6.894941329956055,,,,
18765,18765,6.846997261047363,,,,
18766,18766,6.773224353790283,,,,
18767,18767,6.747722148895264,,,,
18768,18768,6.674394130706787,,,,
18769,18769,,6.6815290451049805,,,
18769,18769,6.6815290451049805,,,,
18770,18770,6.669976711273193,,,,
18771,18771,6.70580530166626,,,,
18772,18772,6.691247463226318,,,,
18773,18773,6.659524440765381,,,,
18774,18774,6.6699299812316895,,,,
18775,18775,6.663582801818848,,,,
18776,18776,6.6118316650390625,,,,
18777,18777,6.611525058746338,,,,
18778,18778,6.592296600341797,,,,
18779,18779,,6.565385341644287,,,
18779,18779,6.565385341644287,,,,
18780,18780,6.496050834655762,,,,
18781,18781,6.475096225738525,,,,
18782,18782,6.5024871826171875,,,,
18783,18783,6.4513115882873535,,,,
18784,18784,6.414849281311035,,,,
18785,18785,6.361913204193115,,,,
18786,18786,6.316355228424072,,,,
18787,18787,6.287487030029297,,,,
18788,18788,6.288252353668213,,,,
18789,18789,,6.266818046569824,,,
18789,18789,6.266818046569824,,,,
18790,18790,6.233524322509766,,,,
18791,18791,6.210318088531494,,,,
18792,18792,6.202178478240967,,,,
18793,18793,6.153560161590576,,,,
18794,18794,6.147503852844238,,,,
18795,18795,6.1285834312438965,,,,
18796,18796,6.0718770027160645,,,,
18797,18797,6.02715539932251,,,,
18798,18798,6.015287399291992,,,,
18799,18799,,5.982065200805664,,,
18799,18799,5.982065200805664,,,,
18800,18800,5.966013431549072,,,,
18801,18801,5.959510326385498,,,,
18802,18802,5.911301136016846,,,,
18803,18803,5.930044651031494,,,,
18804,18804,5.909969329833984,,,,
18805,18805,5.881984233856201,,,,
18806,18806,5.867249488830566,,,,
18807,18807,5.808923244476318,,,,
18808,18808,5.810515880584717,,,,
18809,18809,,5.776519775390625,,,
18809,18809,5.776519775390625,,,,
18810,18810,5.7407989501953125,,,,
18811,18811,5.698403835296631,,,,
18812,18812,5.680932998657227,,,,
18813,18813,5.685546398162842,,,,
18814,18814,5.676914215087891,,,,
18815,18815,5.6479811668396,,,,
18816,18816,5.588049411773682,,,,
18817,18817,5.589878559112549,,,,
18818,18818,5.579020977020264,,,,
18819,18819,,5.557058811187744,,,
18819,18819,5.557058811187744,,,,
18820,18820,5.497244834899902,,,,
18821,18821,5.473433971405029,,,,
18822,18822,5.483582496643066,,,,
18823,18823,5.4593400955200195,,,,
18824,18824,5.423888206481934,,,,
18825,18825,5.408995151519775,,,,
18826,18826,5.415308952331543,,,,
18827,18827,5.381660461425781,,,,
18828,18828,5.37227201461792,,,,
18829,18829,,5.357606410980225,,,
18829,18829,5.357606410980225,,,,
18830,18830,5.360319137573242,,,,
18831,18831,5.351181507110596,,,,
18832,18832,5.34013557434082,,,,
18833,18833,5.347837448120117,,,,
18834,18834,5.339189052581787,,,,
18835,18835,5.331645488739014,,,,
18836,18836,5.32018518447876,,,,
18837,18837,5.323671340942383,,,,
18838,18838,5.324362754821777,,,,
18839,18839,,5.312539100646973,,,
18839,18839,5.312539100646973,,,,
18840,18840,5.299274444580078,,,,
18841,18841,5.297851085662842,,,,
18842,18842,5.31449031829834,,,,
18843,18843,5.30217170715332,,,,
18844,18844,5.292715072631836,,,,
18845,18845,5.289686679840088,,,,
18846,18846,5.283034324645996,,,,
18847,18847,5.271401882171631,,,,
18848,18848,5.278016567230225,,,,
18849,18849,,5.276195049285889,,,
18849,18849,5.276195049285889,,,,
18850,18850,5.2362236976623535,,,,
18851,18851,5.25926399230957,,,,
18852,18852,5.234971523284912,,,,
18853,18853,5.233217239379883,,,,
18854,18854,5.213797092437744,,,,
18855,18855,5.221785545349121,,,,
18856,18856,5.208132743835449,,,,
18857,18857,5.200763702392578,,,,
18858,18858,5.180965423583984,,,,
18859,18859,,5.19319486618042,,,
18859,18859,5.19319486618042,,,,
18860,18860,5.170833587646484,,,,
18861,18861,5.167837619781494,,,,
18862,18862,5.162519454956055,,,,
18863,18863,5.162456512451172,,,,
18864,18864,5.145747184753418,,,,
18865,18865,5.160737037658691,,,,
18866,18866,5.1616010665893555,,,,
18867,18867,5.11357307434082,,,,
18868,18868,5.146870136260986,,,,
18869,18869,,5.14625358581543,,,
18869,18869,5.14625358581543,,,,
18870,18870,5.102132320404053,,,,
18871,18871,5.151872158050537,,,,
18872,18872,5.099257469177246,,,,
18873,18873,5.090548515319824,,,,
18874,18874,5.0904107093811035,,,,
18875,18875,5.098650932312012,,,,
18876,18876,5.06588077545166,,,,
18877,18877,5.0602946281433105,,,,
18878,18878,5.081104755401611,,,,
18879,18879,,5.073700904846191,,,
18879,18879,5.073700904846191,,,,
18880,18880,5.048806190490723,,,,
18881,18881,5.045587062835693,,,,
18882,18882,5.04008674621582,,,,
18883,18883,5.036318302154541,,,,
18884,18884,5.025082588195801,,,,
18885,18885,5.02273416519165,,,,
18886,18886,5.0100417137146,,,,
18887,18887,5.0133490562438965,,,,
18888,18888,5.020659923553467,,,,
18889,18889,,4.99228048324585,,,
18889,18889,4.99228048324585,,,,
18890,18890,4.995184898376465,,,,
18891,18891,5.0094780921936035,,,,
18892,18892,4.981785774230957,,,,
18893,18893,4.989631652832031,,,,
18894,18894,4.979254722595215,,,,
18895,18895,4.980435848236084,,,,
18896,18896,4.980562210083008,,,,
18897,18897,4.978268146514893,,,,
18898,18898,4.965815544128418,,,,
18899,18899,,4.976665496826172,,,
18899,18899,4.976665496826172,,,,
18900,18900,4.974799156188965,,,,
18901,18901,4.985380172729492,,,,
18902,18902,4.986939907073975,,,,
18903,18903,4.979159832000732,,,,
18904,18904,4.9646735191345215,,,,
18905,18905,4.963840961456299,,,,
18906,18906,4.968593597412109,,,,
18907,18907,4.96441650390625,,,,
18908,18908,4.965108871459961,,,,
18909,18909,,4.964661598205566,,,
18909,18909,4.964661598205566,,,,
18910,18910,4.963553428649902,,,,
18911,18911,4.958010673522949,,,,
18912,18912,4.959354400634766,,,,
18913,18913,4.963712215423584,,,,
18914,18914,4.956746578216553,,,,
18915,18915,4.986377716064453,,,,
18916,18916,4.922096252441406,,,,
18917,18917,4.9893479347229,,,,
18918,18918,4.925091743469238,,,,
18919,18919,,4.958287715911865,,,
18919,18919,4.958287715911865,,,,
18920,18920,4.959956645965576,,,,
18921,18921,4.9190354347229,,,,
18922,18922,4.966221332550049,,,,
18923,18923,4.930806636810303,,,,
18924,18924,4.960446357727051,,,,
18925,18925,4.942568302154541,,,,
18926,18926,4.930532455444336,,,,
18927,18927,4.959480285644531,,,,
18928,18928,4.932657718658447,,,,
18929,18929,,4.92549467086792,,,
18929,18929,4.92549467086792,,,,
18930,18930,4.936229228973389,,,,
18931,18931,4.918479919433594,,,,
18932,18932,4.925286293029785,,,,
18933,18933,4.936208248138428,,,,
18934,18934,4.918136119842529,,,,
18935,18935,4.913729667663574,,,,
18936,18936,4.9216718673706055,,,,
18937,18937,4.91058349609375,,,,
18938,18938,4.910347938537598,,,,
18939,18939,,4.904965877532959,,,
18939,18939,4.904965877532959,,,,
18940,18940,4.903068542480469,,,,
18941,18941,4.909317970275879,,,,
18942,18942,4.903939723968506,,,,
18943,18943,4.887654781341553,,,,
18944,18944,4.894876956939697,,,,
18945,18945,4.877346992492676,,,,
18946,18946,4.900796890258789,,,,
18947,18947,4.897033214569092,,,,
18948,18948,4.893229961395264,,,,
18949,18949,,4.892032146453857,,,
18949,18949,4.892032146453857,,,,
18950,18950,4.895473480224609,,,,
18951,18951,4.880736351013184,,,,
18952,18952,4.867724418640137,,,,
18953,18953,4.872570991516113,,,,
18954,18954,4.858542442321777,,,,
18955,18955,4.855120658874512,,,,
18956,18956,4.8348612785339355,,,,
18957,18957,4.832993507385254,,,,
18958,18958,4.828500747680664,,,,
18959,18959,,4.82706880569458,,,
18959,18959,4.82706880569458,,,,
18960,18960,4.821630001068115,,,,
18961,18961,4.829235553741455,,,,
18962,18962,4.827265739440918,,,,
18963,18963,4.838922023773193,,,,
18964,18964,4.829705715179443,,,,
18965,18965,4.836324691772461,,,,
18966,18966,4.833966255187988,,,,
18967,18967,4.827340602874756,,,,
18968,18968,4.824979305267334,,,,
18969,18969,,4.832505702972412,,,
18969,18969,4.832505702972412,,,,
18970,18970,4.832236289978027,,,,
18971,18971,4.840257167816162,,,,
18972,18972,4.8343892097473145,,,,
18973,18973,4.80642557144165,,,,
18974,18974,4.803466320037842,,,,
18975,18975,4.8100385665893555,,,,
18976,18976,4.823276042938232,,,,
18977,18977,4.826326847076416,,,,
18978,18978,4.795154571533203,,,,
18979,18979,,4.784148693084717,,,
18979,18979,4.784148693084717,,,,
18980,18980,4.8000993728637695,,,,
18981,18981,4.794200897216797,,,,
18982,18982,4.795772075653076,,,,
18983,18983,4.780816555023193,,,,
18984,18984,4.781984806060791,,,,
18985,18985,4.7935075759887695,,,,
18986,18986,4.793047904968262,,,,
18987,18987,4.806365489959717,,,,
18988,18988,4.783254146575928,,,,
18989,18989,,4.7774128913879395,,,
18989,18989,4.7774128913879395,,,,
18990,18990,4.781850337982178,,,,
18991,18991,4.773013114929199,,,,
18992,18992,4.779695510864258,,,,
18993,18993,4.769351959228516,,,,
18994,18994,4.761415481567383,,,,
18995,18995,4.777639389038086,,,,
18996,18996,4.761814117431641,,,,
18997,18997,4.767673969268799,,,,
18998,18998,4.760021209716797,,,,
18999,18999,,4.75858736038208,,,
18999,18999,,,0.21569153666496277,284.54931640625,182.86378479003906
18999,18999,4.75858736038208,,,,
19000,19000,4.767714500427246,,,,
19001,19001,4.776961803436279,,,,
19002,19002,4.830787658691406,,,,
19003,19003,4.778894901275635,,,,
19004,19004,4.775269031524658,,,,
19005,19005,4.733435153961182,,,,
19006,19006,4.738296031951904,,,,
19007,19007,4.738372802734375,,,,
19008,19008,4.734832286834717,,,,
19009,19009,,4.776809215545654,,,
19009,19009,4.776809215545654,,,,
19010,19010,4.805459976196289,,,,
19011,19011,4.8250956535339355,,,,
19012,19012,4.797296047210693,,,,
19013,19013,4.775565147399902,,,,
19014,19014,4.730842590332031,,,,
19015,19015,4.709372520446777,,,,
19016,19016,4.686812877655029,,,,
19017,19017,4.6957783699035645,,,,
19018,19018,4.698876857757568,,,,
19019,19019,,4.701160430908203,,,
19019,19019,4.701160430908203,,,,
19020,19020,4.688375949859619,,,,
19021,19021,4.695095062255859,,,,
19022,19022,4.678683757781982,,,,
19023,19023,4.704878330230713,,,,
19024,19024,4.723206520080566,,,,
19025,19025,4.7780046463012695,,,,
19026,19026,4.79656457901001,,,,
19027,19027,4.793362140655518,,,,
19028,19028,4.749196529388428,,,,
19029,19029,,4.723546981811523,,,
19029,19029,4.723546981811523,,,,
19030,19030,4.689842700958252,,,,
19031,19031,4.6753082275390625,,,,
19032,19032,4.664731025695801,,,,
19033,19033,4.67146110534668,,,,
19034,19034,4.689273834228516,,,,
19035,19035,4.6844658851623535,,,,
19036,19036,4.662091255187988,,,,
19037,19037,4.6623687744140625,,,,
19038,19038,4.661829948425293,,,,
19039,19039,,4.70760440826416,,,
19039,19039,4.70760440826416,,,,
19040,19040,4.688156604766846,,,,
19041,19041,4.704957962036133,,,,
19042,19042,4.673683166503906,,,,
19043,19043,4.665982246398926,,,,
19044,19044,4.658162593841553,,,,
19045,19045,4.650364875793457,,,,
19046,19046,4.654402256011963,,,,
19047,19047,4.643861770629883,,,,
19048,19048,4.651275634765625,,,,
19049,19049,,4.636685848236084,,,
19049,19049,4.636685848236084,,,,
19050,19050,4.643956184387207,,,,
19051,19051,4.634094715118408,,,,
19052,19052,4.62987756729126,,,,
19053,19053,4.630749702453613,,,,
19054,19054,4.621146202087402,,,,
19055,19055,4.622906684875488,,,,
19056,19056,4.624538421630859,,,,
19057,19057,4.6309943199157715,,,,
19058,19058,4.620699405670166,,,,
19059,19059,,4.640265464782715,,,
19059,19059,4.640265464782715,,,,
19060,19060,4.647213459014893,,,,
19061,19061,4.669361114501953,,,,
19062,19062,4.703586578369141,,,,
19063,19063,4.709743499755859,,,,
19064,19064,4.797878265380859,,,,
19065,19065,4.854097366333008,,,,
19066,19066,5.143435001373291,,,,
19067,19067,4.841712474822998,,,,
19068,19068,4.767667770385742,,,,
19069,19069,,4.692427635192871,,,
19069,19069,4.692427635192871,,,,
19070,19070,4.594024658203125,,,,
19071,19071,4.604822158813477,,,,
19072,19072,4.619699001312256,,,,
19073,19073,4.688299655914307,,,,
19074,19074,4.705601692199707,,,,
19075,19075,4.786120414733887,,,,
19076,19076,4.753364562988281,,,,
19077,19077,4.8022661209106445,,,,
19078,19078,4.704548358917236,,,,
19079,19079,,4.6577839851379395,,,
19079,19079,4.6577839851379395,,,,
19080,19080,4.594184875488281,,,,
19081,19081,4.593948841094971,,,,
19082,19082,4.637971878051758,,,,
19083,19083,4.639267921447754,,,,
19084,19084,4.641091823577881,,,,
19085,19085,4.5714802742004395,,,,
19086,19086,4.575398921966553,,,,
19087,19087,4.605913162231445,,,,
19088,19088,4.599456787109375,,,,
19089,19089,,4.643192291259766,,,
19089,19089,4.643192291259766,,,,
19090,19090,4.590948581695557,,,,
19091,19091,4.590635776519775,,,,
19092,19092,4.5705437660217285,,,,
19093,19093,4.569764614105225,,,,
19094,19094,4.582073211669922,,,,
19095,19095,4.5663838386535645,,,,
19096,19096,4.597047805786133,,,,
19097,19097,4.562100410461426,,,,
19098,19098,4.569018840789795,,,,
19099,19099,,4.559000015258789,,,
19099,19099,4.559000015258789,,,,
19100,19100,4.556985378265381,,,,
19101,19101,4.568014144897461,,,,
19102,19102,4.570347309112549,,,,
19103,19103,4.605788707733154,,,,
19104,19104,4.58188533782959,,,,
19105,19105,4.673816680908203,,,,
19106,19106,4.668496131896973,,,,
19107,19107,4.897243976593018,,,,
19108,19108,4.718670845031738,,,,
19109,19109,,4.765064239501953,,,
19109,19109,4.765064239501953,,,,
19110,19110,4.570403099060059,,,,
19111,19111,4.530191421508789,,,,
19112,19112,4.578143119812012,,,,
19113,19113,4.557156085968018,,,,
19114,19114,4.568581581115723,,,,
19115,19115,4.553345680236816,,,,
19116,19116,4.523916721343994,,,,
19117,19117,4.564744472503662,,,,
19118,19118,4.575541973114014,,,,
19119,19119,,4.7124152183532715,,,
19119,19119,4.7124152183532715,,,,
19120,19120,4.665753364562988,,,,
19121,19121,4.8606696128845215,,,,
19122,19122,4.710913181304932,,,,
19123,19123,4.7766242027282715,,,,
19124,19124,4.554329872131348,,,,
19125,19125,4.527175426483154,,,,
19126,19126,4.547501564025879,,,,
19127,19127,4.544360637664795,,,,
19128,19128,4.541120529174805,,,,
19129,19129,,4.527092933654785,,,
19129,19129,4.527092933654785,,,,
19130,19130,4.494418621063232,,,,
19131,19131,4.4739508628845215,,,,
19132,19132,4.4895806312561035,,,,
19133,19133,4.496893882751465,,,,
19134,19134,4.5178680419921875,,,,
19135,19135,4.618574142456055,,,,
19136,19136,4.603029727935791,,,,
19137,19137,4.8571038246154785,,,,
19138,19138,4.728763103485107,,,,
19139,19139,,4.847683429718018,,,
19139,19139,4.847683429718018,,,,
19140,19140,4.55535364151001,,,,
19141,19141,4.524388313293457,,,,
19142,19142,4.596935272216797,,,,
19143,19143,4.620206832885742,,,,
19144,19144,4.721371173858643,,,,
19145,19145,4.53073263168335,,,,
19146,19146,4.511607646942139,,,,
19147,19147,4.465667247772217,,,,
19148,19148,4.475161552429199,,,,
19149,19149,,4.5000715255737305,,,
19149,19149,4.5000715255737305,,,,
19150,19150,4.5516180992126465,,,,
19151,19151,4.963416576385498,,,,
19152,19152,4.897161960601807,,,,
19153,19153,5.501652240753174,,,,
19154,19154,4.535013198852539,,,,
19155,19155,5.103907585144043,,,,
19156,19156,6.739195823669434,,,,
19157,19157,4.951396465301514,,,,
19158,19158,10.662362098693848,,,,
19159,19159,,23.92804527282715,,,
19159,19159,23.92804527282715,,,,
19160,19160,29.399871826171875,,,,
19161,19161,12.224906921386719,,,,
19162,19162,20.847118377685547,,,,
19163,19163,9.418827056884766,,,,
19164,19164,18.220706939697266,,,,
19165,19165,10.85577392578125,,,,
19166,19166,17.166547775268555,,,,
19167,19167,14.478304862976074,,,,
19168,19168,18.97631072998047,,,,
19169,19169,,5.804393768310547,,,
19169,19169,5.804393768310547,,,,
19170,19170,34.79903030395508,,,,
19171,19171,63.83470153808594,,,,
19172,19172,111.2186279296875,,,,
19173,19173,129.96279907226562,,,,
19174,19174,131.00506591796875,,,,
19175,19175,118.69165802001953,,,,
19176,19176,95.87539672851562,,,,
19177,19177,64.79483032226562,,,,
19178,19178,28.29696273803711,,,,
19179,19179,,19.060392379760742,,,
19179,19179,19.060392379760742,,,,
19180,19180,72.20303344726562,,,,
19181,19181,22.839839935302734,,,,
19182,19182,17.64731216430664,,,,
19183,19183,29.989835739135742,,,,
19184,19184,37.76176834106445,,,,
19185,19185,40.75289535522461,,,,
19186,19186,39.82817840576172,,,,
19187,19187,36.22990036010742,,,,
19188,19188,31.39048957824707,,,,
19189,19189,,26.661367416381836,,,
19189,19189,26.661367416381836,,,,
19190,19190,23.689105987548828,,,,
19191,19191,24.35738182067871,,,,
19192,19192,28.167034149169922,,,,
19193,19193,31.27294158935547,,,,
19194,19194,32.1138916015625,,,,
19195,19195,30.924211502075195,,,,
19196,19196,28.379308700561523,,,,
19197,19197,26.039506912231445,,,,
19198,19198,25.247068405151367,,,,
19199,19199,,26.003658294677734,,,
19199,19199,26.003658294677734,,,,
19200,19200,27.0648136138916,,,,
19201,19201,27.860897064208984,,,,
19202,19202,28.115388870239258,,,,
19203,19203,27.843080520629883,,,,
19204,19204,27.094085693359375,,,,
19205,19205,26.086082458496094,,,,
19206,19206,25.033658981323242,,,,
19207,19207,24.33548927307129,,,,
19208,19208,24.158130645751953,,,,
19209,19209,,24.574764251708984,,,
19209,19209,24.574764251708984,,,,
19210,19210,24.891939163208008,,,,
19211,19211,24.694835662841797,,,,
19212,19212,24.035314559936523,,,,
19213,19213,23.168581008911133,,,,
19214,19214,22.60610580444336,,,,
19215,19215,22.507278442382812,,,,
19216,19216,22.581249237060547,,,,
19217,19217,22.578262329101562,,,,
19218,19218,22.39897346496582,,,,
19219,19219,,21.88875961303711,,,
19219,19219,21.88875961303711,,,,
19220,19220,21.36425018310547,,,,
19221,19221,20.918901443481445,,,,
19222,19222,20.753259658813477,,,,
19223,19223,20.829492568969727,,,,
19224,19224,20.782060623168945,,,,
19225,19225,20.472326278686523,,,,
19226,19226,20.09549903869629,,,,
19227,19227,19.826461791992188,,,,
19228,19228,19.7135066986084,,,,
19229,19229,,19.778522491455078,,,
19229,19229,19.778522491455078,,,,
19230,19230,19.594970703125,,,,
19231,19231,19.345409393310547,,,,
19232,19232,19.05781364440918,,,,
19233,19233,18.901397705078125,,,,
19234,19234,18.830474853515625,,,,
19235,19235,18.8366756439209,,,,
19236,19236,18.692913055419922,,,,
19237,19237,18.50817108154297,,,,
19238,19238,18.398117065429688,,,,
19239,19239,,18.40427589416504,,,
19239,19239,18.40427589416504,,,,
19240,19240,18.32378387451172,,,,
19241,19241,18.174484252929688,,,,
19242,19242,17.967191696166992,,,,
19243,19243,17.861539840698242,,,,
19244,19244,17.845815658569336,,,,
19245,19245,17.739931106567383,,,,
19246,19246,17.57552719116211,,,,
19247,19247,17.568368911743164,,,,
19248,19248,17.51683235168457,,,,
19249,19249,,17.34868621826172,,,
19249,19249,17.34868621826172,,,,
19250,19250,17.26364517211914,,,,
19251,19251,17.219663619995117,,,,
19252,19252,17.05307388305664,,,,
19253,19253,17.02582550048828,,,,
19254,19254,16.893749237060547,,,,
19255,19255,16.819265365600586,,,,
19256,19256,16.67986488342285,,,,
19257,19257,16.633934020996094,,,,
19258,19258,16.49653434753418,,,,
19259,19259,,16.456729888916016,,,
19259,19259,16.456729888916016,,,,
19260,19260,16.361713409423828,,,,
19261,19261,16.301151275634766,,,,
19262,19262,16.238061904907227,,,,
19263,19263,16.18148422241211,,,,
19264,19264,16.046600341796875,,,,
19265,19265,15.915752410888672,,,,
19266,19266,15.86003303527832,,,,
19267,19267,15.793949127197266,,,,
19268,19268,15.736969947814941,,,,
19269,19269,,15.63586139678955,,,
19269,19269,15.63586139678955,,,,
19270,19270,15.498113632202148,,,,
19271,19271,15.469084739685059,,,,
19272,19272,15.41555404663086,,,,
19273,19273,15.382917404174805,,,,
19274,19274,15.305402755737305,,,,
19275,19275,15.162310600280762,,,,
19276,19276,15.089739799499512,,,,
19277,19277,14.988439559936523,,,,
19278,19278,14.924004554748535,,,,
19279,19279,,14.855483055114746,,,
19279,19279,14.855483055114746,,,,
19280,19280,14.814553260803223,,,,
19281,19281,14.690579414367676,,,,
19282,19282,14.573153495788574,,,,
19283,19283,14.526737213134766,,,,
19284,19284,14.410759925842285,,,,
19285,19285,14.358871459960938,,,,
19286,19286,14.26773738861084,,,,
19287,19287,14.220974922180176,,,,
19288,19288,14.15127944946289,,,,
19289,19289,,14.144566535949707,,,
19289,19289,14.144566535949707,,,,
19290,19290,14.051856994628906,,,,
19291,19291,13.986077308654785,,,,
19292,19292,13.836504936218262,,,,
19293,19293,13.715771675109863,,,,
19294,19294,13.622447967529297,,,,
19295,19295,13.581350326538086,,,,
19296,19296,13.512166023254395,,,,
19297,19297,13.464301109313965,,,,
19298,19298,13.369770050048828,,,,
19299,19299,,13.338472366333008,,,
19299,19299,13.338472366333008,,,,
19300,19300,13.230570793151855,,,,
19301,19301,13.20710563659668,,,,
19302,19302,13.14404010772705,,,,
19303,19303,13.050724983215332,,,,
19304,19304,12.994242668151855,,,,
19305,19305,13.026617050170898,,,,
19306,19306,12.919232368469238,,,,
19307,19307,12.833264350891113,,,,
19308,19308,12.845250129699707,,,,
19309,19309,,12.74588394165039,,,
19309,19309,12.74588394165039,,,,
19310,19310,12.696160316467285,,,,
19311,19311,12.671452522277832,,,,
19312,19312,12.582563400268555,,,,
19313,19313,12.523126602172852,,,,
19314,19314,12.473407745361328,,,,
19315,19315,12.40220832824707,,,,
19316,19316,12.38575553894043,,,,
19317,19317,12.345186233520508,,,,
19318,19318,12.279501914978027,,,,
19319,19319,,12.277044296264648,,,
19319,19319,12.277044296264648,,,,
19320,19320,12.200835227966309,,,,
19321,19321,12.153900146484375,,,,
19322,19322,12.138116836547852,,,,
19323,19323,12.123309135437012,,,,
19324,19324,12.074512481689453,,,,
19325,19325,12.067575454711914,,,,
19326,19326,11.938725471496582,,,,
19327,19327,11.932966232299805,,,,
19328,19328,11.945352554321289,,,,
19329,19329,,11.865052223205566,,,
19329,19329,11.865052223205566,,,,
19330,19330,11.820650100708008,,,,
19331,19331,11.813091278076172,,,,
19332,19332,11.882781028747559,,,,
19333,19333,11.740141868591309,,,,
19334,19334,11.692619323730469,,,,
19335,19335,11.675294876098633,,,,
19336,19336,11.717972755432129,,,,
19337,19337,11.703949928283691,,,,
19338,19338,11.69323444366455,,,,
19339,19339,,11.665278434753418,,,
19339,19339,11.665278434753418,,,,
19340,19340,11.63805103302002,,,,
19341,19341,11.621474266052246,,,,
19342,19342,11.592276573181152,,,,
19343,19343,11.55820083618164,,,,
19344,19344,11.556707382202148,,,,
19345,19345,11.552117347717285,,,,
19346,19346,11.545262336730957,,,,
19347,19347,11.456747055053711,,,,
19348,19348,11.424912452697754,,,,
19349,19349,,11.464578628540039,,,
19349,19349,11.464578628540039,,,,
19350,19350,11.399222373962402,,,,
19351,19351,11.393778800964355,,,,
19352,19352,11.375391960144043,,,,
19353,19353,11.30774211883545,,,,
19354,19354,11.304838180541992,,,,
19355,19355,11.296135902404785,,,,
19356,19356,11.268835067749023,,,,
19357,19357,11.23222827911377,,,,
19358,19358,11.232325553894043,,,,
19359,19359,,11.181146621704102,,,
19359,19359,11.181146621704102,,,,
19360,19360,11.185172080993652,,,,
19361,19361,11.172423362731934,,,,
19362,19362,11.160517692565918,,,,
19363,19363,11.15054988861084,,,,
19364,19364,11.189743041992188,,,,
19365,19365,11.150179862976074,,,,
19366,19366,11.134603500366211,,,,
19367,19367,11.134387969970703,,,,
19368,19368,11.013666152954102,,,,
19369,19369,,10.99809455871582,,,
19369,19369,10.99809455871582,,,,
19370,19370,10.989270210266113,,,,
19371,19371,10.992124557495117,,,,
19372,19372,10.983799934387207,,,,
19373,19373,10.979374885559082,,,,
19374,19374,10.988174438476562,,,,
19375,19375,10.91559886932373,,,,
19376,19376,10.87112045288086,,,,
19377,19377,10.814840316772461,,,,
19378,19378,10.81163501739502,,,,
19379,19379,,10.78747844696045,,,
19379,19379,10.78747844696045,,,,
19380,19380,10.751426696777344,,,,
19381,19381,10.781133651733398,,,,
19382,19382,10.736675262451172,,,,
19383,19383,10.721240043640137,,,,
19384,19384,10.671161651611328,,,,
19385,19385,10.649026870727539,,,,
19386,19386,10.661026954650879,,,,
19387,19387,10.689940452575684,,,,
19388,19388,10.663763999938965,,,,
19389,19389,,10.642552375793457,,,
19389,19389,10.642552375793457,,,,
19390,19390,10.629528045654297,,,,
19391,19391,10.624948501586914,,,,
19392,19392,10.54558277130127,,,,
19393,19393,10.51080322265625,,,,
19394,19394,10.544325828552246,,,,
19395,19395,10.564367294311523,,,,
19396,19396,10.588299751281738,,,,
19397,19397,10.606578826904297,,,,
19398,19398,10.58267593383789,,,,
19399,19399,,10.610873222351074,,,
19399,19399,10.610873222351074,,,,
19400,19400,10.605047225952148,,,,
19401,19401,10.612593650817871,,,,
19402,19402,10.57917594909668,,,,
19403,19403,10.578022003173828,,,,
19404,19404,10.588722229003906,,,,
19405,19405,10.645528793334961,,,,
19406,19406,10.632397651672363,,,,
19407,19407,10.596113204956055,,,,
19408,19408,10.565977096557617,,,,
19409,19409,,10.5806245803833,,,
19409,19409,10.5806245803833,,,,
19410,19410,10.595706939697266,,,,
19411,19411,10.545226097106934,,,,
19412,19412,10.574585914611816,,,,
19413,19413,10.539772033691406,,,,
19414,19414,10.57996940612793,,,,
19415,19415,10.485709190368652,,,,
19416,19416,10.458846092224121,,,,
19417,19417,10.445418357849121,,,,
19418,19418,10.397839546203613,,,,
19419,19419,,10.395170211791992,,,
19419,19419,10.395170211791992,,,,
19420,19420,10.398016929626465,,,,
19421,19421,10.35839557647705,,,,
19422,19422,10.353189468383789,,,,
19423,19423,10.299164772033691,,,,
19424,19424,10.284202575683594,,,,
19425,19425,10.237611770629883,,,,
19426,19426,10.209839820861816,,,,
19427,19427,10.205404281616211,,,,
19428,19428,10.220710754394531,,,,
19429,19429,,10.241120338439941,,,
19429,19429,10.241120338439941,,,,
19430,19430,10.2412691116333,,,,
19431,19431,10.220449447631836,,,,
19432,19432,10.176953315734863,,,,
19433,19433,10.177529335021973,,,,
19434,19434,10.146868705749512,,,,
19435,19435,10.174659729003906,,,,
19436,19436,10.049753189086914,,,,
19437,19437,10.063299179077148,,,,
19438,19438,10.00050163269043,,,,
19439,19439,,9.99994945526123,,,
19439,19439,9.99994945526123,,,,
19440,19440,9.975445747375488,,,,
19441,19441,9.950963973999023,,,,
19442,19442,9.9006929397583,,,,
19443,19443,9.912904739379883,,,,
19444,19444,9.877272605895996,,,,
19445,19445,9.880650520324707,,,,
19446,19446,9.835082054138184,,,,
19447,19447,9.81070327758789,,,,
19448,19448,9.762622833251953,,,,
19449,19449,,9.742842674255371,,,
19449,19449,9.742842674255371,,,,
19450,19450,9.757210731506348,,,,
19451,19451,9.729905128479004,,,,
19452,19452,9.66315746307373,,,,
19453,19453,9.636703491210938,,,,
19454,19454,9.634766578674316,,,,
19455,19455,9.634719848632812,,,,
19456,19456,9.660334587097168,,,,
19457,19457,9.615248680114746,,,,
19458,19458,9.620176315307617,,,,
19459,19459,,9.590534210205078,,,
19459,19459,9.590534210205078,,,,
19460,19460,9.569903373718262,,,,
19461,19461,9.592245101928711,,,,
19462,19462,9.625689506530762,,,,
19463,19463,9.549492835998535,,,,
19464,19464,9.525675773620605,,,,
19465,19465,9.518732070922852,,,,
19466,19466,9.385832786560059,,,,
19467,19467,9.390253067016602,,,,
19468,19468,9.425999641418457,,,,
19469,19469,,9.386804580688477,,,
19469,19469,9.386804580688477,,,,
19470,19470,9.275786399841309,,,,
19471,19471,9.252163887023926,,,,
19472,19472,9.221447944641113,,,,
19473,19473,9.23565673828125,,,,
19474,19474,9.142831802368164,,,,
19475,19475,9.122305870056152,,,,
19476,19476,9.172810554504395,,,,
19477,19477,9.195786476135254,,,,
19478,19478,9.096787452697754,,,,
19479,19479,,8.939326286315918,,,
19479,19479,8.939326286315918,,,,
19480,19480,8.926132202148438,,,,
19481,19481,8.892853736877441,,,,
19482,19482,8.900632858276367,,,,
19483,19483,8.887816429138184,,,,
19484,19484,8.801496505737305,,,,
19485,19485,8.728398323059082,,,,
19486,19486,8.746739387512207,,,,
19487,19487,8.72397518157959,,,,
19488,19488,8.669100761413574,,,,
19489,19489,,8.591352462768555,,,
19489,19489,8.591352462768555,,,,
19490,19490,8.6275634765625,,,,
19491,19491,8.61913776397705,,,,
19492,19492,8.621521949768066,,,,
19493,19493,8.599255561828613,,,,
19494,19494,8.535684585571289,,,,
19495,19495,8.495610237121582,,,,
19496,19496,8.479904174804688,,,,
19497,19497,8.367840766906738,,,,
19498,19498,8.372166633605957,,,,
19499,19499,,8.423036575317383,,,
19499,19499,,,0.22874772548675537,320.0404968261719,182.86378479003906
19499,19499,8.423036575317383,,,,
19500,19500,8.437381744384766,,,,
19501,19501,8.38569450378418,,,,
19502,19502,8.341876029968262,,,,
19503,19503,8.351130485534668,,,,
19504,19504,8.340802192687988,,,,
19505,19505,8.296394348144531,,,,
19506,19506,8.273359298706055,,,,
19507,19507,8.266084671020508,,,,
19508,19508,8.208297729492188,,,,
19509,19509,,8.152642250061035,,,
19509,19509,8.152642250061035,,,,
19510,19510,8.058602333068848,,,,
19511,19511,8.07993221282959,,,,
19512,19512,8.074773788452148,,,,
19513,19513,8.028731346130371,,,,
19514,19514,7.985119819641113,,,,
19515,19515,7.94242525100708,,,,
19516,19516,7.904847621917725,,,,
19517,19517,7.817211151123047,,,,
19518,19518,7.816937446594238,,,,
19519,19519,,7.841794490814209,,,
19519,19519,7.841794490814209,,,,
19520,19520,7.759435176849365,,,,
19521,19521,7.723099231719971,,,,
19522,19522,7.666760444641113,,,,
19523,19523,7.656628608703613,,,,
19524,19524,7.621198654174805,,,,
19525,19525,7.5498857498168945,,,,
19526,19526,7.504518508911133,,,,
19527,19527,7.436039924621582,,,,
19528,19528,7.392039775848389,,,,
19529,19529,,7.385528564453125,,,
19529,19529,7.385528564453125,,,,
19530,19530,7.407790184020996,,,,
19531,19531,7.340479850769043,,,,
19532,19532,7.316806316375732,,,,
19533,19533,7.2913899421691895,,,,
19534,19534,7.29650354385376,,,,
19535,19535,7.330499649047852,,,,
19536,19536,7.235452651977539,,,,
19537,19537,7.234674453735352,,,,
19538,19538,7.174252986907959,,,,
19539,19539,,7.089175224304199,,,
19539,19539,7.089175224304199,,,,
19540,19540,7.106863021850586,,,,
19541,19541,7.027812480926514,,,,
19542,19542,7.004062175750732,,,,
19543,19543,6.982550144195557,,,,
19544,19544,6.95814847946167,,,,
19545,19545,6.948030471801758,,,,
19546,19546,6.940540313720703,,,,
19547,19547,6.945192337036133,,,,
19548,19548,6.92830753326416,,,,
19549,19549,,6.864692211151123,,,
19549,19549,6.864692211151123,,,,
19550,19550,6.80039644241333,,,,
19551,19551,6.8429083824157715,,,,
19552,19552,6.830958843231201,,,,
19553,19553,6.751284122467041,,,,
19554,19554,6.705256938934326,,,,
19555,19555,6.680606365203857,,,,
19556,19556,6.666332244873047,,,,
19557,19557,6.5468549728393555,,,,
19558,19558,6.535731792449951,,,,
19559,19559,,6.481315612792969,,,
19559,19559,6.481315612792969,,,,
19560,19560,6.479792594909668,,,,
19561,19561,6.4432854652404785,,,,
19562,19562,6.422863006591797,,,,
19563,19563,6.33659553527832,,,,
19564,19564,6.3639445304870605,,,,
19565,19565,6.342613220214844,,,,
19566,19566,6.343607425689697,,,,
19567,19567,6.297676086425781,,,,
19568,19568,6.292233467102051,,,,
19569,19569,,6.271346092224121,,,
19569,19569,6.271346092224121,,,,
19570,19570,6.32574987411499,,,,
19571,19571,6.262795448303223,,,,
19572,19572,6.2568206787109375,,,,
19573,19573,6.266618728637695,,,,
19574,19574,6.203556060791016,,,,
19575,19575,6.180715560913086,,,,
19576,19576,6.2210798263549805,,,,
19577,19577,6.1421403884887695,,,,
19578,19578,6.123432159423828,,,,
19579,19579,,6.117497444152832,,,
19579,19579,6.117497444152832,,,,
19580,19580,6.088528156280518,,,,
19581,19581,6.125765800476074,,,,
19582,19582,6.036014080047607,,,,
19583,19583,6.010765552520752,,,,
19584,19584,6.095609188079834,,,,
19585,19585,6.0816779136657715,,,,
19586,19586,5.9673871994018555,,,,
19587,19587,5.909928798675537,,,,
19588,19588,5.920358180999756,,,,
19589,19589,,5.889474391937256,,,
19589,19589,5.889474391937256,,,,
19590,19590,5.854801177978516,,,,
19591,19591,5.809128761291504,,,,
19592,19592,5.780462265014648,,,,
19593,19593,5.798590183258057,,,,
19594,19594,5.796889305114746,,,,
19595,19595,5.756826400756836,,,,
19596,19596,5.724312782287598,,,,
19597,19597,5.731449127197266,,,,
19598,19598,5.7528228759765625,,,,
19599,19599,,5.758666515350342,,,
19599,19599,5.758666515350342,,,,
19600,19600,5.736341953277588,,,,
19601,19601,5.77571439743042,,,,
19602,19602,5.747040271759033,,,,
19603,19603,5.710043430328369,,,,
19604,19604,5.713229179382324,,,,
19605,19605,5.675908088684082,,,,
19606,19606,5.682692527770996,,,,
19607,19607,5.649810314178467,,,,
19608,19608,5.644000053405762,,,,
19609,19609,,5.61435079574585,,,
19609,19609,5.61435079574585,,,,
19610,19610,5.583044528961182,,,,
19611,19611,5.6090989112854,,,,
19612,19612,5.628840446472168,,,,
19613,19613,5.594742298126221,,,,
19614,19614,5.573390960693359,,,,
19615,19615,5.5096049308776855,,,,
19616,19616,5.482894420623779,,,,
19617,19617,5.452703475952148,,,,
19618,19618,5.456644058227539,,,,
19619,19619,,5.4396867752075195,,,
19619,19619,5.4396867752075195,,,,
19620,19620,5.428366184234619,,,,
19621,19621,5.431424140930176,,,,
19622,19622,5.405885219573975,,,,
19623,19623,5.408313274383545,,,,
19624,19624,5.413295269012451,,,,
19625,19625,5.38275146484375,,,,
19626,19626,5.332488536834717,,,,
19627,19627,5.3165974617004395,,,,
19628,19628,5.314451694488525,,,,
19629,19629,,5.331494331359863,,,
19629,19629,5.331494331359863,,,,
19630,19630,5.318790435791016,,,,
19631,19631,5.303024768829346,,,,
19632,19632,5.303788185119629,,,,
19633,19633,5.292196750640869,,,,
19634,19634,5.285406589508057,,,,
19635,19635,5.269223213195801,,,,
19636,19636,5.266735553741455,,,,
19637,19637,5.25105619430542,,,,
19638,19638,5.244304180145264,,,,
19639,19639,,5.229260444641113,,,
19639,19639,5.229260444641113,,,,
19640,19640,5.207653999328613,,,,
19641,19641,5.206374645233154,,,,
19642,19642,5.172388076782227,,,,
19643,19643,5.171126365661621,,,,
19644,19644,5.172327041625977,,,,
19645,19645,5.149857044219971,,,,
19646,19646,5.146566867828369,,,,
19647,19647,5.139425277709961,,,,
19648,19648,5.141061305999756,,,,
19649,19649,,5.141366958618164,,,
19649,19649,5.141366958618164,,,,
19650,19650,5.119872093200684,,,,
19651,19651,5.115455150604248,,,,
19652,19652,5.0950846672058105,,,,
19653,19653,5.099771499633789,,,,
19654,19654,5.098935604095459,,,,
19655,19655,5.102427005767822,,,,
19656,19656,5.10425329208374,,,,
19657,19657,5.07656192779541,,,,
19658,19658,5.087151050567627,,,,
19659,19659,,5.080214023590088,,,
19659,19659,5.080214023590088,,,,
19660,19660,5.060088634490967,,,,
19661,19661,5.0612053871154785,,,,
19662,19662,5.043472766876221,,,,
19663,19663,5.043139457702637,,,,
19664,19664,5.036515235900879,,,,
19665,19665,5.011917591094971,,,,
19666,19666,5.007411479949951,,,,
19667,19667,5.002098560333252,,,,
19668,19668,5.006806373596191,,,,
19669,19669,,5.001308917999268,,,
19669,19669,5.001308917999268,,,,
19670,19670,4.990777969360352,,,,
19671,19671,4.990135192871094,,,,
19672,19672,4.980780601501465,,,,
19673,19673,4.9671807289123535,,,,
19674,19674,4.961191177368164,,,,
19675,19675,4.959979057312012,,,,
19676,19676,4.972316741943359,,,,
19677,19677,4.94959831237793,,,,
19678,19678,4.961532115936279,,,,
19679,19679,,4.962584495544434,,,
19679,19679,4.962584495544434,,,,
19680,19680,4.943235397338867,,,,
19681,19681,4.94404935836792,,,,
19682,19682,4.955164909362793,,,,
19683,19683,4.928614139556885,,,,
19684,19684,4.952218532562256,,,,
19685,19685,4.922471046447754,,,,
19686,19686,4.915188312530518,,,,
19687,19687,4.913785457611084,,,,
19688,19688,4.907582759857178,,,,
19689,19689,,4.902309894561768,,,
19689,19689,4.902309894561768,,,,
19690,19690,4.9096455574035645,,,,
19691,19691,4.897389888763428,,,,
19692,19692,4.891555309295654,,,,
19693,19693,4.88553524017334,,,,
19694,19694,4.896864891052246,,,,
19695,19695,4.88599967956543,,,,
19696,19696,4.861322402954102,,,,
19697,19697,4.870054721832275,,,,
19698,19698,4.8582658767700195,,,,
19699,19699,,4.846798419952393,,,
19699,19699,4.846798419952393,,,,
19700,19700,4.837730884552002,,,,
19701,19701,4.832497596740723,,,,
19702,19702,4.8260416984558105,,,,
19703,19703,4.821400165557861,,,,
19704,19704,4.813699722290039,,,,
19705,19705,4.810221195220947,,,,
19706,19706,4.811828136444092,,,,
19707,19707,4.798617839813232,,,,
19708,19708,4.786262512207031,,,,
19709,19709,,4.774997711181641,,,
19709,19709,4.774997711181641,,,,
19710,19710,4.7765631675720215,,,,
19711,19711,4.768633842468262,,,,
19712,19712,4.762221336364746,,,,
19713,19713,4.766165733337402,,,,
19714,19714,4.76412296295166,,,,
19715,19715,4.753289699554443,,,,
19716,19716,4.751156330108643,,,,
19717,19717,4.750206470489502,,,,
19718,19718,4.746590614318848,,,,
19719,19719,,4.74391508102417,,,
19719,19719,4.74391508102417,,,,
19720,19720,4.747973442077637,,,,
19721,19721,4.748102188110352,,,,
19722,19722,4.735265731811523,,,,
19723,19723,4.72667121887207,,,,
19724,19724,4.699919700622559,,,,
19725,19725,4.697936534881592,,,,
19726,19726,4.694217681884766,,,,
19727,19727,4.690964698791504,,,,
19728,19728,4.674370288848877,,,,
19729,19729,,4.668137550354004,,,
19729,19729,4.668137550354004,,,,
19730,19730,4.66444730758667,,,,
19731,19731,4.665750980377197,,,,
19732,19732,4.654720306396484,,,,
19733,19733,4.6600422859191895,,,,
19734,19734,4.656343460083008,,,,
19735,19735,4.635403633117676,,,,
19736,19736,4.619966506958008,,,,
19737,19737,4.613348484039307,,,,
19738,19738,4.6280741691589355,,,,
19739,19739,,4.6016011238098145,,,
19739,19739,4.6016011238098145,,,,
19740,19740,4.5935773849487305,,,,
19741,19741,4.5995354652404785,,,,
19742,19742,4.5943708419799805,,,,
19743,19743,4.606381416320801,,,,
19744,19744,4.587159633636475,,,,
19745,19745,4.583545684814453,,,,
19746,19746,4.577200412750244,,,,
19747,19747,4.572524070739746,,,,
19748,19748,4.570853233337402,,,,
19749,19749,,4.564121246337891,,,
19749,19749,4.564121246337891,,,,
19750,19750,4.554321765899658,,,,
19751,19751,4.549660682678223,,,,
19752,19752,4.549713134765625,,,,
19753,19753,4.557155132293701,,,,
19754,19754,4.54259729385376,,,,
19755,19755,4.54435396194458,,,,
19756,19756,4.569638729095459,,,,
19757,19757,4.564661502838135,,,,
19758,19758,4.55082893371582,,,,
19759,19759,,4.552800178527832,,,
19759,19759,4.552800178527832,,,,
19760,19760,4.545755386352539,,,,
19761,19761,4.544116973876953,,,,
19762,19762,4.54234504699707,,,,
19763,19763,4.539542198181152,,,,
19764,19764,4.5709547996521,,,,
19765,19765,4.548654556274414,,,,
19766,19766,4.539118766784668,,,,
19767,19767,4.557514667510986,,,,
19768,19768,4.534604072570801,,,,
19769,19769,,4.5354695320129395,,,
19769,19769,4.5354695320129395,,,,
19770,19770,4.539196014404297,,,,
19771,19771,4.546563148498535,,,,
19772,19772,4.553263187408447,,,,
19773,19773,4.548398971557617,,,,
19774,19774,4.5478835105896,,,,
19775,19775,4.538706302642822,,,,
19776,19776,4.545165061950684,,,,
19777,19777,4.55023193359375,,,,
19778,19778,4.548825263977051,,,,
19779,19779,,4.53910493850708,,,
19779,19779,4.53910493850708,,,,
19780,19780,4.532754898071289,,,,
19781,19781,4.556092739105225,,,,
19782,19782,4.554790019989014,,,,
19783,19783,4.55673360824585,,,,
19784,19784,4.5428900718688965,,,,
19785,19785,4.549427509307861,,,,
19786,19786,4.549215316772461,,,,
19787,19787,4.547375679016113,,,,
19788,19788,4.536081790924072,,,,
19789,19789,,4.541917324066162,,,
19789,19789,4.541917324066162,,,,
19790,19790,4.530378341674805,,,,
19791,19791,4.54035758972168,,,,
19792,19792,4.5406813621521,,,,
19793,19793,4.533325672149658,,,,
19794,19794,4.532061576843262,,,,
19795,19795,4.529092311859131,,,,
19796,19796,4.518796443939209,,,,
19797,19797,4.518747806549072,,,,
19798,19798,4.511678695678711,,,,
19799,19799,,4.503006458282471,,,
19799,19799,4.503006458282471,,,,
19800,19800,4.5069379806518555,,,,
19801,19801,4.499345779418945,,,,
19802,19802,4.503926753997803,,,,
19803,19803,4.5001983642578125,,,,
19804,19804,4.494232177734375,,,,
19805,19805,4.491552352905273,,,,
19806,19806,4.4835686683654785,,,,
19807,19807,4.488316535949707,,,,
19808,19808,4.491689682006836,,,,
19809,19809,,4.493244171142578,,,
19809,19809,4.493244171142578,,,,
19810,19810,4.48426628112793,,,,
19811,19811,4.486473083496094,,,,
19812,19812,4.482276916503906,,,,
19813,19813,4.479367733001709,,,,
19814,19814,4.4727463722229,,,,
19815,19815,4.476717472076416,,,,
19816,19816,4.471887588500977,,,,
19817,19817,4.473254680633545,,,,
19818,19818,4.457676887512207,,,,
19819,19819,,4.461421489715576,,,
19819,19819,4.461421489715576,,,,
19820,19820,4.451253890991211,,,,
19821,19821,4.45988655090332,,,,
19822,19822,4.447503089904785,,,,
19823,19823,4.439468860626221,,,,
19824,19824,4.450901508331299,,,,
19825,19825,4.441925525665283,,,,
19826,19826,4.426743984222412,,,,
19827,19827,4.431251525878906,,,,
19828,19828,4.437816619873047,,,,
19829,19829,,4.421457767486572,,,
19829,19829,4.421457767486572,,,,
19830,19830,4.44658899307251,,,,
19831,19831,4.435575485229492,,,,
19832,19832,4.429471015930176,,,,
19833,19833,4.445381164550781,,,,
19834,19834,4.433488845825195,,,,
19835,19835,4.419301986694336,,,,
19836,19836,4.4400482177734375,,,,
19837,19837,4.438364505767822,,,,
19838,19838,4.4248881340026855,,,,
19839,19839,,4.426938056945801,,,
19839,19839,4.426938056945801,,,,
19840,19840,4.423954486846924,,,,
19841,19841,4.418959617614746,,,,
19842,19842,4.415802001953125,,,,
19843,19843,4.416215896606445,,,,
19844,19844,4.413290977478027,,,,
19845,19845,4.410436153411865,,,,
19846,19846,4.407564163208008,,,,
19847,19847,4.406761646270752,,,,
19848,19848,4.4019999504089355,,,,
19849,19849,,4.397907733917236,,,
19849,19849,4.397907733917236,,,,
19850,19850,4.40466833114624,,,,
19851,19851,4.398210525512695,,,,
19852,19852,4.407551288604736,,,,
19853,19853,4.394735813140869,,,,
19854,19854,4.406020641326904,,,,
19855,19855,4.405797004699707,,,,
19856,19856,4.404079914093018,,,,
19857,19857,4.400010585784912,,,,
19858,19858,4.407553195953369,,,,
19859,19859,,4.401983261108398,,,
19859,19859,4.401983261108398,,,,
19860,19860,4.410451889038086,,,,
19861,19861,4.393618583679199,,,,
19862,19862,4.398481845855713,,,,
19863,19863,4.4045515060424805,,,,
19864,19864,4.406219959259033,,,,
19865,19865,4.396472454071045,,,,
19866,19866,4.398392200469971,,,,
19867,19867,4.413665294647217,,,,
19868,19868,4.407961368560791,,,,
19869,19869,,4.401078701019287,,,
19869,19869,4.401078701019287,,,,
19870,19870,4.403552055358887,,,,
19871,19871,4.396551609039307,,,,
19872,19872,4.403425693511963,,,,
19873,19873,4.405515670776367,,,,
19874,19874,4.392477512359619,,,,
19875,19875,4.392645359039307,,,,
19876,19876,4.391690731048584,,,,
19877,19877,4.397179126739502,,,,
19878,19878,4.403805732727051,,,,
19879,19879,,4.398780822753906,,,
19879,19879,4.398780822753906,,,,
19880,19880,4.38219690322876,,,,
19881,19881,4.3935065269470215,,,,
19882,19882,4.394282341003418,,,,
19883,19883,4.382894515991211,,,,
19884,19884,4.383295059204102,,,,
19885,19885,4.372958660125732,,,,
19886,19886,4.373899459838867,,,,
19887,19887,4.390863418579102,,,,
19888,19888,4.381768703460693,,,,
19889,19889,,4.379767894744873,,,
19889,19889,4.379767894744873,,,,
19890,19890,4.372498512268066,,,,
19891,19891,4.357496738433838,,,,
19892,19892,4.369196891784668,,,,
19893,19893,4.373747825622559,,,,
19894,19894,4.368515491485596,,,,
19895,19895,4.364455223083496,,,,
19896,19896,4.355194568634033,,,,
19897,19897,4.38745641708374,,,,
19898,19898,4.350551605224609,,,,
19899,19899,,4.371049880981445,,,
19899,19899,4.371049880981445,,,,
19900,19900,4.348667621612549,,,,
19901,19901,4.386849880218506,,,,
19902,19902,4.378730297088623,,,,
19903,19903,4.339075088500977,,,,
19904,19904,4.367125034332275,,,,
19905,19905,4.35060977935791,,,,
19906,19906,4.367795467376709,,,,
19907,19907,4.335244655609131,,,,
19908,19908,4.385965824127197,,,,
19909,19909,,4.343538284301758,,,
19909,19909,4.343538284301758,,,,
19910,19910,4.368846893310547,,,,
19911,19911,4.339010715484619,,,,
19912,19912,4.3724284172058105,,,,
19913,19913,4.350493431091309,,,,
19914,19914,4.3548407554626465,,,,
19915,19915,4.359741687774658,,,,
19916,19916,4.347667694091797,,,,
19917,19917,4.362649440765381,,,,
19918,19918,4.3627028465271,,,,
19919,19919,,4.372593879699707,,,
19919,19919,4.372593879699707,,,,
19920,19920,4.352280616760254,,,,
19921,19921,4.347230434417725,,,,
19922,19922,4.3313775062561035,,,,
19923,19923,4.341146945953369,,,,
19924,19924,4.345590114593506,,,,
19925,19925,4.339793682098389,,,,
19926,19926,4.33543586730957,,,,
19927,19927,4.331474304199219,,,,
19928,19928,4.335949420928955,,,,
19929,19929,,4.3492631912231445,,,
19929,19929,4.3492631912231445,,,,
19930,19930,4.346395492553711,,,,
19931,19931,4.3558735847473145,,,,
19932,19932,4.370304107666016,,,,
19933,19933,4.348927974700928,,,,
19934,19934,4.328762054443359,,,,
19935,19935,4.33057165145874,,,,
19936,19936,4.343960285186768,,,,
19937,19937,4.344639778137207,,,,
19938,19938,4.34100341796875,,,,
19939,19939,,4.339739799499512,,,
19939,19939,4.339739799499512,,,,
19940,19940,4.334962368011475,,,,
19941,19941,4.344580173492432,,,,
19942,19942,4.333641529083252,,,,
19943,19943,4.346310615539551,,,,
19944,19944,4.322249889373779,,,,
19945,19945,4.3139328956604,,,,
19946,19946,4.337541103363037,,,,
19947,19947,4.317227363586426,,,,
19948,19948,4.338043689727783,,,,
19949,19949,,4.311737537384033,,,
19949,19949,4.311737537384033,,,,
19950,19950,4.315066814422607,,,,
19951,19951,4.323649883270264,,,,
19952,19952,4.307182312011719,,,,
19953,19953,4.330808162689209,,,,
19954,19954,4.3343400955200195,,,,
19955,19955,4.325037002563477,,,,
19956,19956,4.312067031860352,,,,
19957,19957,4.33071231842041,,,,
19958,19958,4.331055641174316,,,,
19959,19959,,4.381583213806152,,,
19959,19959,4.381583213806152,,,,
19960,19960,4.403299808502197,,,,
19961,19961,4.385679244995117,,,,
19962,19962,4.38230562210083,,,,
19963,19963,4.3461222648620605,,,,
19964,19964,4.279242038726807,,,,
19965,19965,4.299729347229004,,,,
19966,19966,4.333757400512695,,,,
19967,19967,4.354270935058594,,,,
19968,19968,4.3395490646362305,,,,
19969,19969,,4.297753810882568,,,
19969,19969,4.297753810882568,,,,
19970,19970,4.262243270874023,,,,
19971,19971,4.273440837860107,,,,
19972,19972,4.297517776489258,,,,
19973,19973,4.341135025024414,,,,
19974,19974,4.329644203186035,,,,
19975,19975,4.29571533203125,,,,
19976,19976,4.266042709350586,,,,
19977,19977,4.23928689956665,,,,
19978,19978,4.242313385009766,,,,
19979,19979,,4.26629638671875,,,
19979,19979,4.26629638671875,,,,
19980,19980,4.2837910652160645,,,,
19981,19981,4.305474281311035,,,,
19982,19982,4.279018878936768,,,,
19983,19983,4.280112266540527,,,,
19984,19984,4.246834754943848,,,,
19985,19985,4.2458271980285645,,,,
19986,19986,4.241462230682373,,,,
19987,19987,4.240217208862305,,,,
19988,19988,4.261709213256836,,,,
19989,19989,,4.273228168487549,,,
19989,19989,4.273228168487549,,,,
19990,19990,4.321437358856201,,,,
19991,19991,4.3401689529418945,,,,
19992,19992,4.312012195587158,,,,
19993,19993,4.291570663452148,,,,
19994,19994,4.240142822265625,,,,
19995,19995,4.2332539558410645,,,,
19996,19996,4.2838134765625,,,,
19997,19997,4.3286285400390625,,,,
19998,19998,4.372200012207031,,,,
19999,19999,,4.303919315338135,,,
19999,19999,,,0.21274526417255402,276.8287353515625,182.86378479003906
19999,19999,4.303919315338135,,,,
20000,20000,4.2399210929870605,,,,
20001,20001,4.201928615570068,,,,
20002,20002,4.241682052612305,,,,
20003,20003,4.28537654876709,,,,
20004,20004,4.28842830657959,,,,
20005,20005,4.302546977996826,,,,
20006,20006,4.27337646484375,,,,
20007,20007,4.248871326446533,,,,
20008,20008,4.228157997131348,,,,
20009,20009,,4.224515914916992,,,
20009,20009,4.224515914916992,,,,
20010,20010,4.21083402633667,,,,
20011,20011,4.199924945831299,,,,
20012,20012,4.191938877105713,,,,
20013,20013,4.200636386871338,,,,
20014,20014,4.217857837677002,,,,
20015,20015,4.206083297729492,,,,
20016,20016,4.201320648193359,,,,
20017,20017,4.194812774658203,,,,
20018,20018,4.1918745040893555,,,,
20019,20019,,4.1847076416015625,,,
20019,20019,4.1847076416015625,,,,
20020,20020,4.188457489013672,,,,
20021,20021,4.190511226654053,,,,
20022,20022,4.1954731941223145,,,,
20023,20023,4.192105770111084,,,,
20024,20024,4.187933921813965,,,,
20025,20025,4.1931633949279785,,,,
20026,20026,4.192037582397461,,,,
20027,20027,4.191226959228516,,,,
20028,20028,4.191117286682129,,,,
20029,20029,,4.184530258178711,,,
20029,20029,4.184530258178711,,,,
20030,20030,4.193670272827148,,,,
20031,20031,4.183700084686279,,,,
20032,20032,4.189321517944336,,,,
20033,20033,4.185543060302734,,,,
20034,20034,4.182553291320801,,,,
20035,20035,4.182238578796387,,,,
20036,20036,4.179835319519043,,,,
20037,20037,4.202634334564209,,,,
20038,20038,4.193662166595459,,,,
20039,20039,,4.176912307739258,,,
20039,20039,4.176912307739258,,,,
20040,20040,4.204953193664551,,,,
20041,20041,4.178573131561279,,,,
20042,20042,4.2155046463012695,,,,
20043,20043,4.173350811004639,,,,
20044,20044,4.225988864898682,,,,
20045,20045,4.187553405761719,,,,
20046,20046,4.186305999755859,,,,
20047,20047,4.201448917388916,,,,
20048,20048,4.18922233581543,,,,
20049,20049,,4.215580940246582,,,
20049,20049,4.215580940246582,,,,
20050,20050,4.182723045349121,,,,
20051,20051,4.227529525756836,,,,
20052,20052,4.1962785720825195,,,,
20053,20053,4.219245910644531,,,,
20054,20054,4.190427303314209,,,,
20055,20055,4.20175838470459,,,,
20056,20056,4.208470344543457,,,,
20057,20057,4.188119411468506,,,,
20058,20058,4.26576042175293,,,,
20059,20059,,4.31071138381958,,,
20059,20059,4.31071138381958,,,,
20060,20060,4.622067928314209,,,,
20061,20061,4.428504943847656,,,,
20062,20062,4.483639240264893,,,,
20063,20063,4.240417957305908,,,,
20064,20064,4.225744724273682,,,,
20065,20065,4.271481037139893,,,,
20066,20066,4.278958320617676,,,,
20067,20067,4.465273857116699,,,,
20068,20068,4.342426300048828,,,,
20069,20069,,4.425834655761719,,,
20069,20069,4.425834655761719,,,,
20070,20070,4.264411926269531,,,,
20071,20071,4.27484655380249,,,,
20072,20072,4.215824127197266,,,,
20073,20073,4.2023797035217285,,,,
20074,20074,4.203346252441406,,,,
20075,20075,4.212785720825195,,,,
20076,20076,4.231696128845215,,,,
20077,20077,4.2152814865112305,,,,
20078,20078,4.212728500366211,,,,
20079,20079,,4.186851501464844,,,
20079,20079,4.186851501464844,,,,
20080,20080,4.20862340927124,,,,
20081,20081,4.201246738433838,,,,
20082,20082,4.19867467880249,,,,
20083,20083,4.189466953277588,,,,
20084,20084,4.245084762573242,,,,
20085,20085,4.24241304397583,,,,
20086,20086,4.394713878631592,,,,
20087,20087,4.3189239501953125,,,,
20088,20088,4.38035774230957,,,,
20089,20089,,4.228034496307373,,,
20089,20089,4.228034496307373,,,,
20090,20090,4.206388473510742,,,,
20091,20091,4.196608543395996,,,,
20092,20092,4.213476657867432,,,,
20093,20093,4.327023506164551,,,,
20094,20094,4.324460983276367,,,,
20095,20095,4.438751220703125,,,,
20096,20096,4.26343297958374,,,,
20097,20097,4.245654582977295,,,,
20098,20098,4.192133903503418,,,,
20099,20099,,4.192448616027832,,,
20099,20099,4.192448616027832,,,,
20100,20100,4.2029337882995605,,,,
20101,20101,4.201168060302734,,,,
20102,20102,4.25051212310791,,,,
20103,20103,4.215537071228027,,,,
20104,20104,4.272007465362549,,,,
20105,20105,4.205859184265137,,,,
20106,20106,4.244155406951904,,,,
20107,20107,4.198958396911621,,,,
20108,20108,4.201868057250977,,,,
20109,20109,,4.191952228546143,,,
20109,20109,4.191952228546143,,,,
20110,20110,4.174065113067627,,,,
20111,20111,4.176814079284668,,,,
20112,20112,4.16502046585083,,,,
20113,20113,4.17448091506958,,,,
20114,20114,4.187541484832764,,,,
20115,20115,4.152696132659912,,,,
20116,20116,4.189422607421875,,,,
20117,20117,4.155473709106445,,,,
20118,20118,4.167018890380859,,,,
20119,20119,,4.160520076751709,,,
20119,20119,4.160520076751709,,,,
20120,20120,4.160328388214111,,,,
20121,20121,4.1670074462890625,,,,
20122,20122,4.1552042961120605,,,,
20123,20123,4.153543472290039,,,,
20124,20124,4.157262802124023,,,,
20125,20125,4.145312786102295,,,,
20126,20126,4.182895183563232,,,,
20127,20127,4.194001197814941,,,,
20128,20128,4.3448262214660645,,,,
20129,20129,,4.3324360847473145,,,
20129,20129,4.3324360847473145,,,,
20130,20130,4.602189064025879,,,,
20131,20131,4.353969097137451,,,,
20132,20132,4.377073287963867,,,,
20133,20133,4.188520431518555,,,,
20134,20134,4.172438621520996,,,,
20135,20135,4.25950288772583,,,,
20136,20136,4.264117240905762,,,,
20137,20137,4.480496883392334,,,,
20138,20138,4.364427089691162,,,,
20139,20139,,4.5195088386535645,,,
20139,20139,4.5195088386535645,,,,
20140,20140,4.278008460998535,,,,
20141,20141,4.279016971588135,,,,
20142,20142,4.172542572021484,,,,
20143,20143,4.141770362854004,,,,
20144,20144,4.160301685333252,,,,
20145,20145,4.171866416931152,,,,
20146,20146,4.22086238861084,,,,
20147,20147,4.199604511260986,,,,
20148,20148,4.328970909118652,,,,
20149,20149,,4.436862468719482,,,
20149,20149,4.436862468719482,,,,
20150,20150,5.063994884490967,,,,
20151,20151,4.203497886657715,,,,
20152,20152,4.384369850158691,,,,
20153,20153,5.129492282867432,,,,
20154,20154,4.238701820373535,,,,
20155,20155,5.9327239990234375,,,,
20156,20156,10.031976699829102,,,,
20157,20157,10.754454612731934,,,,
20158,20158,4.522966384887695,,,,
20159,20159,,22.828454971313477,,,
20159,20159,22.828454971313477,,,,
20160,20160,64.00213623046875,,,,
20161,20161,102.83950805664062,,,,
20162,20162,109.25119018554688,,,,
20163,20163,93.16624450683594,,,,
20164,20164,58.31438446044922,,,,
20165,20165,12.51439094543457,,,,
20166,20166,375.36370849609375,,,,
20167,20167,81.20372772216797,,,,
20168,20168,165.57516479492188,,,,
20169,20169,,226.71351623535156,,,
20169,20169,226.71351623535156,,,,
20170,20170,270.5556335449219,,,,
20171,20171,300.8464050292969,,,,
20172,20172,319.7118835449219,,,,
20173,20173,329.1364440917969,,,,
20174,20174,331.0635070800781,,,,
20175,20175,326.5815734863281,,,,
20176,20176,317.3112487792969,,,,
20177,20177,304.42706298828125,,,,
20178,20178,288.7853698730469,,,,
20179,20179,,271.55609130859375,,,
20179,20179,271.55609130859375,,,,
20180,20180,253.25381469726562,,,,
20181,20181,234.5736541748047,,,,
20182,20182,215.8736572265625,,,,
20183,20183,197.66590881347656,,,,
20184,20184,180.17843627929688,,,,
20185,20185,163.5984649658203,,,,
20186,20186,147.8284912109375,,,,
20187,20187,133.09388732910156,,,,
20188,20188,119.49082946777344,,,,
20189,20189,,107.17398071289062,,,
20189,20189,107.17398071289062,,,,
20190,20190,96.34564971923828,,,,
20191,20191,86.98278045654297,,,,
20192,20192,78.89366912841797,,,,
20193,20193,72.04092407226562,,,,
20194,20194,66.38040924072266,,,,
20195,20195,61.87065124511719,,,,
20196,20196,58.364540100097656,,,,
20197,20197,55.628177642822266,,,,
20198,20198,53.94326400756836,,,,
20199,20199,,52.97761154174805,,,
20199,20199,52.97761154174805,,,,
20200,20200,52.218467712402344,,,,
20201,20201,51.84931945800781,,,,
20202,20202,51.761444091796875,,,,
20203,20203,51.72734832763672,,,,
20204,20204,51.76034164428711,,,,
20205,20205,51.945091247558594,,,,
20206,20206,52.049652099609375,,,,
20207,20207,51.93724060058594,,,,
20208,20208,51.70219421386719,,,,
20209,20209,,51.352149963378906,,,
20209,20209,51.352149963378906,,,,
20210,20210,50.874061584472656,,,,
20211,20211,50.30207061767578,,,,
20212,20212,49.61101150512695,,,,
20213,20213,48.82905960083008,,,,
20214,20214,47.94982147216797,,,,
20215,20215,47.050838470458984,,,,
20216,20216,46.15178680419922,,,,
20217,20217,45.352325439453125,,,,
20218,20218,44.62852478027344,,,,
20219,20219,,43.909156799316406,,,
20219,20219,43.909156799316406,,,,
20220,20220,43.26077651977539,,,,
20221,20221,42.631500244140625,,,,
20222,20222,42.01271057128906,,,,
20223,20223,41.42100143432617,,,,
20224,20224,40.83477783203125,,,,
20225,20225,40.297119140625,,,,
20226,20226,39.860008239746094,,,,
20227,20227,39.41250228881836,,,,
20228,20228,39.02786636352539,,,,
20229,20229,,38.70490646362305,,,
20229,20229,38.70490646362305,,,,
20230,20230,38.41371536254883,,,,
20231,20231,38.138675689697266,,,,
20232,20232,37.84834671020508,,,,
20233,20233,37.55974578857422,,,,
20234,20234,37.228885650634766,,,,
20235,20235,36.90514373779297,,,,
20236,20236,36.598670959472656,,,,
20237,20237,36.29544448852539,,,,
20238,20238,36.037254333496094,,,,
20239,20239,,35.78463363647461,,,
20239,20239,35.78463363647461,,,,
20240,20240,35.52431106567383,,,,
20241,20241,35.318058013916016,,,,
20242,20242,35.129981994628906,,,,
20243,20243,34.93207550048828,,,,
20244,20244,34.73285675048828,,,,
20245,20245,34.56743240356445,,,,
20246,20246,34.383968353271484,,,,
20247,20247,34.19723129272461,,,,
20248,20248,34.026554107666016,,,,
20249,20249,,33.86109161376953,,,
20249,20249,33.86109161376953,,,,
20250,20250,33.70302200317383,,,,
20251,20251,33.522735595703125,,,,
20252,20252,33.372867584228516,,,,
20253,20253,33.1943473815918,,,,
20254,20254,33.03771209716797,,,,
20255,20255,32.88294982910156,,,,
20256,20256,32.728050231933594,,,,
20257,20257,32.595462799072266,,,,
20258,20258,32.46635437011719,,,,
20259,20259,,32.34737777709961,,,
20259,20259,32.34737777709961,,,,
20260,20260,32.2460823059082,,,,
20261,20261,32.11715316772461,,,,
20262,20262,31.9965763092041,,,,
20263,20263,31.850887298583984,,,,
20264,20264,31.72849464416504,,,,
20265,20265,31.601957321166992,,,,
20266,20266,31.49322509765625,,,,
20267,20267,31.364967346191406,,,,
20268,20268,31.251140594482422,,,,
20269,20269,,31.142913818359375,,,
20269,20269,31.142913818359375,,,,
20270,20270,31.02315902709961,,,,
20271,20271,30.89786720275879,,,,
20272,20272,30.76985740661621,,,,
20273,20273,30.66183090209961,,,,
20274,20274,30.524892807006836,,,,
20275,20275,30.438100814819336,,,,
20276,20276,30.308631896972656,,,,
20277,20277,30.197227478027344,,,,
20278,20278,30.08892822265625,,,,
20279,20279,,29.950368881225586,,,
20279,20279,29.950368881225586,,,,
20280,20280,29.850051879882812,,,,
20281,20281,29.745885848999023,,,,
20282,20282,29.626508712768555,,,,
20283,20283,29.500438690185547,,,,
20284,20284,29.374425888061523,,,,
20285,20285,29.228548049926758,,,,
20286,20286,29.115737915039062,,,,
20287,20287,29.01555633544922,,,,
20288,20288,28.89849853515625,,,,
20289,20289,,28.812091827392578,,,
20289,20289,28.812091827392578,,,,
20290,20290,28.668174743652344,,,,
20291,20291,28.520475387573242,,,,
20292,20292,28.397916793823242,,,,
20293,20293,28.300378799438477,,,,
20294,20294,28.148529052734375,,,,
20295,20295,28.05474090576172,,,,
20296,20296,27.929710388183594,,,,
20297,20297,27.866987228393555,,,,
20298,20298,27.76312828063965,,,,
20299,20299,,27.6460018157959,,,
20299,20299,27.6460018157959,,,,
20300,20300,27.569122314453125,,,,
20301,20301,27.451566696166992,,,,
20302,20302,27.359098434448242,,,,
20303,20303,27.2251033782959,,,,
20304,20304,27.14412498474121,,,,
20305,20305,27.056421279907227,,,,
20306,20306,26.970823287963867,,,,
20307,20307,26.893878936767578,,,,
20308,20308,26.77001190185547,,,,
20309,20309,,26.66288185119629,,,
20309,20309,26.66288185119629,,,,
20310,20310,26.543636322021484,,,,
20311,20311,26.477245330810547,,,,
20312,20312,26.373607635498047,,,,
20313,20313,26.265987396240234,,,,
20314,20314,26.18105697631836,,,,
20315,20315,26.11853790283203,,,,
20316,20316,26.03291893005371,,,,
20317,20317,25.96035385131836,,,,
20318,20318,25.860151290893555,,,,
20319,20319,,25.774192810058594,,,
20319,20319,25.774192810058594,,,,
20320,20320,25.691761016845703,,,,
20321,20321,25.623353958129883,,,,
20322,20322,25.568912506103516,,,,
20323,20323,25.490867614746094,,,,
20324,20324,25.389686584472656,,,,
20325,20325,25.34355926513672,,,,
20326,20326,25.242067337036133,,,,
20327,20327,25.172212600708008,,,,
20328,20328,25.14927864074707,,,,
20329,20329,,25.11920166015625,,,
20329,20329,25.11920166015625,,,,
20330,20330,25.054622650146484,,,,
20331,20331,24.990129470825195,,,,
20332,20332,24.915267944335938,,,,
20333,20333,24.829843521118164,,,,
20334,20334,24.77610969543457,,,,
20335,20335,24.699785232543945,,,,
20336,20336,24.606412887573242,,,,
20337,20337,24.500019073486328,,,,
20338,20338,24.419052124023438,,,,
20339,20339,,24.331661224365234,,,
20339,20339,24.331661224365234,,,,
20340,20340,24.279130935668945,,,,
20341,20341,24.243261337280273,,,,
20342,20342,24.187931060791016,,,,
20343,20343,24.12314796447754,,,,
20344,20344,24.060081481933594,,,,
20345,20345,24.02398681640625,,,,
20346,20346,23.984834671020508,,,,
20347,20347,23.931114196777344,,,,
20348,20348,23.886680603027344,,,,
20349,20349,,23.837055206298828,,,
20349,20349,23.837055206298828,,,,
20350,20350,23.77898597717285,,,,
20351,20351,23.722917556762695,,,,
20352,20352,23.649457931518555,,,,
20353,20353,23.546964645385742,,,,
20354,20354,23.50294303894043,,,,
20355,20355,23.4577579498291,,,,
20356,20356,23.377099990844727,,,,
20357,20357,23.35789680480957,,,,
20358,20358,23.296329498291016,,,,
20359,20359,,23.2453556060791,,,
20359,20359,23.2453556060791,,,,
20360,20360,23.209020614624023,,,,
20361,20361,23.125980377197266,,,,
20362,20362,23.070781707763672,,,,
20363,20363,23.047649383544922,,,,
20364,20364,22.98846435546875,,,,
20365,20365,22.951885223388672,,,,
20366,20366,22.858036041259766,,,,
20367,20367,22.80915069580078,,,,
20368,20368,22.779695510864258,,,,
20369,20369,,22.70764923095703,,,
20369,20369,22.70764923095703,,,,
20370,20370,22.630950927734375,,,,
20371,20371,22.562162399291992,,,,
20372,20372,22.526479721069336,,,,
20373,20373,22.47923469543457,,,,
20374,20374,22.430551528930664,,,,
20375,20375,22.408349990844727,,,,
20376,20376,22.340843200683594,,,,
20377,20377,22.279834747314453,,,,
20378,20378,22.219074249267578,,,,
20379,20379,,22.20201301574707,,,
20379,20379,22.20201301574707,,,,
20380,20380,22.097990036010742,,,,
20381,20381,22.023696899414062,,,,
20382,20382,21.91901397705078,,,,
20383,20383,21.85123062133789,,,,
20384,20384,21.78014373779297,,,,
20385,20385,21.68724250793457,,,,
20386,20386,21.627166748046875,,,,
20387,20387,21.588912963867188,,,,
20388,20388,21.56078338623047,,,,
20389,20389,,21.4954891204834,,,
20389,20389,21.4954891204834,,,,
20390,20390,21.46341323852539,,,,
20391,20391,21.385211944580078,,,,
20392,20392,21.31622886657715,,,,
20393,20393,21.264463424682617,,,,
20394,20394,21.184701919555664,,,,
20395,20395,21.124652862548828,,,,
20396,20396,21.07851219177246,,,,
20397,20397,20.99631118774414,,,,
20398,20398,20.95003318786621,,,,
20399,20399,,20.891664505004883,,,
20399,20399,20.891664505004883,,,,
20400,20400,20.826839447021484,,,,
20401,20401,20.765291213989258,,,,
20402,20402,20.68752670288086,,,,
20403,20403,20.56913185119629,,,,
20404,20404,20.510358810424805,,,,
20405,20405,20.426130294799805,,,,
20406,20406,20.403026580810547,,,,
20407,20407,20.323925018310547,,,,
20408,20408,20.289777755737305,,,,
20409,20409,,20.23568344116211,,,
20409,20409,20.23568344116211,,,,
20410,20410,20.197948455810547,,,,
20411,20411,20.12727928161621,,,,
20412,20412,20.042551040649414,,,,
20413,20413,19.9516544342041,,,,
20414,20414,19.852710723876953,,,,
20415,20415,19.808414459228516,,,,
20416,20416,19.70107650756836,,,,
20417,20417,19.628870010375977,,,,
20418,20418,19.60552978515625,,,,
20419,20419,,19.557666778564453,,,
20419,20419,19.557666778564453,,,,
20420,20420,19.465906143188477,,,,
20421,20421,19.37991714477539,,,,
20422,20422,19.333581924438477,,,,
20423,20423,19.285539627075195,,,,
20424,20424,19.24765968322754,,,,
20425,20425,19.22246551513672,,,,
20426,20426,19.131454467773438,,,,
20427,20427,19.05012321472168,,,,
20428,20428,18.985631942749023,,,,
20429,20429,,18.924222946166992,,,
20429,20429,18.924222946166992,,,,
20430,20430,18.872356414794922,,,,
20431,20431,18.796245574951172,,,,
20432,20432,18.769107818603516,,,,
20433,20433,18.74287223815918,,,,
20434,20434,18.659046173095703,,,,
20435,20435,18.590702056884766,,,,
20436,20436,18.539392471313477,,,,
20437,20437,18.48402214050293,,,,
20438,20438,18.41582489013672,,,,
20439,20439,,18.391090393066406,,,
20439,20439,18.391090393066406,,,,
20440,20440,18.32953643798828,,,,
20441,20441,18.271587371826172,,,,
20442,20442,18.21459197998047,,,,
20443,20443,18.12733268737793,,,,
20444,20444,18.097530364990234,,,,
20445,20445,18.08035659790039,,,,
20446,20446,18.020092010498047,,,,
20447,20447,17.981313705444336,,,,
20448,20448,17.934152603149414,,,,
20449,20449,,17.88675880432129,,,
20449,20449,17.88675880432129,,,,
20450,20450,17.894550323486328,,,,
20451,20451,17.88808822631836,,,,
20452,20452,17.87161636352539,,,,
20453,20453,17.818397521972656,,,,
20454,20454,17.750267028808594,,,,
20455,20455,17.70570182800293,,,,
20456,20456,17.67963981628418,,,,
20457,20457,17.647459030151367,,,,
20458,20458,17.651412963867188,,,,
20459,20459,,17.611906051635742,,,
20459,20459,17.611906051635742,,,,
20460,20460,17.524890899658203,,,,
20461,20461,17.472015380859375,,,,
20462,20462,17.451126098632812,,,,
20463,20463,17.404447555541992,,,,
20464,20464,17.365049362182617,,,,
20465,20465,17.317895889282227,,,,
20466,20466,17.25863265991211,,,,
20467,20467,17.198970794677734,,,,
20468,20468,17.16343116760254,,,,
20469,20469,,17.10491180419922,,,
20469,20469,17.10491180419922,,,,
20470,20470,17.0482120513916,,,,
20471,20471,17.010761260986328,,,,
20472,20472,16.99836540222168,,,,
20473,20473,16.920934677124023,,,,
20474,20474,16.851585388183594,,,,
20475,20475,16.810632705688477,,,,
20476,20476,16.765539169311523,,,,
20477,20477,16.694005966186523,,,,
20478,20478,16.644216537475586,,,,
20479,20479,,16.569738388061523,,,
20479,20479,16.569738388061523,,,,
20480,20480,16.52374267578125,,,,
20481,20481,16.532922744750977,,,,
20482,20482,16.561870574951172,,,,
20483,20483,16.507389068603516,,,,
20484,20484,16.47417449951172,,,,
20485,20485,16.4227294921875,,,,
20486,20486,16.345149993896484,,,,
20487,20487,16.30125617980957,,,,
20488,20488,16.25823211669922,,,,
20489,20489,,16.21278190612793,,,
20489,20489,16.21278190612793,,,,
20490,20490,16.218799591064453,,,,
20491,20491,16.17099380493164,,,,
20492,20492,16.167282104492188,,,,
20493,20493,16.128170013427734,,,,
20494,20494,16.083650588989258,,,,
20495,20495,16.017040252685547,,,,
20496,20496,15.941753387451172,,,,
20497,20497,15.867365837097168,,,,
20498,20498,15.851673126220703,,,,
20499,20499,,15.86883544921875,,,
20499,20499,,,0.21387344598770142,279.7726135253906,182.86378479003906
20499,20499,15.86883544921875,,,,
20500,20500,15.825067520141602,,,,
20501,20501,15.830376625061035,,,,
20502,20502,15.770674705505371,,,,
20503,20503,15.719910621643066,,,,
20504,20504,15.715276718139648,,,,
20505,20505,15.67969799041748,,,,
20506,20506,15.67835521697998,,,,
20507,20507,15.612652778625488,,,,
20508,20508,15.556133270263672,,,,
20509,20509,,15.530633926391602,,,
20509,20509,15.530633926391602,,,,
20510,20510,15.491142272949219,,,,
20511,20511,15.466136932373047,,,,
20512,20512,15.444737434387207,,,,
20513,20513,15.435018539428711,,,,
20514,20514,15.361831665039062,,,,
20515,20515,15.33561897277832,,,,
20516,20516,15.29808235168457,,,,
20517,20517,15.339611053466797,,,,
20518,20518,15.300335884094238,,,,
20519,20519,,15.255629539489746,,,
20519,20519,15.255629539489746,,,,
20520,20520,15.2091646194458,,,,
20521,20521,15.151137351989746,,,,
20522,20522,15.125223159790039,,,,
20523,20523,15.10975170135498,,,,
20524,20524,15.084686279296875,,,,
20525,20525,15.049980163574219,,,,
20526,20526,15.006783485412598,,,,
20527,20527,14.968120574951172,,,,
20528,20528,14.936362266540527,,,,
20529,20529,,14.863431930541992,,,
20529,20529,14.863431930541992,,,,
20530,20530,14.872748374938965,,,,
20531,20531,14.818045616149902,,,,
20532,20532,14.760191917419434,,,,
20533,20533,14.74766731262207,,,,
20534,20534,14.710589408874512,,,,
20535,20535,14.674806594848633,,,,
20536,20536,14.637601852416992,,,,
20537,20537,14.616861343383789,,,,
20538,20538,14.580629348754883,,,,
20539,20539,,14.589149475097656,,,
20539,20539,14.589149475097656,,,,
20540,20540,14.578746795654297,,,,
20541,20541,14.51060962677002,,,,
20542,20542,14.487215995788574,,,,
20543,20543,14.443544387817383,,,,
20544,20544,14.391519546508789,,,,
20545,20545,14.356954574584961,,,,
20546,20546,14.333100318908691,,,,
20547,20547,14.364762306213379,,,,
20548,20548,14.314332008361816,,,,
20549,20549,,14.26137638092041,,,
20549,20549,14.26137638092041,,,,
20550,20550,14.22703742980957,,,,
20551,20551,14.166730880737305,,,,
20552,20552,14.141176223754883,,,,
20553,20553,14.086173057556152,,,,
20554,20554,14.048601150512695,,,,
20555,20555,14.010428428649902,,,,
20556,20556,13.980268478393555,,,,
20557,20557,13.949084281921387,,,,
20558,20558,13.927695274353027,,,,
20559,20559,,13.906037330627441,,,
20559,20559,13.906037330627441,,,,
20560,20560,13.863749504089355,,,,
20561,20561,13.789108276367188,,,,
20562,20562,13.779264450073242,,,,
20563,20563,13.761130332946777,,,,
20564,20564,13.718866348266602,,,,
20565,20565,13.686149597167969,,,,
20566,20566,13.667723655700684,,,,
20567,20567,13.642024040222168,,,,
20568,20568,13.6424560546875,,,,
20569,20569,,13.580520629882812,,,
20569,20569,13.580520629882812,,,,
20570,20570,13.537328720092773,,,,
20571,20571,13.5330810546875,,,,
20572,20572,13.502547264099121,,,,
20573,20573,13.475764274597168,,,,
20574,20574,13.426093101501465,,,,
20575,20575,13.403956413269043,,,,
20576,20576,13.335360527038574,,,,
20577,20577,13.36540699005127,,,,
20578,20578,13.356264114379883,,,,
20579,20579,,13.367293357849121,,,
20579,20579,13.367293357849121,,,,
20580,20580,13.344403266906738,,,,
20581,20581,13.283806800842285,,,,
20582,20582,13.271841049194336,,,,
20583,20583,13.273592948913574,,,,
20584,20584,13.233463287353516,,,,
20585,20585,13.15310287475586,,,,
20586,20586,13.156944274902344,,,,
20587,20587,13.134230613708496,,,,
20588,20588,13.074618339538574,,,,
20589,20589,,13.069787979125977,,,
20589,20589,13.069787979125977,,,,
20590,20590,13.010346412658691,,,,
20591,20591,12.993680000305176,,,,
20592,20592,12.927966117858887,,,,
20593,20593,12.917155265808105,,,,
20594,20594,12.859169960021973,,,,
20595,20595,12.830507278442383,,,,
20596,20596,12.785292625427246,,,,
20597,20597,12.716522216796875,,,,
20598,20598,12.701095581054688,,,,
20599,20599,,12.700515747070312,,,
20599,20599,12.700515747070312,,,,
20600,20600,12.70401382446289,,,,
20601,20601,12.696725845336914,,,,
20602,20602,12.698304176330566,,,,
20603,20603,12.664215087890625,,,,
20604,20604,12.637411117553711,,,,
20605,20605,12.641866683959961,,,,
20606,20606,12.634239196777344,,,,
20607,20607,12.618297576904297,,,,
20608,20608,12.576604843139648,,,,
20609,20609,,12.529921531677246,,,
20609,20609,12.529921531677246,,,,
20610,20610,12.495989799499512,,,,
20611,20611,12.47730827331543,,,,
20612,20612,12.435190200805664,,,,
20613,20613,12.452012062072754,,,,
20614,20614,12.412782669067383,,,,
20615,20615,12.36188793182373,,,,
20616,20616,12.335647583007812,,,,
20617,20617,12.323274612426758,,,,
20618,20618,12.335694313049316,,,,
20619,20619,,12.2921781539917,,,
20619,20619,12.2921781539917,,,,
20620,20620,12.224007606506348,,,,
20621,20621,12.1889009475708,,,,
20622,20622,12.178256034851074,,,,
20623,20623,12.169642448425293,,,,
20624,20624,12.180251121520996,,,,
20625,20625,12.174826622009277,,,,
20626,20626,12.111588478088379,,,,
20627,20627,12.094762802124023,,,,
20628,20628,12.054014205932617,,,,
20629,20629,,12.02018928527832,,,
20629,20629,12.02018928527832,,,,
20630,20630,12.03636360168457,,,,
20631,20631,12.022905349731445,,,,
20632,20632,12.028359413146973,,,,
20633,20633,11.975102424621582,,,,
20634,20634,11.928728103637695,,,,
20635,20635,11.92944049835205,,,,
20636,20636,11.94075870513916,,,,
20637,20637,11.922410011291504,,,,
20638,20638,11.910626411437988,,,,
20639,20639,,11.872660636901855,,,
20639,20639,11.872660636901855,,,,
20640,20640,11.821608543395996,,,,
20641,20641,11.790827751159668,,,,
20642,20642,11.71981143951416,,,,
20643,20643,11.725395202636719,,,,
20644,20644,11.714461326599121,,,,
20645,20645,11.682820320129395,,,,
20646,20646,11.640708923339844,,,,
20647,20647,11.628629684448242,,,,
20648,20648,11.625007629394531,,,,
20649,20649,,11.59020709991455,,,
20649,20649,11.59020709991455,,,,
20650,20650,11.590583801269531,,,,
20651,20651,11.601778984069824,,,,
20652,20652,11.584010124206543,,,,
20653,20653,11.581710815429688,,,,
20654,20654,11.572891235351562,,,,
20655,20655,11.56209945678711,,,,
20656,20656,11.558403968811035,,,,
20657,20657,11.526545524597168,,,,
20658,20658,11.494038581848145,,,,
20659,20659,,11.498172760009766,,,
20659,20659,11.498172760009766,,,,
20660,20660,11.493735313415527,,,,
20661,20661,11.46329402923584,,,,
20662,20662,11.467693328857422,,,,
20663,20663,11.436588287353516,,,,
20664,20664,11.386955261230469,,,,
20665,20665,11.37309455871582,,,,
20666,20666,11.376455307006836,,,,
20667,20667,11.34821891784668,,,,
20668,20668,11.345967292785645,,,,
20669,20669,,11.314227104187012,,,
20669,20669,11.314227104187012,,,,
20670,20670,11.309928894042969,,,,
20671,20671,11.2728910446167,,,,
20672,20672,11.305341720581055,,,,
20673,20673,11.289875984191895,,,,
20674,20674,11.258068084716797,,,,
20675,20675,11.231925010681152,,,,
20676,20676,11.216772079467773,,,,
20677,20677,11.171317100524902,,,,
20678,20678,11.19801139831543,,,,
20679,20679,,11.23543930053711,,,
20679,20679,11.23543930053711,,,,
20680,20680,11.217838287353516,,,,
20681,20681,11.16756820678711,,,,
20682,20682,11.149178504943848,,,,
20683,20683,11.140106201171875,,,,
20684,20684,11.154211044311523,,,,
20685,20685,11.140158653259277,,,,
20686,20686,11.116168975830078,,,,
20687,20687,11.110557556152344,,,,
20688,20688,11.150589942932129,,,,
20689,20689,,11.104726791381836,,,
20689,20689,11.104726791381836,,,,
20690,20690,11.072474479675293,,,,
20691,20691,11.05875015258789,,,,
20692,20692,11.052475929260254,,,,
20693,20693,11.059152603149414,,,,
20694,20694,11.008137702941895,,,,
20695,20695,10.996891975402832,,,,
20696,20696,10.988391876220703,,,,
20697,20697,10.942087173461914,,,,
20698,20698,10.935696601867676,,,,
20699,20699,,10.909751892089844,,,
20699,20699,10.909751892089844,,,,
20700,20700,10.894993782043457,,,,
20701,20701,10.88744831085205,,,,
20702,20702,10.872518539428711,,,,
20703,20703,10.874895095825195,,,,
20704,20704,10.856797218322754,,,,
20705,20705,10.842974662780762,,,,
20706,20706,10.774482727050781,,,,
20707,20707,10.747276306152344,,,,
20708,20708,10.765704154968262,,,,
20709,20709,,10.788023948669434,,,
20709,20709,10.788023948669434,,,,
20710,20710,10.745238304138184,,,,
20711,20711,10.674052238464355,,,,
20712,20712,10.65494441986084,,,,
20713,20713,10.677905082702637,,,,
20714,20714,10.67744255065918,,,,
20715,20715,10.687589645385742,,,,
20716,20716,10.711600303649902,,,,
20717,20717,10.741761207580566,,,,
20718,20718,10.728070259094238,,,,
20719,20719,,10.677543640136719,,,
20719,20719,10.677543640136719,,,,
20720,20720,10.653031349182129,,,,
20721,20721,10.633631706237793,,,,
20722,20722,10.631742477416992,,,,
20723,20723,10.59791088104248,,,,
20724,20724,10.558502197265625,,,,
20725,20725,10.483975410461426,,,,
20726,20726,10.507536888122559,,,,
20727,20727,10.473909378051758,,,,
20728,20728,10.44792366027832,,,,
20729,20729,,10.421398162841797,,,
20729,20729,10.421398162841797,,,,
20730,20730,10.42514705657959,,,,
20731,20731,10.430935859680176,,,,
20732,20732,10.389902114868164,,,,
20733,20733,10.376591682434082,,,,
20734,20734,10.324295043945312,,,,
20735,20735,10.336071014404297,,,,
20736,20736,10.328751564025879,,,,
20737,20737,10.314579010009766,,,,
20738,20738,10.26374626159668,,,,
20739,20739,,10.220808982849121,,,
20739,20739,10.220808982849121,,,,
20740,20740,10.189830780029297,,,,
20741,20741,10.170114517211914,,,,
20742,20742,10.18121337890625,,,,
20743,20743,10.161423683166504,,,,
20744,20744,10.119999885559082,,,,
20745,20745,10.075115203857422,,,,
20746,20746,10.028043746948242,,,,
20747,20747,9.99951171875,,,,
20748,20748,10.008264541625977,,,,
20749,20749,,10.029233932495117,,,
20749,20749,10.029233932495117,,,,
20750,20750,10.004291534423828,,,,
20751,20751,10.001303672790527,,,,
20752,20752,9.9576997756958,,,,
20753,20753,9.914037704467773,,,,
20754,20754,9.937248229980469,,,,
20755,20755,9.965165138244629,,,,
20756,20756,9.947319984436035,,,,
20757,20757,9.899558067321777,,,,
20758,20758,9.879634857177734,,,,
20759,20759,,9.849108695983887,,,
20759,20759,9.849108695983887,,,,
20760,20760,9.815662384033203,,,,
20761,20761,9.73292350769043,,,,
20762,20762,9.681511878967285,,,,
20763,20763,9.699804306030273,,,,
20764,20764,9.640829086303711,,,,
20765,20765,9.622159957885742,,,,
20766,20766,9.616369247436523,,,,
20767,20767,9.634913444519043,,,,
20768,20768,9.587562561035156,,,,
20769,20769,,9.579455375671387,,,
20769,20769,9.579455375671387,,,,
20770,20770,9.560785293579102,,,,
20771,20771,9.553016662597656,,,,
20772,20772,9.52381420135498,,,,
20773,20773,9.47929859161377,,,,
20774,20774,9.498125076293945,,,,
20775,20775,9.471161842346191,,,,
20776,20776,9.433830261230469,,,,
20777,20777,9.403114318847656,,,,
20778,20778,9.353496551513672,,,,
20779,20779,,9.313973426818848,,,
20779,20779,9.313973426818848,,,,
20780,20780,9.269122123718262,,,,
20781,20781,9.216120719909668,,,,
20782,20782,9.20997428894043,,,,
20783,20783,9.223275184631348,,,,
20784,20784,9.19144058227539,,,,
20785,20785,9.160713195800781,,,,
20786,20786,9.167094230651855,,,,
20787,20787,9.128778457641602,,,,
20788,20788,9.158016204833984,,,,
20789,20789,,9.119272232055664,,,
20789,20789,9.119272232055664,,,,
20790,20790,9.100502967834473,,,,
20791,20791,9.105134963989258,,,,
20792,20792,9.125750541687012,,,,
20793,20793,9.125298500061035,,,,
20794,20794,9.129678726196289,,,,
20795,20795,9.069228172302246,,,,
20796,20796,9.035381317138672,,,,
20797,20797,8.991690635681152,,,,
20798,20798,8.932454109191895,,,,
20799,20799,,8.954777717590332,,,
20799,20799,8.954777717590332,,,,
20800,20800,8.8544282913208,,,,
20801,20801,8.80082893371582,,,,
20802,20802,8.766304016113281,,,,
20803,20803,8.746564865112305,,,,
20804,20804,8.679649353027344,,,,
20805,20805,8.683318138122559,,,,
20806,20806,8.656222343444824,,,,
20807,20807,8.671041488647461,,,,
20808,20808,8.642777442932129,,,,
20809,20809,,8.645248413085938,,,
20809,20809,8.645248413085938,,,,
20810,20810,8.596841812133789,,,,
20811,20811,8.598478317260742,,,,
20812,20812,8.59334945678711,,,,
20813,20813,8.579599380493164,,,,
20814,20814,8.577391624450684,,,,
20815,20815,8.494185447692871,,,,
20816,20816,8.509881019592285,,,,
20817,20817,8.48865795135498,,,,
20818,20818,8.415786743164062,,,,
20819,20819,,8.467827796936035,,,
20819,20819,8.467827796936035,,,,
20820,20820,8.427873611450195,,,,
20821,20821,8.429079055786133,,,,
20822,20822,8.422637939453125,,,,
20823,20823,8.378405570983887,,,,
20824,20824,8.331707000732422,,,,
20825,20825,8.281001091003418,,,,
20826,20826,8.294978141784668,,,,
20827,20827,8.2620849609375,,,,
20828,20828,8.279507637023926,,,,
20829,20829,,8.267605781555176,,,
20829,20829,8.267605781555176,,,,
20830,20830,8.242363929748535,,,,
20831,20831,8.23961067199707,,,,
20832,20832,8.241008758544922,,,,
20833,20833,8.20667552947998,,,,
20834,20834,8.139761924743652,,,,
20835,20835,8.121977806091309,,,,
20836,20836,8.077396392822266,,,,
20837,20837,8.093645095825195,,,,
20838,20838,8.101381301879883,,,,
20839,20839,,8.014673233032227,,,
20839,20839,8.014673233032227,,,,
20840,20840,7.989564895629883,,,,
20841,20841,7.966464996337891,,,,
20842,20842,7.912663459777832,,,,
20843,20843,7.887973785400391,,,,
20844,20844,7.903142929077148,,,,
20845,20845,7.943044662475586,,,,
20846,20846,7.9287004470825195,,,,
20847,20847,7.888250827789307,,,,
20848,20848,7.88341760635376,,,,
20849,20849,,7.878309726715088,,,
20849,20849,7.878309726715088,,,,
20850,20850,7.88351583480835,,,,
20851,20851,7.878111839294434,,,,
20852,20852,7.817523002624512,,,,
20853,20853,7.8105573654174805,,,,
20854,20854,7.799222469329834,,,,
20855,20855,7.729828357696533,,,,
20856,20856,7.731221675872803,,,,
20857,20857,7.848910331726074,,,,
20858,20858,7.809345245361328,,,,
20859,20859,,7.8125386238098145,,,
20859,20859,7.8125386238098145,,,,
20860,20860,7.781129360198975,,,,
20861,20861,7.783083915710449,,,,
20862,20862,7.793399810791016,,,,
20863,20863,7.736211776733398,,,,
20864,20864,7.686469078063965,,,,
20865,20865,7.627506256103516,,,,
20866,20866,7.671158790588379,,,,
20867,20867,7.626424312591553,,,,
20868,20868,7.629345893859863,,,,
20869,20869,,7.600939750671387,,,
20869,20869,7.600939750671387,,,,
20870,20870,7.578885555267334,,,,
20871,20871,7.509983062744141,,,,
20872,20872,7.504054069519043,,,,
20873,20873,7.504526615142822,,,,
20874,20874,7.467470169067383,,,,
20875,20875,7.444063186645508,,,,
20876,20876,7.357085227966309,,,,
20877,20877,7.347294330596924,,,,
20878,20878,7.321774482727051,,,,
20879,20879,,7.30715274810791,,,
20879,20879,7.30715274810791,,,,
20880,20880,7.316478252410889,,,,
20881,20881,7.322684288024902,,,,
20882,20882,7.319326400756836,,,,
20883,20883,7.261673927307129,,,,
20884,20884,7.245289325714111,,,,
20885,20885,7.258968353271484,,,,
20886,20886,7.224274635314941,,,,
20887,20887,7.206969261169434,,,,
20888,20888,7.149439811706543,,,,
20889,20889,,7.112013339996338,,,
20889,20889,7.112013339996338,,,,
20890,20890,7.060978412628174,,,,
20891,20891,7.079391002655029,,,,
20892,20892,7.05435848236084,,,,
20893,20893,7.0319647789001465,,,,
20894,20894,7.013309001922607,,,,
20895,20895,6.927391052246094,,,,
20896,20896,6.913054466247559,,,,
20897,20897,6.863033771514893,,,,
20898,20898,6.8539862632751465,,,,
20899,20899,,6.816030979156494,,,
20899,20899,6.816030979156494,,,,
20900,20900,6.820676803588867,,,,
20901,20901,6.786945343017578,,,,
20902,20902,6.74989128112793,,,,
20903,20903,6.7387237548828125,,,,
20904,20904,6.728745460510254,,,,
20905,20905,6.690210819244385,,,,
20906,20906,6.661593437194824,,,,
20907,20907,6.659452438354492,,,,
20908,20908,6.600250720977783,,,,
20909,20909,,6.580623149871826,,,
20909,20909,6.580623149871826,,,,
20910,20910,6.546561241149902,,,,
20911,20911,6.534664630889893,,,,
20912,20912,6.504404067993164,,,,
20913,20913,6.52686882019043,,,,
20914,20914,6.5157928466796875,,,,
20915,20915,6.51641321182251,,,,
20916,20916,6.485410690307617,,,,
20917,20917,6.50081729888916,,,,
20918,20918,6.479196548461914,,,,
20919,20919,,6.44691276550293,,,
20919,20919,6.44691276550293,,,,
20920,20920,6.400428295135498,,,,
20921,20921,6.387218952178955,,,,
20922,20922,6.384399890899658,,,,
20923,20923,6.347890853881836,,,,
20924,20924,6.339873313903809,,,,
20925,20925,6.324100971221924,,,,
20926,20926,6.326450824737549,,,,
20927,20927,6.3153581619262695,,,,
20928,20928,6.295491695404053,,,,
20929,20929,,6.289402961730957,,,
20929,20929,6.289402961730957,,,,
20930,20930,6.268416881561279,,,,
20931,20931,6.220030784606934,,,,
20932,20932,6.196174144744873,,,,
20933,20933,6.162216663360596,,,,
20934,20934,6.142364978790283,,,,
20935,20935,6.13980770111084,,,,
20936,20936,6.142545700073242,,,,
20937,20937,6.145197868347168,,,,
20938,20938,6.150177478790283,,,,
20939,20939,,6.14301872253418,,,
20939,20939,6.14301872253418,,,,
20940,20940,6.143931865692139,,,,
20941,20941,6.105510711669922,,,,
20942,20942,6.096930980682373,,,,
20943,20943,6.088272571563721,,,,
20944,20944,6.0700836181640625,,,,
20945,20945,6.0350542068481445,,,,
20946,20946,6.025843620300293,,,,
20947,20947,6.0008158683776855,,,,
20948,20948,6.022785663604736,,,,
20949,20949,,6.014869213104248,,,
20949,20949,6.014869213104248,,,,
20950,20950,6.024146556854248,,,,
20951,20951,6.010644912719727,,,,
20952,20952,5.936729431152344,,,,
20953,20953,5.922431945800781,,,,
20954,20954,5.880254745483398,,,,
20955,20955,5.875324249267578,,,,
20956,20956,5.838862419128418,,,,
20957,20957,5.811108112335205,,,,
20958,20958,5.790261745452881,,,,
20959,20959,,5.776034832000732,,,
20959,20959,5.776034832000732,,,,
20960,20960,5.794622421264648,,,,
20961,20961,5.765737056732178,,,,
20962,20962,5.77555513381958,,,,
20963,20963,5.780683517456055,,,,
20964,20964,5.759513854980469,,,,
20965,20965,5.783251762390137,,,,
20966,20966,5.758332252502441,,,,
20967,20967,5.719986915588379,,,,
20968,20968,5.7028350830078125,,,,
20969,20969,,5.731925010681152,,,
20969,20969,5.731925010681152,,,,
20970,20970,5.6889472007751465,,,,
20971,20971,5.691409111022949,,,,
20972,20972,5.68173885345459,,,,
20973,20973,5.6283087730407715,,,,
20974,20974,5.634674072265625,,,,
20975,20975,5.59414005279541,,,,
20976,20976,5.603921890258789,,,,
20977,20977,5.574777603149414,,,,
20978,20978,5.53574800491333,,,,
20979,20979,,5.523384094238281,,,
20979,20979,5.523384094238281,,,,
20980,20980,5.496029376983643,,,,
20981,20981,5.471278667449951,,,,
20982,20982,5.4400506019592285,,,,
20983,20983,5.452502250671387,,,,
20984,20984,5.474466323852539,,,,
20985,20985,5.475231647491455,,,,
20986,20986,5.452686309814453,,,,
20987,20987,5.4445085525512695,,,,
20988,20988,5.42584228515625,,,,
20989,20989,,5.419668197631836,,,
20989,20989,5.419668197631836,,,,
20990,20990,5.429171085357666,,,,
20991,20991,5.431782245635986,,,,
20992,20992,5.380158424377441,,,,
20993,20993,5.369654178619385,,,,
20994,20994,5.38387393951416,,,,
20995,20995,5.379547119140625,,,,
20996,20996,5.385609149932861,,,,
20997,20997,5.352062225341797,,,,
20998,20998,5.320054054260254,,,,
20999,20999,,5.320929050445557,,,
20999,20999,,,0.22509483993053436,309.9006042480469,182.86378479003906
20999,20999,5.320929050445557,,,,
21000,21000,5.340140342712402,,,,
21001,21001,5.336230278015137,,,,
21002,21002,5.289658546447754,,,,
21003,21003,5.275988578796387,,,,
21004,21004,5.2908549308776855,,,,
21005,21005,5.278834819793701,,,,
21006,21006,5.2644853591918945,,,,
21007,21007,5.256333351135254,,,,
21008,21008,5.24582576751709,,,,
21009,21009,,5.2263383865356445,,,
21009,21009,5.2263383865356445,,,,
21010,21010,5.2229108810424805,,,,
21011,21011,5.2101945877075195,,,,
21012,21012,5.199981689453125,,,,
21013,21013,5.206936359405518,,,,
21014,21014,5.183762073516846,,,,
21015,21015,5.1999335289001465,,,,
21016,21016,5.175808429718018,,,,
21017,21017,5.162155628204346,,,,
21018,21018,5.164278984069824,,,,
21019,21019,,5.145793914794922,,,
21019,21019,5.145793914794922,,,,
21020,21020,5.140490531921387,,,,
21021,21021,5.124742031097412,,,,
21022,21022,5.118020534515381,,,,
21023,21023,5.107000827789307,,,,
21024,21024,5.095922470092773,,,,
21025,21025,5.100611209869385,,,,
21026,21026,5.084178447723389,,,,
21027,21027,5.088642597198486,,,,
21028,21028,5.077700138092041,,,,
21029,21029,,5.046408653259277,,,
21029,21029,5.046408653259277,,,,
21030,21030,5.049348831176758,,,,
21031,21031,5.054399490356445,,,,
21032,21032,5.053747177124023,,,,
21033,21033,5.036700248718262,,,,
21034,21034,5.032538414001465,,,,
21035,21035,5.006560802459717,,,,
21036,21036,5.009429931640625,,,,
21037,21037,4.994018077850342,,,,
21038,21038,4.980381488800049,,,,
21039,21039,,4.960660934448242,,,
21039,21039,4.960660934448242,,,,
21040,21040,4.942695140838623,,,,
21041,21041,4.9342451095581055,,,,
21042,21042,4.931800365447998,,,,
21043,21043,4.946402072906494,,,,
21044,21044,4.931283473968506,,,,
21045,21045,4.914456844329834,,,,
21046,21046,4.918446063995361,,,,
21047,21047,4.913276672363281,,,,
21048,21048,4.9054694175720215,,,,
21049,21049,,4.905796051025391,,,
21049,21049,4.905796051025391,,,,
21050,21050,4.88579797744751,,,,
21051,21051,4.880093097686768,,,,
21052,21052,4.858792781829834,,,,
21053,21053,4.843875885009766,,,,
21054,21054,4.858129024505615,,,,
21055,21055,4.847465515136719,,,,
21056,21056,4.843117713928223,,,,
21057,21057,4.841949939727783,,,,
21058,21058,4.834005832672119,,,,
21059,21059,,4.835689544677734,,,
21059,21059,4.835689544677734,,,,
21060,21060,4.819449424743652,,,,
21061,21061,4.808751583099365,,,,
21062,21062,4.799278736114502,,,,
21063,21063,4.80146598815918,,,,
21064,21064,4.79606819152832,,,,
21065,21065,4.782027244567871,,,,
21066,21066,4.766205787658691,,,,
21067,21067,4.765488147735596,,,,
21068,21068,4.757266998291016,,,,
21069,21069,,4.753838539123535,,,
21069,21069,4.753838539123535,,,,
21070,21070,4.748467922210693,,,,
21071,21071,4.743556022644043,,,,
21072,21072,4.756652355194092,,,,
21073,21073,4.738062381744385,,,,
21074,21074,4.730621337890625,,,,
21075,21075,4.733461856842041,,,,
21076,21076,4.743446350097656,,,,
21077,21077,4.740612030029297,,,,
21078,21078,4.735245704650879,,,,
21079,21079,,4.726651668548584,,,
21079,21079,4.726651668548584,,,,
21080,21080,4.719630718231201,,,,
21081,21081,4.710058212280273,,,,
21082,21082,4.702888488769531,,,,
21083,21083,4.6907782554626465,,,,
21084,21084,4.689013957977295,,,,
21085,21085,4.6723551750183105,,,,
21086,21086,4.671964168548584,,,,
21087,21087,4.666577339172363,,,,
21088,21088,4.662612438201904,,,,
21089,21089,,4.654969215393066,,,
21089,21089,4.654969215393066,,,,
21090,21090,4.649559020996094,,,,
21091,21091,4.661774635314941,,,,
21092,21092,4.650855541229248,,,,
21093,21093,4.645469665527344,,,,
21094,21094,4.636061668395996,,,,
21095,21095,4.645998001098633,,,,
21096,21096,4.640668869018555,,,,
21097,21097,4.638858318328857,,,,
21098,21098,4.6136860847473145,,,,
21099,21099,,4.609724998474121,,,
21099,21099,4.609724998474121,,,,
21100,21100,4.60444974899292,,,,
21101,21101,4.60508394241333,,,,
21102,21102,4.60313081741333,,,,
21103,21103,4.596399784088135,,,,
21104,21104,4.597786903381348,,,,
21105,21105,4.596316337585449,,,,
21106,21106,4.588257789611816,,,,
21107,21107,4.584918022155762,,,,
21108,21108,4.575605869293213,,,,
21109,21109,,4.584261417388916,,,
21109,21109,4.584261417388916,,,,
21110,21110,4.5900397300720215,,,,
21111,21111,4.586241722106934,,,,
21112,21112,4.581397533416748,,,,
21113,21113,4.577871799468994,,,,
21114,21114,4.560993194580078,,,,
21115,21115,4.567331314086914,,,,
21116,21116,4.564146041870117,,,,
21117,21117,4.544590950012207,,,,
21118,21118,4.545952320098877,,,,
21119,21119,,4.548819065093994,,,
21119,21119,4.548819065093994,,,,
21120,21120,4.541173934936523,,,,
21121,21121,4.543429851531982,,,,
21122,21122,4.54425048828125,,,,
21123,21123,4.543126106262207,,,,
21124,21124,4.542442321777344,,,,
21125,21125,4.547726154327393,,,,
21126,21126,4.532748222351074,,,,
21127,21127,4.5304670333862305,,,,
21128,21128,4.523855209350586,,,,
21129,21129,,4.52383279800415,,,
21129,21129,4.52383279800415,,,,
21130,21130,4.513881683349609,,,,
21131,21131,4.513282775878906,,,,
21132,21132,4.5254669189453125,,,,
21133,21133,4.519618034362793,,,,
21134,21134,4.516643524169922,,,,
21135,21135,4.511738300323486,,,,
21136,21136,4.510279655456543,,,,
21137,21137,4.513348579406738,,,,
21138,21138,4.5157270431518555,,,,
21139,21139,,4.497244358062744,,,
21139,21139,4.497244358062744,,,,
21140,21140,4.50454044342041,,,,
21141,21141,4.496665954589844,,,,
21142,21142,4.4965386390686035,,,,
21143,21143,4.476709842681885,,,,
21144,21144,4.472625732421875,,,,
21145,21145,4.495659351348877,,,,
21146,21146,4.496676445007324,,,,
21147,21147,4.500916957855225,,,,
21148,21148,4.497896194458008,,,,
21149,21149,,4.49893856048584,,,
21149,21149,4.49893856048584,,,,
21150,21150,4.502501010894775,,,,
21151,21151,4.486330986022949,,,,
21152,21152,4.478124141693115,,,,
21153,21153,4.473532676696777,,,,
21154,21154,4.47053337097168,,,,
21155,21155,4.478579998016357,,,,
21156,21156,4.465095520019531,,,,
21157,21157,4.466147422790527,,,,
21158,21158,4.469038963317871,,,,
21159,21159,,4.472448825836182,,,
21159,21159,4.472448825836182,,,,
21160,21160,4.467416763305664,,,,
21161,21161,4.463332653045654,,,,
21162,21162,4.453657627105713,,,,
21163,21163,4.4549336433410645,,,,
21164,21164,4.4511871337890625,,,,
21165,21165,4.454644203186035,,,,
21166,21166,4.459768772125244,,,,
21167,21167,4.438640117645264,,,,
21168,21168,4.4371337890625,,,,
21169,21169,,4.434770584106445,,,
21169,21169,4.434770584106445,,,,
21170,21170,4.442440509796143,,,,
21171,21171,4.435925006866455,,,,
21172,21172,4.425292491912842,,,,
21173,21173,4.429542541503906,,,,
21174,21174,4.442584991455078,,,,
21175,21175,4.436812877655029,,,,
21176,21176,4.429637432098389,,,,
21177,21177,4.4339919090271,,,,
21178,21178,4.426347255706787,,,,
21179,21179,,4.425238609313965,,,
21179,21179,4.425238609313965,,,,
21180,21180,4.421703815460205,,,,
21181,21181,4.4193549156188965,,,,
21182,21182,4.414218902587891,,,,
21183,21183,4.416583061218262,,,,
21184,21184,4.411974906921387,,,,
21185,21185,4.4042158126831055,,,,
21186,21186,4.4100847244262695,,,,
21187,21187,4.407599449157715,,,,
21188,21188,4.394678592681885,,,,
21189,21189,,4.397867202758789,,,
21189,21189,4.397867202758789,,,,
21190,21190,4.395271301269531,,,,
21191,21191,4.389559268951416,,,,
21192,21192,4.38425874710083,,,,
21193,21193,4.387134075164795,,,,
21194,21194,4.385819911956787,,,,
21195,21195,4.376242637634277,,,,
21196,21196,4.373198509216309,,,,
21197,21197,4.376787185668945,,,,
21198,21198,4.3733696937561035,,,,
21199,21199,,4.373664379119873,,,
21199,21199,4.373664379119873,,,,
21200,21200,4.376615524291992,,,,
21201,21201,4.379307746887207,,,,
21202,21202,4.3772478103637695,,,,
21203,21203,4.382808685302734,,,,
21204,21204,4.380330562591553,,,,
21205,21205,4.377660751342773,,,,
21206,21206,4.376782417297363,,,,
21207,21207,4.3732218742370605,,,,
21208,21208,4.369189262390137,,,,
21209,21209,,4.371045112609863,,,
21209,21209,4.371045112609863,,,,
21210,21210,4.364645004272461,,,,
21211,21211,4.346953392028809,,,,
21212,21212,4.354495525360107,,,,
21213,21213,4.357346057891846,,,,
21214,21214,4.345790386199951,,,,
21215,21215,4.349843502044678,,,,
21216,21216,4.340763092041016,,,,
21217,21217,4.3469977378845215,,,,
21218,21218,4.34401273727417,,,,
21219,21219,,4.3380889892578125,,,
21219,21219,4.3380889892578125,,,,
21220,21220,4.334014892578125,,,,
21221,21221,4.330158233642578,,,,
21222,21222,4.324990272521973,,,,
21223,21223,4.34730339050293,,,,
21224,21224,4.346556663513184,,,,
21225,21225,4.321987628936768,,,,
21226,21226,4.331033706665039,,,,
21227,21227,4.345221042633057,,,,
21228,21228,4.316600322723389,,,,
21229,21229,,4.307266712188721,,,
21229,21229,4.307266712188721,,,,
21230,21230,4.332862377166748,,,,
21231,21231,4.334288597106934,,,,
21232,21232,4.335868835449219,,,,
21233,21233,4.329818248748779,,,,
21234,21234,4.329659461975098,,,,
21235,21235,4.328661918640137,,,,
21236,21236,4.33296012878418,,,,
21237,21237,4.339601516723633,,,,
21238,21238,4.331377029418945,,,,
21239,21239,,4.330145835876465,,,
21239,21239,4.330145835876465,,,,
21240,21240,4.323297023773193,,,,
21241,21241,4.329597473144531,,,,
21242,21242,4.332672595977783,,,,
21243,21243,4.327696323394775,,,,
21244,21244,4.328599452972412,,,,
21245,21245,4.330947399139404,,,,
21246,21246,4.322249412536621,,,,
21247,21247,4.319478988647461,,,,
21248,21248,4.319084644317627,,,,
21249,21249,,4.3196024894714355,,,
21249,21249,4.3196024894714355,,,,
21250,21250,4.331432819366455,,,,
21251,21251,4.328979969024658,,,,
21252,21252,4.320487976074219,,,,
21253,21253,4.32244873046875,,,,
21254,21254,4.317389488220215,,,,
21255,21255,4.30964469909668,,,,
21256,21256,4.314414024353027,,,,
21257,21257,4.310356616973877,,,,
21258,21258,4.300709247589111,,,,
21259,21259,,4.296961784362793,,,
21259,21259,4.296961784362793,,,,
21260,21260,4.314620018005371,,,,
21261,21261,4.309160232543945,,,,
21262,21262,4.289608955383301,,,,
21263,21263,4.298255920410156,,,,
21264,21264,4.302571773529053,,,,
21265,21265,4.2817583084106445,,,,
21266,21266,4.279467582702637,,,,
21267,21267,4.303226470947266,,,,
21268,21268,4.291936874389648,,,,
21269,21269,,4.307559967041016,,,
21269,21269,4.307559967041016,,,,
21270,21270,4.3056535720825195,,,,
21271,21271,4.302614212036133,,,,
21272,21272,4.283669471740723,,,,
21273,21273,4.2983808517456055,,,,
21274,21274,4.2941460609436035,,,,
21275,21275,4.288026332855225,,,,
21276,21276,4.298638343811035,,,,
21277,21277,4.2807464599609375,,,,
21278,21278,4.286606311798096,,,,
21279,21279,,4.289720058441162,,,
21279,21279,4.289720058441162,,,,
21280,21280,4.2843756675720215,,,,
21281,21281,4.272357940673828,,,,
21282,21282,4.272960662841797,,,,
21283,21283,4.286528587341309,,,,
21284,21284,4.267584800720215,,,,
21285,21285,4.266077518463135,,,,
21286,21286,4.279048442840576,,,,
21287,21287,4.278770446777344,,,,
21288,21288,4.283618450164795,,,,
21289,21289,,4.264645576477051,,,
21289,21289,4.264645576477051,,,,
21290,21290,4.265065670013428,,,,
21291,21291,4.279289245605469,,,,
21292,21292,4.264742374420166,,,,
21293,21293,4.258081912994385,,,,
21294,21294,4.265281677246094,,,,
21295,21295,4.26437520980835,,,,
21296,21296,4.248365879058838,,,,
21297,21297,4.251978397369385,,,,
21298,21298,4.2539825439453125,,,,
21299,21299,,4.250612735748291,,,
21299,21299,4.250612735748291,,,,
21300,21300,4.256344318389893,,,,
21301,21301,4.244204521179199,,,,
21302,21302,4.2534918785095215,,,,
21303,21303,4.240650653839111,,,,
21304,21304,4.2440571784973145,,,,
21305,21305,4.238034725189209,,,,
21306,21306,4.247816562652588,,,,
21307,21307,4.233647346496582,,,,
21308,21308,4.246847152709961,,,,
21309,21309,,4.245063781738281,,,
21309,21309,4.245063781738281,,,,
21310,21310,4.234236717224121,,,,
21311,21311,4.238131523132324,,,,
21312,21312,4.234930038452148,,,,
21313,21313,4.226924419403076,,,,
21314,21314,4.234513759613037,,,,
21315,21315,4.230318546295166,,,,
21316,21316,4.226168155670166,,,,
21317,21317,4.208974838256836,,,,
21318,21318,4.228899955749512,,,,
21319,21319,,4.208411693572998,,,
21319,21319,4.208411693572998,,,,
21320,21320,4.226738452911377,,,,
21321,21321,4.210819721221924,,,,
21322,21322,4.219927787780762,,,,
21323,21323,4.211668014526367,,,,
21324,21324,4.196594715118408,,,,
21325,21325,4.212425708770752,,,,
21326,21326,4.199562072753906,,,,
21327,21327,4.20308256149292,,,,
21328,21328,4.211806774139404,,,,
21329,21329,,4.205930709838867,,,
21329,21329,4.205930709838867,,,,
21330,21330,4.206854343414307,,,,
21331,21331,4.213643550872803,,,,
21332,21332,4.199404239654541,,,,
21333,21333,4.197628498077393,,,,
21334,21334,4.191235065460205,,,,
21335,21335,4.195926666259766,,,,
21336,21336,4.197653770446777,,,,
21337,21337,4.200189113616943,,,,
21338,21338,4.189019680023193,,,,
21339,21339,,4.199438095092773,,,
21339,21339,4.199438095092773,,,,
21340,21340,4.200924396514893,,,,
21341,21341,4.187174320220947,,,,
21342,21342,4.186253070831299,,,,
21343,21343,4.1947407722473145,,,,
21344,21344,4.184432506561279,,,,
21345,21345,4.1789937019348145,,,,
21346,21346,4.196935653686523,,,,
21347,21347,4.174426555633545,,,,
21348,21348,4.174252033233643,,,,
21349,21349,,4.189411640167236,,,
21349,21349,4.189411640167236,,,,
21350,21350,4.176814556121826,,,,
21351,21351,4.179828643798828,,,,
21352,21352,4.187183856964111,,,,
21353,21353,4.186315536499023,,,,
21354,21354,4.180920124053955,,,,
21355,21355,4.183673858642578,,,,
21356,21356,4.182134628295898,,,,
21357,21357,4.1723246574401855,,,,
21358,21358,4.177154541015625,,,,
21359,21359,,4.172394275665283,,,
21359,21359,4.172394275665283,,,,
21360,21360,4.166831970214844,,,,
21361,21361,4.175889492034912,,,,
21362,21362,4.16360330581665,,,,
21363,21363,4.1864519119262695,,,,
21364,21364,4.163744926452637,,,,
21365,21365,4.163797378540039,,,,
21366,21366,4.177326202392578,,,,
21367,21367,4.164679527282715,,,,
21368,21368,4.16065788269043,,,,
21369,21369,,4.1757707595825195,,,
21369,21369,4.1757707595825195,,,,
21370,21370,4.167585372924805,,,,
21371,21371,4.161829471588135,,,,
21372,21372,4.180174827575684,,,,
21373,21373,4.169463157653809,,,,
21374,21374,4.172004222869873,,,,
21375,21375,4.167160511016846,,,,
21376,21376,4.167208671569824,,,,
21377,21377,4.168292045593262,,,,
21378,21378,4.16465425491333,,,,
21379,21379,,4.169647216796875,,,
21379,21379,4.169647216796875,,,,
21380,21380,4.169008731842041,,,,
21381,21381,4.161764621734619,,,,
21382,21382,4.166845798492432,,,,
21383,21383,4.158138751983643,,,,
21384,21384,4.15233850479126,,,,
21385,21385,4.168545246124268,,,,
21386,21386,4.153955459594727,,,,
21387,21387,4.148129940032959,,,,
21388,21388,4.155633449554443,,,,
21389,21389,,4.150014400482178,,,
21389,21389,4.150014400482178,,,,
21390,21390,4.144630432128906,,,,
21391,21391,4.155034065246582,,,,
21392,21392,4.148991107940674,,,,
21393,21393,4.144692897796631,,,,
21394,21394,4.144622325897217,,,,
21395,21395,4.143211364746094,,,,
21396,21396,4.141612529754639,,,,
21397,21397,4.139648914337158,,,,
21398,21398,4.142056941986084,,,,
21399,21399,,4.146513938903809,,,
21399,21399,4.146513938903809,,,,
21400,21400,4.1442365646362305,,,,
21401,21401,4.141782760620117,,,,
21402,21402,4.141232490539551,,,,
21403,21403,4.144924163818359,,,,
21404,21404,4.144099712371826,,,,
21405,21405,4.143442153930664,,,,
21406,21406,4.142420291900635,,,,
21407,21407,4.137735366821289,,,,
21408,21408,4.143604755401611,,,,
21409,21409,,4.143226623535156,,,
21409,21409,4.143226623535156,,,,
21410,21410,4.140450477600098,,,,
21411,21411,4.140759468078613,,,,
21412,21412,4.140251636505127,,,,
21413,21413,4.13923978805542,,,,
21414,21414,4.139734745025635,,,,
21415,21415,4.136404514312744,,,,
21416,21416,4.139179706573486,,,,
21417,21417,4.135812759399414,,,,
21418,21418,4.128859519958496,,,,
21419,21419,,4.129646301269531,,,
21419,21419,4.129646301269531,,,,
21420,21420,4.128842830657959,,,,
21421,21421,4.121955871582031,,,,
21422,21422,4.128272533416748,,,,
21423,21423,4.122972011566162,,,,
21424,21424,4.126029968261719,,,,
21425,21425,4.122251510620117,,,,
21426,21426,4.111239433288574,,,,
21427,21427,4.121898174285889,,,,
21428,21428,4.119843482971191,,,,
21429,21429,,4.10656213760376,,,
21429,21429,4.10656213760376,,,,
21430,21430,4.120303630828857,,,,
21431,21431,4.110030651092529,,,,
21432,21432,4.1192626953125,,,,
21433,21433,4.120301246643066,,,,
21434,21434,4.109607696533203,,,,
21435,21435,4.100604057312012,,,,
21436,21436,4.100390434265137,,,,
21437,21437,4.112584114074707,,,,
21438,21438,4.089991092681885,,,,
21439,21439,,4.090360164642334,,,
21439,21439,4.090360164642334,,,,
21440,21440,4.093658924102783,,,,
21441,21441,4.080374240875244,,,,
21442,21442,4.081884860992432,,,,
21443,21443,4.099605560302734,,,,
21444,21444,4.081205368041992,,,,
21445,21445,4.0727858543396,,,,
21446,21446,4.081475734710693,,,,
21447,21447,4.0897369384765625,,,,
21448,21448,4.078498363494873,,,,
21449,21449,,4.079458236694336,,,
21449,21449,4.079458236694336,,,,
21450,21450,4.073896408081055,,,,
21451,21451,4.090790271759033,,,,
21452,21452,4.078145980834961,,,,
21453,21453,4.074559688568115,,,,
21454,21454,4.071142673492432,,,,
21455,21455,4.068786144256592,,,,
21456,21456,4.071842193603516,,,,
21457,21457,4.073196887969971,,,,
21458,21458,4.075270652770996,,,,
21459,21459,,4.074733257293701,,,
21459,21459,4.074733257293701,,,,
21460,21460,4.071995258331299,,,,
21461,21461,4.071037769317627,,,,
21462,21462,4.074450969696045,,,,
21463,21463,4.0718536376953125,,,,
21464,21464,4.070444583892822,,,,
21465,21465,4.072877883911133,,,,
21466,21466,4.067943096160889,,,,
21467,21467,4.0705060958862305,,,,
21468,21468,4.069864749908447,,,,
21469,21469,,4.069933891296387,,,
21469,21469,4.069933891296387,,,,
21470,21470,4.06902551651001,,,,
21471,21471,4.071146011352539,,,,
21472,21472,4.0653228759765625,,,,
21473,21473,4.067203521728516,,,,
21474,21474,4.0606231689453125,,,,
21475,21475,4.065640926361084,,,,
21476,21476,4.061237335205078,,,,
21477,21477,4.0522356033325195,,,,
21478,21478,4.052712917327881,,,,
21479,21479,,4.053282737731934,,,
21479,21479,4.053282737731934,,,,
21480,21480,4.05099630355835,,,,
21481,21481,4.051829814910889,,,,
21482,21482,4.042644023895264,,,,
21483,21483,4.044723033905029,,,,
21484,21484,4.050623416900635,,,,
21485,21485,4.0422258377075195,,,,
21486,21486,4.040124416351318,,,,
21487,21487,4.041506290435791,,,,
21488,21488,4.0504679679870605,,,,
21489,21489,,4.043588161468506,,,
21489,21489,4.043588161468506,,,,
21490,21490,4.044327259063721,,,,
21491,21491,4.045171737670898,,,,
21492,21492,4.046844959259033,,,,
21493,21493,4.040394306182861,,,,
21494,21494,4.0401763916015625,,,,
21495,21495,4.039045333862305,,,,
21496,21496,4.035699367523193,,,,
21497,21497,4.033298969268799,,,,
21498,21498,4.036320209503174,,,,
21499,21499,,4.029593467712402,,,
21499,21499,,,0.2106652855873108,271.4421691894531,182.86378479003906
21499,21499,4.029593467712402,,,,
21500,21500,4.028383731842041,,,,
21501,21501,4.02801513671875,,,,
21502,21502,4.022909164428711,,,,
21503,21503,4.023933410644531,,,,
21504,21504,4.022588729858398,,,,
21505,21505,4.0162882804870605,,,,
21506,21506,4.016774654388428,,,,
21507,21507,4.0121283531188965,,,,
21508,21508,4.01910924911499,,,,
21509,21509,,4.0065202713012695,,,
21509,21509,4.0065202713012695,,,,
21510,21510,4.020491123199463,,,,
21511,21511,4.005367279052734,,,,
21512,21512,4.013309955596924,,,,
21513,21513,4.010626316070557,,,,
21514,21514,4.008261680603027,,,,
21515,21515,4.005202293395996,,,,
21516,21516,4.00667142868042,,,,
21517,21517,4.003488540649414,,,,
21518,21518,4.023489475250244,,,,
21519,21519,,3.996025800704956,,,
21519,21519,3.996025800704956,,,,
21520,21520,4.000207901000977,,,,
21521,21521,4.028038024902344,,,,
21522,21522,4.002842426300049,,,,
21523,21523,3.9912240505218506,,,,
21524,21524,4.020876407623291,,,,
21525,21525,3.9998135566711426,,,,
21526,21526,3.9836673736572266,,,,
21527,21527,4.018886089324951,,,,
21528,21528,3.99833083152771,,,,
21529,21529,,4.039080619812012,,,
21529,21529,4.039080619812012,,,,
21530,21530,3.9896156787872314,,,,
21531,21531,4.000908851623535,,,,
21532,21532,4.042538642883301,,,,
21533,21533,3.9923384189605713,,,,
21534,21534,4.008569240570068,,,,
21535,21535,4.059789180755615,,,,
21536,21536,3.9878628253936768,,,,
21537,21537,4.019276142120361,,,,
21538,21538,4.068683624267578,,,,
21539,21539,,3.992697238922119,,,
21539,21539,3.992697238922119,,,,
21540,21540,4.036067962646484,,,,
21541,21541,4.075310230255127,,,,
21542,21542,4.008326053619385,,,,
21543,21543,4.039636611938477,,,,
21544,21544,4.087080955505371,,,,
21545,21545,4.0481486320495605,,,,
21546,21546,4.065902233123779,,,,
21547,21547,4.083785057067871,,,,
21548,21548,4.02948522567749,,,,
21549,21549,,4.06479549407959,,,
21549,21549,4.06479549407959,,,,
21550,21550,4.110996246337891,,,,
21551,21551,4.029361248016357,,,,
21552,21552,4.137250900268555,,,,
21553,21553,4.17153263092041,,,,
21554,21554,4.079104423522949,,,,
21555,21555,4.271965503692627,,,,
21556,21556,4.189364910125732,,,,
21557,21557,4.134958267211914,,,,
21558,21558,4.2480244636535645,,,,
21559,21559,,4.091242790222168,,,
21559,21559,4.091242790222168,,,,
21560,21560,4.13590669631958,,,,
21561,21561,4.114602565765381,,,,
21562,21562,4.021152973175049,,,,
21563,21563,4.077215671539307,,,,
21564,21564,4.013618469238281,,,,
21565,21565,4.014352321624756,,,,
21566,21566,4.061682224273682,,,,
21567,21567,3.993922472000122,,,,
21568,21568,4.010654926300049,,,,
21569,21569,,4.050410747528076,,,
21569,21569,4.050410747528076,,,,
21570,21570,4.029352188110352,,,,
21571,21571,4.035153865814209,,,,
21572,21572,4.06976318359375,,,,
21573,21573,4.016865253448486,,,,
21574,21574,4.04177188873291,,,,
21575,21575,4.058578968048096,,,,
21576,21576,4.015964031219482,,,,
21577,21577,4.037597179412842,,,,
21578,21578,4.014045715332031,,,,
21579,21579,,4.015971660614014,,,
21579,21579,4.015971660614014,,,,
21580,21580,4.026001453399658,,,,
21581,21581,4.006246566772461,,,,
21582,21582,4.034592151641846,,,,
21583,21583,4.004273414611816,,,,
21584,21584,3.9996795654296875,,,,
21585,21585,4.042407989501953,,,,
21586,21586,3.9953558444976807,,,,
21587,21587,4.000641345977783,,,,
21588,21588,4.009015083312988,,,,
21589,21589,,3.999215602874756,,,
21589,21589,3.999215602874756,,,,
21590,21590,4.003899574279785,,,,
21591,21591,4.014637470245361,,,,
21592,21592,4.008444309234619,,,,
21593,21593,3.9970951080322266,,,,
21594,21594,4.03264856338501,,,,
21595,21595,4.0041303634643555,,,,
21596,21596,4.017797470092773,,,,
21597,21597,4.032137870788574,,,,
21598,21598,4.003710746765137,,,,
21599,21599,,4.013888359069824,,,
21599,21599,4.013888359069824,,,,
21600,21600,4.020271301269531,,,,
21601,21601,3.9983181953430176,,,,
21602,21602,4.008945465087891,,,,
21603,21603,3.9952056407928467,,,,
21604,21604,3.982980966567993,,,,
21605,21605,4.019985198974609,,,,
21606,21606,4.016511917114258,,,,
21607,21607,3.9826719760894775,,,,
21608,21608,4.023237228393555,,,,
21609,21609,,4.021210193634033,,,
21609,21609,4.021210193634033,,,,
21610,21610,3.981229305267334,,,,
21611,21611,4.034981727600098,,,,
21612,21612,4.008988857269287,,,,
21613,21613,4.006911277770996,,,,
21614,21614,4.026778221130371,,,,
21615,21615,3.984938621520996,,,,
21616,21616,4.005837917327881,,,,
21617,21617,4.007181644439697,,,,
21618,21618,3.9828155040740967,,,,
21619,21619,,3.9769043922424316,,,
21619,21619,3.9769043922424316,,,,
21620,21620,3.986980438232422,,,,
21621,21621,3.973170757293701,,,,
21622,21622,3.9702799320220947,,,,
21623,21623,3.9728353023529053,,,,
21624,21624,3.9676525592803955,,,,
21625,21625,3.9674463272094727,,,,
21626,21626,3.9754436016082764,,,,
21627,21627,3.9915595054626465,,,,
21628,21628,3.9654784202575684,,,,
21629,21629,,3.9704689979553223,,,
21629,21629,3.9704689979553223,,,,
21630,21630,3.9690940380096436,,,,
21631,21631,3.963613271713257,,,,
21632,21632,3.974487543106079,,,,
21633,21633,3.963576555252075,,,,
21634,21634,3.961610794067383,,,,
21635,21635,3.95827579498291,,,,
21636,21636,3.9640822410583496,,,,
21637,21637,3.962449073791504,,,,
21638,21638,3.9701290130615234,,,,
21639,21639,,3.98036527633667,,,
21639,21639,3.98036527633667,,,,
21640,21640,3.9541707038879395,,,,
21641,21641,3.950552463531494,,,,
21642,21642,3.975861072540283,,,,
21643,21643,3.953026294708252,,,,
21644,21644,3.959703207015991,,,,
21645,21645,3.959764242172241,,,,
21646,21646,3.949125051498413,,,,
21647,21647,3.958782911300659,,,,
21648,21648,3.941500186920166,,,,
21649,21649,,3.9523909091949463,,,
21649,21649,3.9523909091949463,,,,
21650,21650,3.950263261795044,,,,
21651,21651,3.9410817623138428,,,,
21652,21652,3.9695489406585693,,,,
21653,21653,3.945533514022827,,,,
21654,21654,3.9576773643493652,,,,
21655,21655,3.9570963382720947,,,,
21656,21656,3.9409849643707275,,,,
21657,21657,3.9439196586608887,,,,
21658,21658,3.9319422245025635,,,,
21659,21659,,3.949469804763794,,,
21659,21659,3.949469804763794,,,,
21660,21660,3.9546656608581543,,,,
21661,21661,3.9512901306152344,,,,
21662,21662,3.9535343647003174,,,,
21663,21663,3.953876495361328,,,,
21664,21664,3.953975200653076,,,,
21665,21665,3.952645778656006,,,,
21666,21666,3.9501760005950928,,,,
21667,21667,3.9435691833496094,,,,
21668,21668,3.9441077709198,,,,
21669,21669,,3.946091651916504,,,
21669,21669,3.946091651916504,,,,
21670,21670,3.9453372955322266,,,,
21671,21671,3.943310260772705,,,,
21672,21672,3.9482903480529785,,,,
21673,21673,3.9389748573303223,,,,
21674,21674,3.939103126525879,,,,
21675,21675,3.940786600112915,,,,
21676,21676,3.939818859100342,,,,
21677,21677,3.93835711479187,,,,
21678,21678,3.945218563079834,,,,
21679,21679,,3.939934492111206,,,
21679,21679,3.939934492111206,,,,
21680,21680,3.9447693824768066,,,,
21681,21681,3.944324493408203,,,,
21682,21682,3.9339301586151123,,,,
21683,21683,3.941300392150879,,,,
21684,21684,3.9408791065216064,,,,
21685,21685,3.931626319885254,,,,
21686,21686,3.941188097000122,,,,
21687,21687,3.939701795578003,,,,
21688,21688,3.939044237136841,,,,
21689,21689,,3.9387197494506836,,,
21689,21689,3.9387197494506836,,,,
21690,21690,3.9384984970092773,,,,
21691,21691,3.9301257133483887,,,,
21692,21692,3.93690824508667,,,,
21693,21693,3.9330997467041016,,,,
21694,21694,3.9251902103424072,,,,
21695,21695,3.9384896755218506,,,,
21696,21696,3.916714668273926,,,,
21697,21697,3.9263737201690674,,,,
21698,21698,3.9321422576904297,,,,
21699,21699,,3.9203457832336426,,,
21699,21699,3.9203457832336426,,,,
21700,21700,3.921307325363159,,,,
21701,21701,3.9238059520721436,,,,
21702,21702,3.9167110919952393,,,,
21703,21703,3.905667543411255,,,,
21704,21704,3.9155709743499756,,,,
21705,21705,3.927727460861206,,,,
21706,21706,3.9065732955932617,,,,
21707,21707,3.91491961479187,,,,
21708,21708,3.9213061332702637,,,,
21709,21709,,3.9065887928009033,,,
21709,21709,3.9065887928009033,,,,
21710,21710,3.9055731296539307,,,,
21711,21711,3.9120662212371826,,,,
21712,21712,3.908775806427002,,,,
21713,21713,3.9163811206817627,,,,
21714,21714,3.916766405105591,,,,
21715,21715,3.9154584407806396,,,,
21716,21716,3.923354148864746,,,,
21717,21717,3.918222427368164,,,,
21718,21718,3.986809253692627,,,,
21719,21719,,3.921125888824463,,,
21719,21719,3.921125888824463,,,,
21720,21720,3.9140307903289795,,,,
21721,21721,3.9194483757019043,,,,
21722,21722,3.912377119064331,,,,
21723,21723,3.908193826675415,,,,
21724,21724,3.905850410461426,,,,
21725,21725,3.915306568145752,,,,
21726,21726,3.9157967567443848,,,,
21727,21727,3.9033610820770264,,,,
21728,21728,3.911708354949951,,,,
21729,21729,,3.908517837524414,,,
21729,21729,3.908517837524414,,,,
21730,21730,3.8979902267456055,,,,
21731,21731,3.9066579341888428,,,,
21732,21732,3.9024741649627686,,,,
21733,21733,3.9022488594055176,,,,
21734,21734,3.9017255306243896,,,,
21735,21735,3.9064741134643555,,,,
21736,21736,3.9005300998687744,,,,
21737,21737,3.9000818729400635,,,,
21738,21738,3.911355972290039,,,,
21739,21739,,3.896362543106079,,,
21739,21739,3.896362543106079,,,,
21740,21740,3.906343460083008,,,,
21741,21741,3.909712791442871,,,,
21742,21742,3.9181811809539795,,,,
21743,21743,3.905907154083252,,,,
21744,21744,3.9060940742492676,,,,
21745,21745,3.9179725646972656,,,,
21746,21746,3.9055404663085938,,,,
21747,21747,3.906437635421753,,,,
21748,21748,3.8964507579803467,,,,
21749,21749,,3.9049994945526123,,,
21749,21749,3.9049994945526123,,,,
21750,21750,3.9015064239501953,,,,
21751,21751,3.924483060836792,,,,
21752,21752,3.9059741497039795,,,,
21753,21753,3.8922815322875977,,,,
21754,21754,3.9244182109832764,,,,
21755,21755,3.8944344520568848,,,,
21756,21756,3.9557061195373535,,,,
21757,21757,3.8879895210266113,,,,
21758,21758,3.9013900756835938,,,,
21759,21759,,3.929737091064453,,,
21759,21759,3.929737091064453,,,,
21760,21760,3.9035191535949707,,,,
21761,21761,3.9289917945861816,,,,
21762,21762,3.897284507751465,,,,
21763,21763,3.890298843383789,,,,
21764,21764,3.923844337463379,,,,
21765,21765,3.893097400665283,,,,
21766,21766,3.894256830215454,,,,
21767,21767,3.9207239151000977,,,,
21768,21768,3.8961524963378906,,,,
21769,21769,,3.9010396003723145,,,
21769,21769,3.9010396003723145,,,,
21770,21770,3.912750005722046,,,,
21771,21771,3.8966755867004395,,,,
21772,21772,3.8964126110076904,,,,
21773,21773,3.902265787124634,,,,
21774,21774,3.8841311931610107,,,,
21775,21775,3.9102680683135986,,,,
21776,21776,3.8853023052215576,,,,
21777,21777,3.8921563625335693,,,,
21778,21778,3.9116880893707275,,,,
21779,21779,,3.8910627365112305,,,
21779,21779,3.8910627365112305,,,,
21780,21780,3.891761302947998,,,,
21781,21781,3.8901474475860596,,,,
21782,21782,3.8907017707824707,,,,
21783,21783,3.8941962718963623,,,,
21784,21784,3.9051828384399414,,,,
21785,21785,3.8856897354125977,,,,
21786,21786,3.916764259338379,,,,
21787,21787,3.895509719848633,,,,
21788,21788,3.893219470977783,,,,
21789,21789,,3.9026923179626465,,,
21789,21789,3.9026923179626465,,,,
21790,21790,3.8813984394073486,,,,
21791,21791,3.920590877532959,,,,
21792,21792,3.896955728530884,,,,
21793,21793,3.900999069213867,,,,
21794,21794,3.9144976139068604,,,,
21795,21795,3.8774709701538086,,,,
21796,21796,3.892202854156494,,,,
21797,21797,3.90628981590271,,,,
21798,21798,3.8732807636260986,,,,
21799,21799,,3.899547576904297,,,
21799,21799,3.899547576904297,,,,
21800,21800,3.8929622173309326,,,,
21801,21801,3.8796939849853516,,,,
21802,21802,3.9041130542755127,,,,
21803,21803,3.8840599060058594,,,,
21804,21804,3.8631081581115723,,,,
21805,21805,3.9156882762908936,,,,
21806,21806,3.8778529167175293,,,,
21807,21807,3.899794578552246,,,,
21808,21808,3.8985493183135986,,,,
21809,21809,,3.876338005065918,,,
21809,21809,3.876338005065918,,,,
21810,21810,3.9113924503326416,,,,
21811,21811,3.8710622787475586,,,,
21812,21812,3.8899011611938477,,,,
21813,21813,3.890406370162964,,,,
21814,21814,3.8663413524627686,,,,
21815,21815,3.913882255554199,,,,
21816,21816,3.8650014400482178,,,,
21817,21817,3.899878978729248,,,,
21818,21818,3.867992401123047,,,,
21819,21819,,3.89992094039917,,,
21819,21819,3.89992094039917,,,,
21820,21820,3.86997389793396,,,,
21821,21821,3.891470432281494,,,,
21822,21822,3.852538824081421,,,,
21823,21823,3.880281925201416,,,,
21824,21824,3.8840980529785156,,,,
21825,21825,3.862314224243164,,,,
21826,21826,3.8552873134613037,,,,
21827,21827,3.884077548980713,,,,
21828,21828,3.857922315597534,,,,
21829,21829,,3.86299204826355,,,
21829,21829,3.86299204826355,,,,
21830,21830,3.882230758666992,,,,
21831,21831,3.8615543842315674,,,,
21832,21832,3.862415313720703,,,,
21833,21833,3.8810253143310547,,,,
21834,21834,3.878369092941284,,,,
21835,21835,3.877230405807495,,,,
21836,21836,3.884812355041504,,,,
21837,21837,3.8564870357513428,,,,
21838,21838,3.8813600540161133,,,,
21839,21839,,3.860352039337158,,,
21839,21839,3.860352039337158,,,,
21840,21840,3.878324270248413,,,,
21841,21841,3.850766658782959,,,,
21842,21842,3.8771748542785645,,,,
21843,21843,3.8616411685943604,,,,
21844,21844,3.854719400405884,,,,
21845,21845,3.8863046169281006,,,,
21846,21846,3.8554606437683105,,,,
21847,21847,3.88372802734375,,,,
21848,21848,3.870999813079834,,,,
21849,21849,,3.8514227867126465,,,
21849,21849,3.8514227867126465,,,,
21850,21850,3.887279987335205,,,,
21851,21851,3.870790958404541,,,,
21852,21852,3.8457791805267334,,,,
21853,21853,3.887580156326294,,,,
21854,21854,3.8364450931549072,,,,
21855,21855,3.836822509765625,,,,
21856,21856,3.8979451656341553,,,,
21857,21857,3.8460166454315186,,,,
21858,21858,3.867387294769287,,,,
21859,21859,,3.878767967224121,,,
21859,21859,3.878767967224121,,,,
21860,21860,3.8678030967712402,,,,
21861,21861,3.8444597721099854,,,,
21862,21862,3.890470027923584,,,,
21863,21863,3.8454935550689697,,,,
21864,21864,3.846992254257202,,,,
21865,21865,3.868833541870117,,,,
21866,21866,3.8338911533355713,,,,
21867,21867,3.864118814468384,,,,
21868,21868,3.8658645153045654,,,,
21869,21869,,3.8384480476379395,,,
21869,21869,3.8384480476379395,,,,
21870,21870,3.861046075820923,,,,
21871,21871,3.860858201980591,,,,
21872,21872,3.8401360511779785,,,,
21873,21873,3.8688364028930664,,,,
21874,21874,3.8478448390960693,,,,
21875,21875,3.841468572616577,,,,
21876,21876,3.8596036434173584,,,,
21877,21877,3.8491387367248535,,,,
21878,21878,3.876291275024414,,,,
21879,21879,,3.8600285053253174,,,
21879,21879,3.8600285053253174,,,,
21880,21880,3.8371975421905518,,,,
21881,21881,3.859013557434082,,,,
21882,21882,3.8418002128601074,,,,
21883,21883,3.851388692855835,,,,
21884,21884,3.8328497409820557,,,,
21885,21885,3.836225986480713,,,,
21886,21886,3.854374885559082,,,,
21887,21887,3.826509952545166,,,,
21888,21888,3.851689577102661,,,,
21889,21889,,3.855797529220581,,,
21889,21889,3.855797529220581,,,,
21890,21890,3.83614182472229,,,,
21891,21891,3.8519997596740723,,,,
21892,21892,3.8444464206695557,,,,
21893,21893,3.830744743347168,,,,
21894,21894,3.8602283000946045,,,,
21895,21895,3.8226888179779053,,,,
21896,21896,3.847032308578491,,,,
21897,21897,3.8341708183288574,,,,
21898,21898,3.8249285221099854,,,,
21899,21899,,3.845041513442993,,,
21899,21899,3.845041513442993,,,,
21900,21900,3.838843584060669,,,,
21901,21901,3.8368585109710693,,,,
21902,21902,3.8710479736328125,,,,
21903,21903,3.826364517211914,,,,
21904,21904,3.832469940185547,,,,
21905,21905,3.8385426998138428,,,,
21906,21906,3.836925983428955,,,,
21907,21907,3.840701103210449,,,,
21908,21908,3.8331730365753174,,,,
21909,21909,,3.8263356685638428,,,
21909,21909,3.8263356685638428,,,,
21910,21910,3.8300395011901855,,,,
21911,21911,3.8333749771118164,,,,
21912,21912,3.815352439880371,,,,
21913,21913,3.835754156112671,,,,
21914,21914,3.834942102432251,,,,
21915,21915,3.8177199363708496,,,,
21916,21916,3.8316400051116943,,,,
21917,21917,3.8306589126586914,,,,
21918,21918,3.819627523422241,,,,
21919,21919,,3.8243119716644287,,,
21919,21919,3.8243119716644287,,,,
21920,21920,3.8125081062316895,,,,
21921,21921,3.813406467437744,,,,
21922,21922,3.8366482257843018,,,,
21923,21923,3.8141701221466064,,,,
21924,21924,3.816925525665283,,,,
21925,21925,3.8352162837982178,,,,
21926,21926,3.8315589427948,,,,
21927,21927,3.818166971206665,,,,
21928,21928,3.832991600036621,,,,
21929,21929,,3.814877986907959,,,
21929,21929,3.814877986907959,,,,
21930,21930,3.8224680423736572,,,,
21931,21931,3.8196215629577637,,,,
21932,21932,3.825327157974243,,,,
21933,21933,3.8159689903259277,,,,
21934,21934,3.827176094055176,,,,
21935,21935,3.818873882293701,,,,
21936,21936,3.8135461807250977,,,,
21937,21937,3.8177075386047363,,,,
21938,21938,3.8112924098968506,,,,
21939,21939,,3.901588201522827,,,
21939,21939,3.901588201522827,,,,
21940,21940,3.8294618129730225,,,,
21941,21941,3.823495388031006,,,,
21942,21942,3.813971519470215,,,,
21943,21943,3.8140790462493896,,,,
21944,21944,3.9234261512756348,,,,
21945,21945,3.840897798538208,,,,
21946,21946,3.8530611991882324,,,,
21947,21947,3.804537296295166,,,,
21948,21948,3.8082668781280518,,,,
21949,21949,,3.8813202381134033,,,
21949,21949,3.8813202381134033,,,,
21950,21950,3.8348336219787598,,,,
21951,21951,3.875760793685913,,,,
21952,21952,3.8036928176879883,,,,
21953,21953,3.799992084503174,,,,
21954,21954,3.8514792919158936,,,,
21955,21955,3.821366786956787,,,,
21956,21956,3.915491819381714,,,,
21957,21957,3.8238542079925537,,,,
21958,21958,3.8546054363250732,,,,
21959,21959,,3.7936596870422363,,,
21959,21959,3.7936596870422363,,,,
21960,21960,3.805701494216919,,,,
21961,21961,3.8650801181793213,,,,
21962,21962,3.814004898071289,,,,
21963,21963,3.813441753387451,,,,
21964,21964,3.894150495529175,,,,
21965,21965,3.831359624862671,,,,
21966,21966,3.8355014324188232,,,,
21967,21967,3.809086799621582,,,,
21968,21968,3.8105900287628174,,,,
21969,21969,,3.8179197311401367,,,
21969,21969,3.8179197311401367,,,,
21970,21970,3.804865598678589,,,,
21971,21971,3.8085439205169678,,,,
21972,21972,3.8762571811676025,,,,
21973,21973,3.8232574462890625,,,,
21974,21974,3.8396453857421875,,,,
21975,21975,3.7945969104766846,,,,
21976,21976,3.8103158473968506,,,,
21977,21977,3.853243112564087,,,,
21978,21978,3.8148984909057617,,,,
21979,21979,,3.8069891929626465,,,
21979,21979,3.8069891929626465,,,,
21980,21980,3.8051486015319824,,,,
21981,21981,3.809004068374634,,,,
21982,21982,3.8487308025360107,,,,
21983,21983,3.795930862426758,,,,
21984,21984,3.79289174079895,,,,
21985,21985,3.8223671913146973,,,,
21986,21986,3.8181588649749756,,,,
21987,21987,3.865076780319214,,,,
21988,21988,3.798678398132324,,,,
21989,21989,,3.7863969802856445,,,
21989,21989,3.7863969802856445,,,,
21990,21990,3.824648857116699,,,,
21991,21991,3.80808424949646,,,,
21992,21992,3.817784070968628,,,,
21993,21993,3.778578996658325,,,,
21994,21994,3.791624069213867,,,,
21995,21995,3.800898313522339,,,,
21996,21996,3.7870359420776367,,,,
21997,21997,3.7758429050445557,,,,
21998,21998,3.805365800857544,,,,
21999,21999,,3.787679672241211,,,
21999,21999,,,0.20350100100040436,253.2937469482422,182.86378479003906
21999,21999,3.787679672241211,,,,
22000,22000,3.787001609802246,,,,
22001,22001,3.818150043487549,,,,
22002,22002,3.824385643005371,,,,
22003,22003,3.9472384452819824,,,,
22004,22004,3.793637275695801,,,,
22005,22005,3.7876644134521484,,,,
22006,22006,3.8584792613983154,,,,
22007,22007,3.8337996006011963,,,,
22008,22008,3.954284191131592,,,,
22009,22009,,3.810863494873047,,,
22009,22009,3.810863494873047,,,,
22010,22010,3.794727087020874,,,,
22011,22011,3.8969664573669434,,,,
22012,22012,3.839142322540283,,,,
22013,22013,3.992034912109375,,,,
22014,22014,3.814835786819458,,,,
22015,22015,3.775327444076538,,,,
22016,22016,3.8228704929351807,,,,
22017,22017,3.8429758548736572,,,,
22018,22018,3.994055986404419,,,,
22019,22019,,3.8227083683013916,,,
22019,22019,3.8227083683013916,,,,
22020,22020,3.7698423862457275,,,,
22021,22021,3.8515639305114746,,,,
22022,22022,3.816812753677368,,,,
22023,22023,3.9065933227539062,,,,
22024,22024,3.814577102661133,,,,
22025,22025,3.762458086013794,,,,
22026,22026,3.866853952407837,,,,
22027,22027,3.834810256958008,,,,
22028,22028,3.9338669776916504,,,,
22029,22029,,3.794384717941284,,,
22029,22029,3.794384717941284,,,,
22030,22030,3.7768189907073975,,,,
22031,22031,3.890087842941284,,,,
22032,22032,3.8770453929901123,,,,
22033,22033,4.089092254638672,,,,
22034,22034,3.802949905395508,,,,
22035,22035,3.814932107925415,,,,
22036,22036,4.011084079742432,,,,
22037,22037,3.811948776245117,,,,
22038,22038,3.7787134647369385,,,,
22039,22039,,3.9548304080963135,,,
22039,22039,3.9548304080963135,,,,
22040,22040,3.819653034210205,,,,
22041,22041,3.766355037689209,,,,
22042,22042,3.875427484512329,,,,
22043,22043,3.884608745574951,,,,
22044,22044,4.071977615356445,,,,
22045,22045,3.811415433883667,,,,
22046,22046,3.786954879760742,,,,
22047,22047,3.958355188369751,,,,
22048,22048,3.807417392730713,,,,
22049,22049,,3.8103396892547607,,,
22049,22049,3.8103396892547607,,,,
22050,22050,3.865900754928589,,,,
22051,22051,3.850729465484619,,,,
22052,22052,4.007585525512695,,,,
22053,22053,3.7968947887420654,,,,
22054,22054,3.796501636505127,,,,
22055,22055,3.9639766216278076,,,,
22056,22056,3.81622576713562,,,,
22057,22057,3.774611711502075,,,,
22058,22058,3.9744229316711426,,,,
22059,22059,,3.8815550804138184,,,
22059,22059,3.8815550804138184,,,,
22060,22060,3.963365077972412,,,,
22061,22061,3.765421152114868,,,,
22062,22062,3.7838640213012695,,,,
22063,22063,3.9159741401672363,,,,
22064,22064,3.7818591594696045,,,,
22065,22065,3.758639335632324,,,,
22066,22066,3.8751673698425293,,,,
22067,22067,3.805555820465088,,,,
22068,22068,3.8414344787597656,,,,
22069,22069,,3.8183236122131348,,,
22069,22069,3.8183236122131348,,,,
22070,22070,3.801666259765625,,,,
22071,22071,3.868262529373169,,,,
22072,22072,3.801295042037964,,,,
22073,22073,3.833798885345459,,,,
22074,22074,3.792597532272339,,,,
22075,22075,3.7925262451171875,,,,
22076,22076,3.8193302154541016,,,,
22077,22077,3.777519941329956,,,,
22078,22078,3.8546254634857178,,,,
22079,22079,,3.797839641571045,,,
22079,22079,3.797839641571045,,,,
22080,22080,3.819715738296509,,,,
22081,22081,3.791971445083618,,,,
22082,22082,3.8399457931518555,,,,
22083,22083,3.798128604888916,,,,
22084,22084,3.8411571979522705,,,,
22085,22085,3.800178050994873,,,,
22086,22086,3.8318846225738525,,,,
22087,22087,3.770839214324951,,,,
22088,22088,3.8477742671966553,,,,
22089,22089,,3.7860019207000732,,,
22089,22089,3.7860019207000732,,,,
22090,22090,3.830671787261963,,,,
22091,22091,3.799436092376709,,,,
22092,22092,3.8108370304107666,,,,
22093,22093,3.7953474521636963,,,,
22094,22094,3.8446195125579834,,,,
22095,22095,3.800143003463745,,,,
22096,22096,3.8763060569763184,,,,
22097,22097,3.7939453125,,,,
22098,22098,3.799746036529541,,,,
22099,22099,,3.819226026535034,,,
22099,22099,3.819226026535034,,,,
22100,22100,3.806685209274292,,,,
22101,22101,3.838388204574585,,,,
22102,22102,3.797959327697754,,,,
22103,22103,3.815255641937256,,,,
22104,22104,3.782918930053711,,,,
22105,22105,3.7853684425354004,,,,
22106,22106,3.801647663116455,,,,
22107,22107,3.7985589504241943,,,,
22108,22108,3.7962887287139893,,,,
22109,22109,,3.7880237102508545,,,
22109,22109,3.7880237102508545,,,,
22110,22110,3.799619674682617,,,,
22111,22111,3.793389081954956,,,,
22112,22112,3.792415142059326,,,,
22113,22113,3.7967395782470703,,,,
22114,22114,3.814375400543213,,,,
22115,22115,3.7925384044647217,,,,
22116,22116,3.785456657409668,,,,
22117,22117,3.809079647064209,,,,
22118,22118,3.796113967895508,,,,
22119,22119,,3.7755343914031982,,,
22119,22119,3.7755343914031982,,,,
22120,22120,3.7943308353424072,,,,
22121,22121,3.8038687705993652,,,,
22122,22122,3.8056368827819824,,,,
22123,22123,3.8140270709991455,,,,
22124,22124,3.7954652309417725,,,,
22125,22125,3.8068652153015137,,,,
22126,22126,3.8165056705474854,,,,
22127,22127,3.7825891971588135,,,,
22128,22128,3.7767086029052734,,,,
22129,22129,,3.8276312351226807,,,
22129,22129,3.8276312351226807,,,,
22130,22130,3.7864718437194824,,,,
22131,22131,3.7960803508758545,,,,
22132,22132,3.8248164653778076,,,,
22133,22133,3.812957286834717,,,,
22134,22134,3.9484307765960693,,,,
22135,22135,3.834336996078491,,,,
22136,22136,3.831296682357788,,,,
22137,22137,3.777545928955078,,,,
22138,22138,3.800800323486328,,,,
22139,22139,,3.8240556716918945,,,
22139,22139,3.8240556716918945,,,,
22140,22140,3.7760443687438965,,,,
22141,22141,3.781203031539917,,,,
22142,22142,3.81095027923584,,,,
22143,22143,3.7872493267059326,,,,
22144,22144,3.8518927097320557,,,,
22145,22145,3.789736032485962,,,,
22146,22146,3.79952335357666,,,,
22147,22147,3.792310953140259,,,,
22148,22148,3.7741734981536865,,,,
22149,22149,,3.830308437347412,,,
22149,22149,3.830308437347412,,,,
22150,22150,3.7715096473693848,,,,
22151,22151,3.7737221717834473,,,,
22152,22152,3.832378387451172,,,,
22153,22153,3.7797200679779053,,,,
22154,22154,3.8494069576263428,,,,
22155,22155,3.7754881381988525,,,,
22156,22156,3.7850258350372314,,,,
22157,22157,3.859877824783325,,,,
22158,22158,3.7610692977905273,,,,
22159,22159,,3.8176276683807373,,,
22159,22159,3.8176276683807373,,,,
22160,22160,3.783515691757202,,,,
22161,22161,3.791649341583252,,,,
22162,22162,3.8385009765625,,,,
22163,22163,3.7657470703125,,,,
22164,22164,3.8658151626586914,,,,
22165,22165,3.7540693283081055,,,,
22166,22166,3.798640727996826,,,,
22167,22167,3.7798917293548584,,,,
22168,22168,3.785396099090576,,,,
22169,22169,,3.7836477756500244,,,
22169,22169,3.7836477756500244,,,,
22170,22170,3.78096079826355,,,,
22171,22171,3.779881238937378,,,,
22172,22172,3.781583070755005,,,,
22173,22173,3.773956775665283,,,,
22174,22174,3.7708280086517334,,,,
22175,22175,3.775350332260132,,,,
22176,22176,3.7740461826324463,,,,
22177,22177,3.7686634063720703,,,,
22178,22178,3.8030388355255127,,,,
22179,22179,,3.7595386505126953,,,
22179,22179,3.7595386505126953,,,,
22180,22180,3.8338327407836914,,,,
22181,22181,3.780704975128174,,,,
22182,22182,3.827721118927002,,,,
22183,22183,3.782386064529419,,,,
22184,22184,3.78289794921875,,,,
22185,22185,3.793175220489502,,,,
22186,22186,3.771695375442505,,,,
22187,22187,3.8942368030548096,,,,
22188,22188,3.7928662300109863,,,,
22189,22189,,3.8462212085723877,,,
22189,22189,3.8462212085723877,,,,
22190,22190,3.772993564605713,,,,
22191,22191,3.772465944290161,,,,
22192,22192,3.7890846729278564,,,,
22193,22193,3.7729039192199707,,,,
22194,22194,3.78498911857605,,,,
22195,22195,3.7580175399780273,,,,
22196,22196,3.760197162628174,,,,
22197,22197,3.7830910682678223,,,,
22198,22198,3.770975351333618,,,,
22199,22199,,3.778289556503296,,,
22199,22199,3.778289556503296,,,,
22200,22200,3.761565685272217,,,,
22201,22201,3.762927532196045,,,,
22202,22202,3.7870934009552,,,,
22203,22203,3.7572178840637207,,,,
22204,22204,3.7721402645111084,,,,
22205,22205,3.7701542377471924,,,,
22206,22206,3.774611473083496,,,,
22207,22207,3.788597583770752,,,,
22208,22208,3.77052903175354,,,,
22209,22209,,3.7614026069641113,,,
22209,22209,3.7614026069641113,,,,
22210,22210,3.7690517902374268,,,,
22211,22211,3.7628250122070312,,,,
22212,22212,3.788454294204712,,,,
22213,22213,3.7656190395355225,,,,
22214,22214,3.7883028984069824,,,,
22215,22215,3.751798152923584,,,,
22216,22216,3.7719531059265137,,,,
22217,22217,3.781369924545288,,,,
22218,22218,3.7822389602661133,,,,
22219,22219,,3.751528263092041,,,
22219,22219,3.751528263092041,,,,
22220,22220,3.834311008453369,,,,
22221,22221,3.787672519683838,,,,
22222,22222,3.9345011711120605,,,,
22223,22223,3.7911481857299805,,,,
22224,22224,3.8258731365203857,,,,
22225,22225,3.7727112770080566,,,,
22226,22226,3.7774553298950195,,,,
22227,22227,3.7612218856811523,,,,
22228,22228,3.7742300033569336,,,,
22229,22229,,3.855323553085327,,,
22229,22229,3.855323553085327,,,,
22230,22230,3.8348388671875,,,,
22231,22231,4.041114807128906,,,,
22232,22232,3.7843990325927734,,,,
22233,22233,3.7741189002990723,,,,
22234,22234,3.780247211456299,,,,
22235,22235,3.7640843391418457,,,,
22236,22236,3.8504679203033447,,,,
22237,22237,3.789893388748169,,,,
22238,22238,3.822793960571289,,,,
22239,22239,,3.7744035720825195,,,
22239,22239,3.7744035720825195,,,,
22240,22240,3.782273769378662,,,,
22241,22241,3.761683225631714,,,,
22242,22242,3.7760937213897705,,,,
22243,22243,3.760164260864258,,,,
22244,22244,3.844184637069702,,,,
22245,22245,3.8003714084625244,,,,
22246,22246,3.8869872093200684,,,,
22247,22247,3.765679359436035,,,,
22248,22248,3.787102222442627,,,,
22249,22249,,3.758180618286133,,,
22249,22249,3.758180618286133,,,,
22250,22250,3.7689051628112793,,,,
22251,22251,3.800483465194702,,,,
22252,22252,3.7838337421417236,,,,
22253,22253,3.8058152198791504,,,,
22254,22254,3.7819137573242188,,,,
22255,22255,3.7536330223083496,,,,
22256,22256,3.7436892986297607,,,,
22257,22257,3.7473063468933105,,,,
22258,22258,3.74216628074646,,,,
22259,22259,,3.7435569763183594,,,
22259,22259,3.7435569763183594,,,,
22260,22260,3.746192216873169,,,,
22261,22261,3.7616965770721436,,,,
22262,22262,3.7597649097442627,,,,
22263,22263,3.7588822841644287,,,,
22264,22264,3.7873764038085938,,,,
22265,22265,3.7879951000213623,,,,
22266,22266,3.898334503173828,,,,
22267,22267,3.8201873302459717,,,,
22268,22268,3.86928653717041,,,,
22269,22269,,3.7679646015167236,,,
22269,22269,3.7679646015167236,,,,
22270,22270,3.7877161502838135,,,,
22271,22271,3.7573623657226562,,,,
22272,22272,3.7513656616210938,,,,
22273,22273,3.7453205585479736,,,,
22274,22274,3.73722243309021,,,,
22275,22275,3.740363359451294,,,,
22276,22276,3.730949878692627,,,,
22277,22277,3.7398135662078857,,,,
22278,22278,3.7441890239715576,,,,
22279,22279,,3.7672083377838135,,,
22279,22279,3.7672083377838135,,,,
22280,22280,3.7636642456054688,,,,
22281,22281,3.8084471225738525,,,,
22282,22282,3.7747392654418945,,,,
22283,22283,3.8242716789245605,,,,
22284,22284,3.7673327922821045,,,,
22285,22285,3.814866781234741,,,,
22286,22286,3.7642035484313965,,,,
22287,22287,3.7388124465942383,,,,
22288,22288,3.733877658843994,,,,
22289,22289,,3.7564966678619385,,,
22289,22289,3.7564966678619385,,,,
22290,22290,3.785104274749756,,,,
22291,22291,3.7696568965911865,,,,
22292,22292,3.795703887939453,,,,
22293,22293,3.7534267902374268,,,,
22294,22294,3.783687114715576,,,,
22295,22295,3.7601332664489746,,,,
22296,22296,3.7865726947784424,,,,
22297,22297,3.759006977081299,,,,
22298,22298,3.7885568141937256,,,,
22299,22299,,3.7767763137817383,,,
22299,22299,3.7767763137817383,,,,
22300,22300,3.768859624862671,,,,
22301,22301,3.752535581588745,,,,
22302,22302,3.7203528881073,,,,
22303,22303,3.7236132621765137,,,,
22304,22304,3.707916259765625,,,,
22305,22305,3.71541690826416,,,,
22306,22306,3.744478702545166,,,,
22307,22307,3.781398057937622,,,,
22308,22308,3.773603677749634,,,,
22309,22309,,3.857403516769409,,,
22309,22309,3.857403516769409,,,,
22310,22310,3.7734811305999756,,,,
22311,22311,3.764845132827759,,,,
22312,22312,3.7396795749664307,,,,
22313,22313,3.7123868465423584,,,,
22314,22314,3.709757089614868,,,,
22315,22315,3.7410831451416016,,,,
22316,22316,3.768172025680542,,,,
22317,22317,3.7625961303710938,,,,
22318,22318,3.8165266513824463,,,,
22319,22319,,3.764678716659546,,,
22319,22319,3.764678716659546,,,,
22320,22320,3.740777015686035,,,,
22321,22321,3.7266860008239746,,,,
22322,22322,3.6918931007385254,,,,
22323,22323,3.6916487216949463,,,,
22324,22324,3.6921379566192627,,,,
22325,22325,3.6860876083374023,,,,
22326,22326,3.7105014324188232,,,,
22327,22327,3.684894561767578,,,,
22328,22328,3.7082691192626953,,,,
22329,22329,,3.6854090690612793,,,
22329,22329,3.6854090690612793,,,,
22330,22330,3.677532196044922,,,,
22331,22331,3.697726249694824,,,,
22332,22332,3.680133104324341,,,,
22333,22333,3.6980013847351074,,,,
22334,22334,3.6803340911865234,,,,
22335,22335,3.695230007171631,,,,
22336,22336,3.695631265640259,,,,
22337,22337,3.683814764022827,,,,
22338,22338,3.7007925510406494,,,,
22339,22339,,3.679814100265503,,,
22339,22339,3.679814100265503,,,,
22340,22340,3.682497978210449,,,,
22341,22341,3.702922821044922,,,,
22342,22342,3.7371535301208496,,,,
22343,22343,3.7345426082611084,,,,
22344,22344,3.7482693195343018,,,,
22345,22345,3.7349095344543457,,,,
22346,22346,3.8148140907287598,,,,
22347,22347,3.7545042037963867,,,,
22348,22348,3.776921033859253,,,,
22349,22349,,3.726640462875366,,,
22349,22349,3.726640462875366,,,,
22350,22350,3.6878585815429688,,,,
22351,22351,3.708850622177124,,,,
22352,22352,3.738759756088257,,,,
22353,22353,3.8080387115478516,,,,
22354,22354,3.7585537433624268,,,,
22355,22355,3.783480405807495,,,,
22356,22356,3.720081090927124,,,,
22357,22357,3.6784722805023193,,,,
22358,22358,3.717578649520874,,,,
22359,22359,,3.7716009616851807,,,
22359,22359,3.7716009616851807,,,,
22360,22360,3.890117883682251,,,,
22361,22361,3.7963860034942627,,,,
22362,22362,3.779975414276123,,,,
22363,22363,3.697106122970581,,,,
22364,22364,3.734934091567993,,,,
22365,22365,3.810561180114746,,,,
22366,22366,3.75195574760437,,,,
22367,22367,3.7569472789764404,,,,
22368,22368,3.683842658996582,,,,
22369,22369,,3.706794500350952,,,
22369,22369,3.706794500350952,,,,
22370,22370,3.75180983543396,,,,
22371,22371,3.728675127029419,,,,
22372,22372,3.7206761837005615,,,,
22373,22373,3.693901538848877,,,,
22374,22374,3.682046890258789,,,,
22375,22375,3.710064172744751,,,,
22376,22376,3.7627077102661133,,,,
22377,22377,3.8450279235839844,,,,
22378,22378,3.7742815017700195,,,,
22379,22379,,3.7840535640716553,,,
22379,22379,3.7840535640716553,,,,
22380,22380,3.698695421218872,,,,
22381,22381,3.680459976196289,,,,
22382,22382,3.73388409614563,,,,
22383,22383,3.7476322650909424,,,,
22384,22384,3.774841547012329,,,,
22385,22385,3.7386374473571777,,,,
22386,22386,3.6838111877441406,,,,
22387,22387,3.6829888820648193,,,,
22388,22388,3.7026894092559814,,,,
22389,22389,,3.713776111602783,,,
22389,22389,3.713776111602783,,,,
22390,22390,3.6842808723449707,,,,
22391,22391,3.687563896179199,,,,
22392,22392,3.7055771350860596,,,,
22393,22393,3.766411066055298,,,,
22394,22394,3.8450000286102295,,,,
22395,22395,3.8210623264312744,,,,
22396,22396,3.879127264022827,,,,
22397,22397,3.7755990028381348,,,,
22398,22398,3.6805102825164795,,,,
22399,22399,,3.7038705348968506,,,
22399,22399,3.7038705348968506,,,,
22400,22400,3.7396302223205566,,,,
22401,22401,3.747537612915039,,,,
22402,22402,3.735795021057129,,,,
22403,22403,3.7004847526550293,,,,
22404,22404,3.6662979125976562,,,,
22405,22405,3.678673505783081,,,,
22406,22406,3.6968212127685547,,,,
22407,22407,3.753862142562866,,,,
22408,22408,3.913275718688965,,,,
22409,22409,,3.853205919265747,,,
22409,22409,3.853205919265747,,,,
22410,22410,3.8888051509857178,,,,
22411,22411,3.7168562412261963,,,,
22412,22412,3.715207576751709,,,,
22413,22413,3.8264143466949463,,,,
22414,22414,3.7958314418792725,,,,
22415,22415,3.721741199493408,,,,
22416,22416,3.679935932159424,,,,
22417,22417,3.7513015270233154,,,,
22418,22418,3.7633721828460693,,,,
22419,22419,,3.804236888885498,,,
22419,22419,3.804236888885498,,,,
22420,22420,3.80696439743042,,,,
22421,22421,3.7736709117889404,,,,
22422,22422,3.7084274291992188,,,,
22423,22423,3.694288969039917,,,,
22424,22424,3.67858624458313,,,,
22425,22425,3.672924757003784,,,,
22426,22426,3.674588441848755,,,,
22427,22427,3.668123960494995,,,,
22428,22428,3.6793901920318604,,,,
22429,22429,,3.6871988773345947,,,
22429,22429,3.6871988773345947,,,,
22430,22430,3.6808853149414062,,,,
22431,22431,3.6806039810180664,,,,
22432,22432,3.677583694458008,,,,
22433,22433,3.6632795333862305,,,,
22434,22434,3.672057628631592,,,,
22435,22435,3.6741533279418945,,,,
22436,22436,3.665510654449463,,,,
22437,22437,3.6610279083251953,,,,
22438,22438,3.66440749168396,,,,
22439,22439,,3.678285837173462,,,
22439,22439,3.678285837173462,,,,
22440,22440,3.673892021179199,,,,
22441,22441,3.6374411582946777,,,,
22442,22442,3.6674447059631348,,,,
22443,22443,3.66479754447937,,,,
22444,22444,3.672654390335083,,,,
22445,22445,3.7116150856018066,,,,
22446,22446,3.7314422130584717,,,,
22447,22447,3.7796714305877686,,,,
22448,22448,3.7566847801208496,,,,
22449,22449,,3.7391200065612793,,,
22449,22449,3.7391200065612793,,,,
22450,22450,3.651508331298828,,,,
22451,22451,3.6563057899475098,,,,
22452,22452,3.692282199859619,,,,
22453,22453,3.671739339828491,,,,
22454,22454,3.6838765144348145,,,,
22455,22455,3.6322860717773438,,,,
22456,22456,3.6501669883728027,,,,
22457,22457,3.658250331878662,,,,
22458,22458,3.6527140140533447,,,,
22459,22459,,3.6748671531677246,,,
22459,22459,3.6748671531677246,,,,
22460,22460,3.658161163330078,,,,
22461,22461,3.673001527786255,,,,
22462,22462,3.6418817043304443,,,,
22463,22463,3.6372592449188232,,,,
22464,22464,3.668247938156128,,,,
22465,22465,3.630931854248047,,,,
22466,22466,3.670034408569336,,,,
22467,22467,3.636791944503784,,,,
22468,22468,3.616758346557617,,,,
22469,22469,,3.6519315242767334,,,
22469,22469,3.6519315242767334,,,,
22470,22470,3.632429599761963,,,,
22471,22471,3.673288106918335,,,,
22472,22472,3.646746873855591,,,,
22473,22473,3.6618728637695312,,,,
22474,22474,3.612130880355835,,,,
22475,22475,3.6431522369384766,,,,
22476,22476,3.637035369873047,,,,
22477,22477,3.6419410705566406,,,,
22478,22478,3.602905035018921,,,,
22479,22479,,3.639415740966797,,,
22479,22479,3.639415740966797,,,,
22480,22480,3.6065876483917236,,,,
22481,22481,3.6384449005126953,,,,
22482,22482,3.616964340209961,,,,
22483,22483,3.680069923400879,,,,
22484,22484,3.6738855838775635,,,,
22485,22485,3.7173659801483154,,,,
22486,22486,3.725064754486084,,,,
22487,22487,3.7088377475738525,,,,
22488,22488,3.6368281841278076,,,,
22489,22489,,3.637343168258667,,,
22489,22489,3.637343168258667,,,,
22490,22490,3.640329599380493,,,,
22491,22491,3.6300394535064697,,,,
22492,22492,3.703062057495117,,,,
22493,22493,3.7677676677703857,,,,
22494,22494,3.7548465728759766,,,,
22495,22495,3.762265920639038,,,,
22496,22496,3.6996161937713623,,,,
22497,22497,3.6222453117370605,,,,
22498,22498,3.6071584224700928,,,,
22499,22499,,3.5991172790527344,,,
22499,22499,,,0.19775329530239105,239.18768310546875,182.86378479003906
22499,22499,3.5991172790527344,,,,
22500,22500,3.6154494285583496,,,,
22501,22501,3.6641547679901123,,,,
22502,22502,3.642362117767334,,,,
22503,22503,3.6711971759796143,,,,
22504,22504,3.6233174800872803,,,,
22505,22505,3.6606671810150146,,,,
22506,22506,3.6337597370147705,,,,
22507,22507,3.6924686431884766,,,,
22508,22508,3.703583240509033,,,,
22509,22509,,3.711388111114502,,,
22509,22509,3.711388111114502,,,,
22510,22510,3.688973903656006,,,,
22511,22511,3.6872808933258057,,,,
22512,22512,3.6345856189727783,,,,
22513,22513,3.6747777462005615,,,,
22514,22514,3.6350317001342773,,,,
22515,22515,3.661931276321411,,,,
22516,22516,3.638847827911377,,,,
22517,22517,3.6919431686401367,,,,
22518,22518,3.687178373336792,,,,
22519,22519,,3.7031822204589844,,,
22519,22519,3.7031822204589844,,,,
22520,22520,3.6601598262786865,,,,
22521,22521,3.6660382747650146,,,,
22522,22522,3.6094205379486084,,,,
22523,22523,3.6136298179626465,,,,
22524,22524,3.624096632003784,,,,
22525,22525,3.6589550971984863,,,,
22526,22526,3.62569522857666,,,,
22527,22527,3.6276144981384277,,,,
22528,22528,3.6152098178863525,,,,
22529,22529,,3.628441095352173,,,
22529,22529,3.628441095352173,,,,
22530,22530,3.619455337524414,,,,
22531,22531,3.622734308242798,,,,
22532,22532,3.6137640476226807,,,,
22533,22533,3.620720863342285,,,,
22534,22534,3.609926462173462,,,,
22535,22535,3.627434492111206,,,,
22536,22536,3.6134698390960693,,,,
22537,22537,3.633122682571411,,,,
22538,22538,3.6145026683807373,,,,
22539,22539,,3.6143059730529785,,,
22539,22539,3.6143059730529785,,,,
22540,22540,3.604787826538086,,,,
22541,22541,3.6134209632873535,,,,
22542,22542,3.606517791748047,,,,
22543,22543,3.626526355743408,,,,
22544,22544,3.6307942867279053,,,,
22545,22545,3.649806261062622,,,,
22546,22546,3.6464953422546387,,,,
22547,22547,3.647324562072754,,,,
22548,22548,3.6064329147338867,,,,
22549,22549,,3.596479892730713,,,
22549,22549,3.596479892730713,,,,
22550,22550,3.5805206298828125,,,,
22551,22551,3.590453624725342,,,,
22552,22552,3.632676839828491,,,,
22553,22553,3.6592869758605957,,,,
22554,22554,3.655850648880005,,,,
22555,22555,3.6430301666259766,,,,
22556,22556,3.6304244995117188,,,,
22557,22557,3.604219913482666,,,,
22558,22558,3.610410451889038,,,,
22559,22559,,3.5948686599731445,,,
22559,22559,3.5948686599731445,,,,
22560,22560,3.5976943969726562,,,,
22561,22561,3.5910685062408447,,,,
22562,22562,3.6177539825439453,,,,
22563,22563,3.624462366104126,,,,
22564,22564,3.659790515899658,,,,
22565,22565,3.6958141326904297,,,,
22566,22566,3.6454553604125977,,,,
22567,22567,3.604205846786499,,,,
22568,22568,3.6078028678894043,,,,
22569,22569,,3.5866360664367676,,,
22569,22569,3.5866360664367676,,,,
22570,22570,3.598910331726074,,,,
22571,22571,3.6025848388671875,,,,
22572,22572,3.6203272342681885,,,,
22573,22573,3.62379789352417,,,,
22574,22574,3.6329236030578613,,,,
22575,22575,3.651052474975586,,,,
22576,22576,3.6222174167633057,,,,
22577,22577,3.594243288040161,,,,
22578,22578,3.5817248821258545,,,,
22579,22579,,3.5899696350097656,,,
22579,22579,3.5899696350097656,,,,
22580,22580,3.584033250808716,,,,
22581,22581,3.5729830265045166,,,,
22582,22582,3.585975170135498,,,,
22583,22583,3.586045503616333,,,,
22584,22584,3.5811288356781006,,,,
22585,22585,3.5714855194091797,,,,
22586,22586,3.561976194381714,,,,
22587,22587,3.5686089992523193,,,,
22588,22588,3.5972740650177,,,,
22589,22589,,3.5769195556640625,,,
22589,22589,3.5769195556640625,,,,
22590,22590,3.5976133346557617,,,,
22591,22591,3.5694525241851807,,,,
22592,22592,3.5698482990264893,,,,
22593,22593,3.569457530975342,,,,
22594,22594,3.578450918197632,,,,
22595,22595,3.58536696434021,,,,
22596,22596,3.579054594039917,,,,
22597,22597,3.5761756896972656,,,,
22598,22598,3.5697810649871826,,,,
22599,22599,,3.568657159805298,,,
22599,22599,3.568657159805298,,,,
22600,22600,3.5563883781433105,,,,
22601,22601,3.557015895843506,,,,
22602,22602,3.5657832622528076,,,,
22603,22603,3.5527217388153076,,,,
22604,22604,3.5550575256347656,,,,
22605,22605,3.5737411975860596,,,,
22606,22606,3.5604758262634277,,,,
22607,22607,3.5933456420898438,,,,
22608,22608,3.621445655822754,,,,
22609,22609,,3.664689064025879,,,
22609,22609,3.664689064025879,,,,
22610,22610,3.769148588180542,,,,
22611,22611,3.6456024646759033,,,,
22612,22612,3.579929828643799,,,,
22613,22613,3.560293674468994,,,,
22614,22614,3.5740857124328613,,,,
22615,22615,3.590841770172119,,,,
22616,22616,3.6254255771636963,,,,
22617,22617,3.7024455070495605,,,,
22618,22618,3.6879639625549316,,,,
22619,22619,,3.758683204650879,,,
22619,22619,3.758683204650879,,,,
22620,22620,3.674743413925171,,,,
22621,22621,3.6672933101654053,,,,
22622,22622,3.590524911880493,,,,
22623,22623,3.5749802589416504,,,,
22624,22624,3.5696332454681396,,,,
22625,22625,3.5737013816833496,,,,
22626,22626,3.5906715393066406,,,,
22627,22627,3.6242668628692627,,,,
22628,22628,3.716022253036499,,,,
22629,22629,,3.6896588802337646,,,
22629,22629,3.6896588802337646,,,,
22630,22630,3.747718334197998,,,,
22631,22631,3.636523485183716,,,,
22632,22632,3.6030259132385254,,,,
22633,22633,3.5742433071136475,,,,
22634,22634,3.563732385635376,,,,
22635,22635,3.5665292739868164,,,,
22636,22636,3.5698435306549072,,,,
22637,22637,3.5662944316864014,,,,
22638,22638,3.5565178394317627,,,,
22639,22639,,3.5573863983154297,,,
22639,22639,3.5573863983154297,,,,
22640,22640,3.567143440246582,,,,
22641,22641,3.574479818344116,,,,
22642,22642,3.613433837890625,,,,
22643,22643,3.6994776725769043,,,,
22644,22644,3.7426702976226807,,,,
22645,22645,3.9261162281036377,,,,
22646,22646,3.6350622177124023,,,,
22647,22647,3.5512773990631104,,,,
22648,22648,3.5423736572265625,,,,
22649,22649,,3.580819845199585,,,
22649,22649,3.580819845199585,,,,
22650,22650,3.5526678562164307,,,,
22651,22651,3.5492467880249023,,,,
22652,22652,3.5738658905029297,,,,
22653,22653,3.6699025630950928,,,,
22654,22654,3.68200421333313,,,,
22655,22655,3.7857728004455566,,,,
22656,22656,3.6409199237823486,,,,
22657,22657,3.573493480682373,,,,
22658,22658,3.5601863861083984,,,,
22659,22659,,3.5432753562927246,,,
22659,22659,3.5432753562927246,,,,
22660,22660,3.54219388961792,,,,
22661,22661,3.5471129417419434,,,,
22662,22662,3.530977964401245,,,,
22663,22663,3.528437376022339,,,,
22664,22664,3.5218489170074463,,,,
22665,22665,3.519744396209717,,,,
22666,22666,3.5025875568389893,,,,
22667,22667,3.5064401626586914,,,,
22668,22668,3.515711545944214,,,,
22669,22669,,3.5409178733825684,,,
22669,22669,3.5409178733825684,,,,
22670,22670,3.586818218231201,,,,
22671,22671,3.702230215072632,,,,
22672,22672,3.739699602127075,,,,
22673,22673,3.9295425415039062,,,,
22674,22674,3.5992205142974854,,,,
22675,22675,3.5633132457733154,,,,
22676,22676,3.656158685684204,,,,
22677,22677,3.627809762954712,,,,
22678,22678,3.5514111518859863,,,,
22679,22679,,3.5305840969085693,,,
22679,22679,3.5305840969085693,,,,
22680,22680,3.5586650371551514,,,,
22681,22681,3.598146438598633,,,,
22682,22682,3.591322422027588,,,,
22683,22683,3.6001336574554443,,,,
22684,22684,3.622464418411255,,,,
22685,22685,3.6189208030700684,,,,
22686,22686,3.607091188430786,,,,
22687,22687,3.5757124423980713,,,,
22688,22688,3.568981885910034,,,,
22689,22689,,3.5305957794189453,,,
22689,22689,3.5305957794189453,,,,
22690,22690,3.520273208618164,,,,
22691,22691,3.540107011795044,,,,
22692,22692,3.533493757247925,,,,
22693,22693,3.56361722946167,,,,
22694,22694,3.542299509048462,,,,
22695,22695,3.553391695022583,,,,
22696,22696,3.529571533203125,,,,
22697,22697,3.5113015174865723,,,,
22698,22698,3.498818874359131,,,,
22699,22699,,3.5109035968780518,,,
22699,22699,3.5109035968780518,,,,
22700,22700,3.509000539779663,,,,
22701,22701,3.5012521743774414,,,,
22702,22702,3.5065438747406006,,,,
22703,22703,3.5133907794952393,,,,
22704,22704,3.556476354598999,,,,
22705,22705,3.5621838569641113,,,,
22706,22706,3.620215892791748,,,,
22707,22707,3.6179702281951904,,,,
22708,22708,3.556734561920166,,,,
22709,22709,,3.4982426166534424,,,
22709,22709,3.4982426166534424,,,,
22710,22710,3.5242278575897217,,,,
22711,22711,3.5697600841522217,,,,
22712,22712,3.561746120452881,,,,
22713,22713,3.5567121505737305,,,,
22714,22714,3.517263174057007,,,,
22715,22715,3.510782241821289,,,,
22716,22716,3.510950803756714,,,,
22717,22717,3.5074799060821533,,,,
22718,22718,3.5551016330718994,,,,
22719,22719,,3.5181984901428223,,,
22719,22719,3.5181984901428223,,,,
22720,22720,3.546607494354248,,,,
22721,22721,3.4884157180786133,,,,
22722,22722,3.506225824356079,,,,
22723,22723,3.5038812160491943,,,,
22724,22724,3.4995880126953125,,,,
22725,22725,3.497096061706543,,,,
22726,22726,3.5069875717163086,,,,
22727,22727,3.513575553894043,,,,
22728,22728,3.502363920211792,,,,
22729,22729,,3.5155587196350098,,,
22729,22729,3.5155587196350098,,,,
22730,22730,3.476613998413086,,,,
22731,22731,3.5502452850341797,,,,
22732,22732,3.4953346252441406,,,,
22733,22733,3.5355513095855713,,,,
22734,22734,3.4649486541748047,,,,
22735,22735,3.4990694522857666,,,,
22736,22736,3.491466522216797,,,,
22737,22737,3.4941506385803223,,,,
22738,22738,3.5012307167053223,,,,
22739,22739,,3.474409341812134,,,
22739,22739,3.474409341812134,,,,
22740,22740,3.5349202156066895,,,,
22741,22741,3.494823455810547,,,,
22742,22742,3.5408272743225098,,,,
22743,22743,3.497774839401245,,,,
22744,22744,3.533022403717041,,,,
22745,22745,3.4673259258270264,,,,
22746,22746,3.5185189247131348,,,,
22747,22747,3.4635939598083496,,,,
22748,22748,3.513842821121216,,,,
22749,22749,,3.466054677963257,,,
22749,22749,3.466054677963257,,,,
22750,22750,3.5410428047180176,,,,
22751,22751,3.564059019088745,,,,
22752,22752,3.6179988384246826,,,,
22753,22753,3.625450611114502,,,,
22754,22754,3.552137613296509,,,,
22755,22755,3.457249164581299,,,,
22756,22756,3.4941375255584717,,,,
22757,22757,3.5054514408111572,,,,
22758,22758,3.456409454345703,,,,
22759,22759,,3.5149435997009277,,,
22759,22759,3.5149435997009277,,,,
22760,22760,3.478649854660034,,,,
22761,22761,3.5600969791412354,,,,
22762,22762,3.5575501918792725,,,,
22763,22763,3.5704078674316406,,,,
22764,22764,3.503018379211426,,,,
22765,22765,3.5331616401672363,,,,
22766,22766,3.462672233581543,,,,
22767,22767,3.5116968154907227,,,,
22768,22768,3.479588031768799,,,,
22769,22769,,3.5601043701171875,,,
22769,22769,3.5601043701171875,,,,
22770,22770,3.5836241245269775,,,,
22771,22771,3.539461851119995,,,,
22772,22772,3.4614675045013428,,,,
22773,22773,3.4537978172302246,,,,
22774,22774,3.460611343383789,,,,
22775,22775,3.4611904621124268,,,,
22776,22776,3.5300352573394775,,,,
22777,22777,3.515566825866699,,,,
22778,22778,3.557450771331787,,,,
22779,22779,,3.518385648727417,,,
22779,22779,3.518385648727417,,,,
22780,22780,3.5288662910461426,,,,
22781,22781,3.4677376747131348,,,,
22782,22782,3.478458881378174,,,,
22783,22783,3.463945150375366,,,,
22784,22784,3.518451452255249,,,,
22785,22785,3.4636876583099365,,,,
22786,22786,3.4983410835266113,,,,
22787,22787,3.451362371444702,,,,
22788,22788,3.4638853073120117,,,,
22789,22789,,3.449005603790283,,,
22789,22789,3.449005603790283,,,,
22790,22790,3.448737621307373,,,,
22791,22791,3.4616143703460693,,,,
22792,22792,3.454904079437256,,,,
22793,22793,3.5231375694274902,,,,
22794,22794,3.4967846870422363,,,,
22795,22795,3.5485599040985107,,,,
22796,22796,3.459162712097168,,,,
22797,22797,3.484544515609741,,,,
22798,22798,3.439598560333252,,,,
22799,22799,,3.4706950187683105,,,
22799,22799,3.4706950187683105,,,,
22800,22800,3.444319725036621,,,,
22801,22801,3.478668212890625,,,,
22802,22802,3.4488205909729004,,,,
22803,22803,3.475778341293335,,,,
22804,22804,3.428704023361206,,,,
22805,22805,3.452085018157959,,,,
22806,22806,3.4512956142425537,,,,
22807,22807,3.434352159500122,,,,
22808,22808,3.4601781368255615,,,,
22809,22809,,3.443213701248169,,,
22809,22809,3.443213701248169,,,,
22810,22810,3.4627137184143066,,,,
22811,22811,3.450641393661499,,,,
22812,22812,3.472228765487671,,,,
22813,22813,3.4285624027252197,,,,
22814,22814,3.4448401927948,,,,
22815,22815,3.443518877029419,,,,
22816,22816,3.4349451065063477,,,,
22817,22817,3.4583003520965576,,,,
22818,22818,3.447376012802124,,,,
22819,22819,,3.4811999797821045,,,
22819,22819,3.4811999797821045,,,,
22820,22820,3.474630355834961,,,,
22821,22821,3.5203185081481934,,,,
22822,22822,3.5205299854278564,,,,
22823,22823,3.5253865718841553,,,,
22824,22824,3.488098621368408,,,,
22825,22825,3.4951860904693604,,,,
22826,22826,3.472017288208008,,,,
22827,22827,3.4903812408447266,,,,
22828,22828,3.4474313259124756,,,,
22829,22829,,3.4623119831085205,,,
22829,22829,3.4623119831085205,,,,
22830,22830,3.4226372241973877,,,,
22831,22831,3.4426090717315674,,,,
22832,22832,3.424008846282959,,,,
22833,22833,3.4443483352661133,,,,
22834,22834,3.46090030670166,,,,
22835,22835,3.430983304977417,,,,
22836,22836,3.4601147174835205,,,,
22837,22837,3.4483251571655273,,,,
22838,22838,3.5189685821533203,,,,
22839,22839,,3.595942497253418,,,
22839,22839,3.595942497253418,,,,
22840,22840,3.6389904022216797,,,,
22841,22841,3.6147799491882324,,,,
22842,22842,3.4854822158813477,,,,
22843,22843,3.4361660480499268,,,,
22844,22844,3.4820988178253174,,,,
22845,22845,3.622921943664551,,,,
22846,22846,3.7536070346832275,,,,
22847,22847,3.5104525089263916,,,,
22848,22848,3.4434621334075928,,,,
22849,22849,,3.5091936588287354,,,
22849,22849,3.5091936588287354,,,,
22850,22850,3.666923761367798,,,,
22851,22851,3.7398128509521484,,,,
22852,22852,3.5165133476257324,,,,
22853,22853,3.4257986545562744,,,,
22854,22854,3.4272825717926025,,,,
22855,22855,3.604036569595337,,,,
22856,22856,3.7688674926757812,,,,
22857,22857,3.524632453918457,,,,
22858,22858,3.4365386962890625,,,,
22859,22859,,3.4949750900268555,,,
22859,22859,3.4949750900268555,,,,
22860,22860,3.6017181873321533,,,,
22861,22861,3.612497091293335,,,,
22862,22862,3.4804420471191406,,,,
22863,22863,3.4557838439941406,,,,
22864,22864,3.5013935565948486,,,,
22865,22865,3.5875556468963623,,,,
22866,22866,3.588343620300293,,,,
22867,22867,3.5135903358459473,,,,
22868,22868,3.4206759929656982,,,,
22869,22869,,3.4417359828948975,,,
22869,22869,3.4417359828948975,,,,
22870,22870,3.4154303073883057,,,,
22871,22871,3.406870126724243,,,,
22872,22872,3.4198687076568604,,,,
22873,22873,3.4107460975646973,,,,
22874,22874,3.407580852508545,,,,
22875,22875,3.4168179035186768,,,,
22876,22876,3.4082343578338623,,,,
22877,22877,3.412104845046997,,,,
22878,22878,3.4036152362823486,,,,
22879,22879,,3.4135453701019287,,,
22879,22879,3.4135453701019287,,,,
22880,22880,3.4352853298187256,,,,
22881,22881,3.4003427028656006,,,,
22882,22882,3.444115161895752,,,,
22883,22883,3.4020392894744873,,,,
22884,22884,3.424537420272827,,,,
22885,22885,3.399454116821289,,,,
22886,22886,3.402491569519043,,,,
22887,22887,3.419027090072632,,,,
22888,22888,3.401282548904419,,,,
22889,22889,,3.4241302013397217,,,
22889,22889,3.4241302013397217,,,,
22890,22890,3.3918211460113525,,,,
22891,22891,3.4072670936584473,,,,
22892,22892,3.4094293117523193,,,,
22893,22893,3.4014930725097656,,,,
22894,22894,3.4693384170532227,,,,
22895,22895,3.4572505950927734,,,,
22896,22896,3.487104654312134,,,,
22897,22897,3.435955286026001,,,,
22898,22898,3.4194724559783936,,,,
22899,22899,,3.404937982559204,,,
22899,22899,3.404937982559204,,,,
22900,22900,3.398144006729126,,,,
22901,22901,3.41890025138855,,,,
22902,22902,3.3916196823120117,,,,
22903,22903,3.4132840633392334,,,,
22904,22904,3.4079933166503906,,,,
22905,22905,3.385823965072632,,,,
22906,22906,3.413705348968506,,,,
22907,22907,3.407454252243042,,,,
22908,22908,3.406289577484131,,,,
22909,22909,,3.4060275554656982,,,
22909,22909,3.4060275554656982,,,,
22910,22910,3.404885768890381,,,,
22911,22911,3.4034454822540283,,,,
22912,22912,3.399254560470581,,,,
22913,22913,3.4042811393737793,,,,
22914,22914,3.4048755168914795,,,,
22915,22915,3.407961845397949,,,,
22916,22916,3.406424045562744,,,,
22917,22917,3.4057719707489014,,,,
22918,22918,3.4137511253356934,,,,
22919,22919,,3.4180047512054443,,,
22919,22919,3.4180047512054443,,,,
22920,22920,3.3966524600982666,,,,
22921,22921,3.4105217456817627,,,,
22922,22922,3.404054880142212,,,,
22923,22923,3.4144210815429688,,,,
22924,22924,3.4054946899414062,,,,
22925,22925,3.4074230194091797,,,,
22926,22926,3.437919855117798,,,,
22927,22927,3.4412665367126465,,,,
22928,22928,3.466412305831909,,,,
22929,22929,,3.454246759414673,,,
22929,22929,3.454246759414673,,,,
22930,22930,3.4423367977142334,,,,
22931,22931,3.3924686908721924,,,,
22932,22932,3.4043593406677246,,,,
22933,22933,3.4095444679260254,,,,
22934,22934,3.4540557861328125,,,,
22935,22935,3.5037150382995605,,,,
22936,22936,3.482010841369629,,,,
22937,22937,3.431976556777954,,,,
22938,22938,3.400611162185669,,,,
22939,22939,,3.409188985824585,,,
22939,22939,3.409188985824585,,,,
22940,22940,3.4243786334991455,,,,
22941,22941,3.481886863708496,,,,
22942,22942,3.5177714824676514,,,,
22943,22943,3.4908621311187744,,,,
22944,22944,3.4211084842681885,,,,
22945,22945,3.396021604537964,,,,
22946,22946,3.3920936584472656,,,,
22947,22947,3.408271074295044,,,,
22948,22948,3.441467523574829,,,,
22949,22949,,3.4857053756713867,,,
22949,22949,3.4857053756713867,,,,
22950,22950,3.490861415863037,,,,
22951,22951,3.441312074661255,,,,
22952,22952,3.3859944343566895,,,,
22953,22953,3.3946352005004883,,,,
22954,22954,3.4385671615600586,,,,
22955,22955,3.504467725753784,,,,
22956,22956,3.470763683319092,,,,
22957,22957,3.397385358810425,,,,
22958,22958,3.382385015487671,,,,
22959,22959,,3.3931100368499756,,,
22959,22959,3.3931100368499756,,,,
22960,22960,3.402176856994629,,,,
22961,22961,3.4794557094573975,,,,
22962,22962,3.4946200847625732,,,,
22963,22963,3.442561149597168,,,,
22964,22964,3.3862521648406982,,,,
22965,22965,3.3928327560424805,,,,
22966,22966,3.4313368797302246,,,,
22967,22967,3.4445888996124268,,,,
22968,22968,3.44564151763916,,,,
22969,22969,,3.38828444480896,,,
22969,22969,3.38828444480896,,,,
22970,22970,3.389162063598633,,,,
22971,22971,3.401975154876709,,,,
22972,22972,3.428647041320801,,,,
22973,22973,3.4752323627471924,,,,
22974,22974,3.4586896896362305,,,,
22975,22975,3.4201440811157227,,,,
22976,22976,3.3869924545288086,,,,
22977,22977,3.3838448524475098,,,,
22978,22978,3.419548988342285,,,,
22979,22979,,3.434025526046753,,,
22979,22979,3.434025526046753,,,,
22980,22980,3.4572644233703613,,,,
22981,22981,3.4164931774139404,,,,
22982,22982,3.4069902896881104,,,,
22983,22983,3.3752944469451904,,,,
22984,22984,3.3882181644439697,,,,
22985,22985,3.408736228942871,,,,
22986,22986,3.432835578918457,,,,
22987,22987,3.451262950897217,,,,
22988,22988,3.425673246383667,,,,
22989,22989,,3.4069926738739014,,,
22989,22989,3.4069926738739014,,,,
22990,22990,3.383063554763794,,,,
22991,22991,3.380389451980591,,,,
22992,22992,3.394101142883301,,,,
22993,22993,3.412527561187744,,,,
22994,22994,3.415822982788086,,,,
22995,22995,3.3916242122650146,,,,
22996,22996,3.372197151184082,,,,
22997,22997,3.371497869491577,,,,
22998,22998,3.3882579803466797,,,,
22999,22999,,3.3954739570617676,,,
22999,22999,,,0.19292862713336945,227.65895080566406,182.86378479003906
22999,22999,3.3954739570617676,,,,
23000,23000,3.3784408569335938,,,,
23001,23001,3.3705945014953613,,,,
23002,23002,3.376736640930176,,,,
23003,23003,3.4152021408081055,,,,
23004,23004,3.4506676197052,,,,
23005,23005,3.479600191116333,,,,
23006,23006,3.4883475303649902,,,,
23007,23007,3.4826109409332275,,,,
23008,23008,3.4495608806610107,,,,
23009,23009,,3.416231870651245,,,
23009,23009,3.416231870651245,,,,
23010,23010,3.4249072074890137,,,,
23011,23011,3.391035318374634,,,,
23012,23012,3.4054787158966064,,,,
23013,23013,3.373126268386841,,,,
23014,23014,3.362926483154297,,,,
23015,23015,3.4042999744415283,,,,
23016,23016,3.439366102218628,,,,
23017,23017,3.498957633972168,,,,
23018,23018,3.562835216522217,,,,
23019,23019,,3.4609711170196533,,,
23019,23019,3.4609711170196533,,,,
23020,23020,3.3820085525512695,,,,
23021,23021,3.3663828372955322,,,,
23022,23022,3.4026896953582764,,,,
23023,23023,3.5013389587402344,,,,
23024,23024,3.5176889896392822,,,,
23025,23025,3.4978015422821045,,,,
23026,23026,3.417297124862671,,,,
23027,23027,3.377706289291382,,,,
23028,23028,3.4310410022735596,,,,
23029,23029,,3.6179561614990234,,,
23029,23029,3.6179561614990234,,,,
23030,23030,4.110146999359131,,,,
23031,23031,3.440722942352295,,,,
23032,23032,3.488435983657837,,,,
23033,23033,3.964534044265747,,,,
23034,23034,3.4430758953094482,,,,
23035,23035,3.4894661903381348,,,,
23036,23036,3.8611257076263428,,,,
23037,23037,3.434123992919922,,,,
23038,23038,3.467238187789917,,,,
23039,23039,,3.827120542526245,,,
23039,23039,3.827120542526245,,,,
23040,23040,3.431882858276367,,,,
23041,23041,3.4388320446014404,,,,
23042,23042,3.750487804412842,,,,
23043,23043,3.5002918243408203,,,,
23044,23044,3.3592615127563477,,,,
23045,23045,3.3693923950195312,,,,
23046,23046,3.4965438842773438,,,,
23047,23047,3.701554775238037,,,,
23048,23048,3.409891366958618,,,,
23049,23049,,3.3824126720428467,,,
23049,23049,3.3824126720428467,,,,
23050,23050,3.514462471008301,,,,
23051,23051,3.472644567489624,,,,
23052,23052,3.389862537384033,,,,
23053,23053,3.3746519088745117,,,,
23054,23054,3.389910936355591,,,,
23055,23055,3.3820619583129883,,,,
23056,23056,3.3997092247009277,,,,
23057,23057,3.3628580570220947,,,,
23058,23058,3.3597850799560547,,,,
23059,23059,,3.3718550205230713,,,
23059,23059,3.3718550205230713,,,,
23060,23060,3.40346097946167,,,,
23061,23061,3.4337241649627686,,,,
23062,23062,3.3824357986450195,,,,
23063,23063,3.3656373023986816,,,,
23064,23064,3.360691785812378,,,,
23065,23065,3.3626885414123535,,,,
23066,23066,3.3635172843933105,,,,
23067,23067,3.3638648986816406,,,,
23068,23068,3.359112024307251,,,,
23069,23069,,3.3459279537200928,,,
23069,23069,3.3459279537200928,,,,
23070,23070,3.3549411296844482,,,,
23071,23071,3.3546316623687744,,,,
23072,23072,3.3574626445770264,,,,
23073,23073,3.365805149078369,,,,
23074,23074,3.3879215717315674,,,,
23075,23075,3.367321491241455,,,,
23076,23076,3.353670597076416,,,,
23077,23077,3.3528077602386475,,,,
23078,23078,3.3532636165618896,,,,
23079,23079,,3.3738207817077637,,,
23079,23079,3.3738207817077637,,,,
23080,23080,3.355267286300659,,,,
23081,23081,3.351914644241333,,,,
23082,23082,3.3464481830596924,,,,
23083,23083,3.361644744873047,,,,
23084,23084,3.3844382762908936,,,,
23085,23085,3.4300968647003174,,,,
23086,23086,3.435607671737671,,,,
23087,23087,3.4323678016662598,,,,
23088,23088,3.3932085037231445,,,,
23089,23089,,3.364328384399414,,,
23089,23089,3.364328384399414,,,,
23090,23090,3.3583779335021973,,,,
23091,23091,3.345036745071411,,,,
23092,23092,3.348081588745117,,,,
23093,23093,3.393115997314453,,,,
23094,23094,3.425593852996826,,,,
23095,23095,3.389418601989746,,,,
23096,23096,3.3536744117736816,,,,
23097,23097,3.355534076690674,,,,
23098,23098,3.355395555496216,,,,
23099,23099,,3.4200122356414795,,,
23099,23099,3.4200122356414795,,,,
23100,23100,3.4974844455718994,,,,
23101,23101,3.6503286361694336,,,,
23102,23102,3.4743123054504395,,,,
23103,23103,3.3702595233917236,,,,
23104,23104,3.3459651470184326,,,,
23105,23105,3.3704512119293213,,,,
23106,23106,3.455007791519165,,,,
23107,23107,3.4966695308685303,,,,
23108,23108,3.5576236248016357,,,,
23109,23109,,3.4218318462371826,,,
23109,23109,3.4218318462371826,,,,
23110,23110,3.374494791030884,,,,
23111,23111,3.3548412322998047,,,,
23112,23112,3.3335928916931152,,,,
23113,23113,3.360771656036377,,,,
23114,23114,3.3890633583068848,,,,
23115,23115,3.515049695968628,,,,
23116,23116,3.5440523624420166,,,,
23117,23117,3.7620370388031006,,,,
23118,23118,3.4115426540374756,,,,
23119,23119,,3.371950626373291,,,
23119,23119,3.371950626373291,,,,
23120,23120,3.623563051223755,,,,
23121,23121,3.4897096157073975,,,,
23122,23122,3.378512382507324,,,,
23123,23123,3.357131242752075,,,,
23124,23124,3.442500591278076,,,,
23125,23125,3.621993064880371,,,,
23126,23126,3.4138429164886475,,,,
23127,23127,3.322568893432617,,,,
23128,23128,3.4079430103302,,,,
23129,23129,,3.5810210704803467,,,
23129,23129,3.5810210704803467,,,,
23130,23130,3.9496824741363525,,,,
23131,23131,3.362318992614746,,,,
23132,23132,3.787919759750366,,,,
23133,23133,5.2953782081604,,,,
23134,23134,3.437784194946289,,,,
23135,23135,7.908335208892822,,,,
23136,23136,16.309484481811523,,,,
23137,23137,23.4936580657959,,,,
23138,23138,16.478195190429688,,,,
23139,23139,,6.277751922607422,,,
23139,23139,6.277751922607422,,,,
23140,23140,55.38483428955078,,,,
23141,23141,44.853092193603516,,,,
23142,23142,95.33841705322266,,,,
23143,23143,122.44058227539062,,,,
23144,23144,134.9375457763672,,,,
23145,23145,137.3328094482422,,,,
23146,23146,131.3789520263672,,,,
23147,23147,119.08995819091797,,,,
23148,23148,101.69249725341797,,,,
23149,23149,,79.85789489746094,,,
23149,23149,79.85789489746094,,,,
23150,23150,55.18363952636719,,,,
23151,23151,28.36656951904297,,,,
23152,23152,12.976707458496094,,,,
23153,23153,52.01674270629883,,,,
23154,23154,21.014583587646484,,,,
23155,23155,13.694064140319824,,,,
23156,23156,17.429393768310547,,,,
23157,23157,23.225597381591797,,,,
23158,23158,26.45476722717285,,,,
23159,23159,,27.07267189025879,,,
23159,23159,27.07267189025879,,,,
23160,23160,24.93016242980957,,,,
23161,23161,21.235485076904297,,,,
23162,23162,17.25901222229004,,,,
23163,23163,14.960625648498535,,,,
23164,23164,16.001365661621094,,,,
23165,23165,18.779956817626953,,,,
23166,23166,20.588525772094727,,,,
23167,23167,19.897602081298828,,,,
23168,23168,17.51185417175293,,,,
23169,23169,,15.47110366821289,,,
23169,23169,15.47110366821289,,,,
23170,23170,14.834832191467285,,,,
23171,23171,15.785615921020508,,,,
23172,23172,16.946853637695312,,,,
23173,23173,17.421363830566406,,,,
23174,23174,17.208171844482422,,,,
23175,23175,16.27667999267578,,,,
23176,23176,15.219521522521973,,,,
23177,23177,14.516757011413574,,,,
23178,23178,14.713397026062012,,,,
23179,23179,,15.30247688293457,,,
23179,23179,15.30247688293457,,,,
23180,23180,15.842086791992188,,,,
23181,23181,15.703582763671875,,,,
23182,23182,15.117379188537598,,,,
23183,23183,14.385223388671875,,,,
23184,23184,14.142264366149902,,,,
23185,23185,14.315147399902344,,,,
23186,23186,14.532567024230957,,,,
23187,23187,14.692899703979492,,,,
23188,23188,14.497466087341309,,,,
23189,23189,,14.158653259277344,,,
23189,23189,14.158653259277344,,,,
23190,23190,13.845769882202148,,,,
23191,23191,13.885259628295898,,,,
23192,23192,13.97012996673584,,,,
23193,23193,14.046969413757324,,,,
23194,23194,13.98376178741455,,,,
23195,23195,13.780417442321777,,,,
23196,23196,13.568817138671875,,,,
23197,23197,13.4343900680542,,,,
23198,23198,13.431466102600098,,,,
23199,23199,,13.488410949707031,,,
23199,23199,13.488410949707031,,,,
23200,23200,13.478835105895996,,,,
23201,23201,13.429204940795898,,,,
23202,23202,13.2933349609375,,,,
23203,23203,13.219793319702148,,,,
23204,23204,13.155946731567383,,,,
23205,23205,13.128015518188477,,,,
23206,23206,13.149704933166504,,,,
23207,23207,13.021881103515625,,,,
23208,23208,12.909123420715332,,,,
23209,23209,,12.830498695373535,,,
23209,23209,12.830498695373535,,,,
23210,23210,12.815288543701172,,,,
23211,23211,12.836689949035645,,,,
23212,23212,12.785244941711426,,,,
23213,23213,12.725993156433105,,,,
23214,23214,12.65471363067627,,,,
23215,23215,12.529345512390137,,,,
23216,23216,12.472307205200195,,,,
23217,23217,12.44811725616455,,,,
23218,23218,12.41301441192627,,,,
23219,23219,,12.356520652770996,,,
23219,23219,12.356520652770996,,,,
23220,23220,12.27131462097168,,,,
23221,23221,12.272865295410156,,,,
23222,23222,12.325987815856934,,,,
23223,23223,12.276091575622559,,,,
23224,23224,12.218274116516113,,,,
23225,23225,12.172239303588867,,,,
23226,23226,12.136388778686523,,,,
23227,23227,12.027166366577148,,,,
23228,23228,11.988450050354004,,,,
23229,23229,,11.88907241821289,,,
23229,23229,11.88907241821289,,,,
23230,23230,11.930621147155762,,,,
23231,23231,11.864859580993652,,,,
23232,23232,11.84781265258789,,,,
23233,23233,11.903701782226562,,,,
23234,23234,11.885252952575684,,,,
23235,23235,11.85142707824707,,,,
23236,23236,11.78462028503418,,,,
23237,23237,11.717240333557129,,,,
23238,23238,11.610974311828613,,,,
23239,23239,,11.536888122558594,,,
23239,23239,11.536888122558594,,,,
23240,23240,11.509422302246094,,,,
23241,23241,11.46664047241211,,,,
23242,23242,11.508711814880371,,,,
23243,23243,11.499011039733887,,,,
23244,23244,11.502391815185547,,,,
23245,23245,11.548239707946777,,,,
23246,23246,11.524558067321777,,,,
23247,23247,11.471537590026855,,,,
23248,23248,11.466431617736816,,,,
23249,23249,,11.38802433013916,,,
23249,23249,11.38802433013916,,,,
23250,23250,11.385771751403809,,,,
23251,23251,11.359636306762695,,,,
23252,23252,11.335161209106445,,,,
23253,23253,11.302053451538086,,,,
23254,23254,11.315325736999512,,,,
23255,23255,11.25715160369873,,,,
23256,23256,11.201303482055664,,,,
23257,23257,11.183256149291992,,,,
23258,23258,11.162497520446777,,,,
23259,23259,,11.141615867614746,,,
23259,23259,11.141615867614746,,,,
23260,23260,11.0344877243042,,,,
23261,23261,11.018876075744629,,,,
23262,23262,10.974576950073242,,,,
23263,23263,10.941710472106934,,,,
23264,23264,10.94434642791748,,,,
23265,23265,10.926135063171387,,,,
23266,23266,10.833324432373047,,,,
23267,23267,10.807088851928711,,,,
23268,23268,10.753497123718262,,,,
23269,23269,,10.710960388183594,,,
23269,23269,10.710960388183594,,,,
23270,23270,10.68136978149414,,,,
23271,23271,10.641682624816895,,,,
23272,23272,10.703192710876465,,,,
23273,23273,10.707026481628418,,,,
23274,23274,10.653230667114258,,,,
23275,23275,10.626252174377441,,,,
23276,23276,10.627419471740723,,,,
23277,23277,10.593764305114746,,,,
23278,23278,10.614401817321777,,,,
23279,23279,,10.549320220947266,,,
23279,23279,10.549320220947266,,,,
23280,23280,10.532474517822266,,,,
23281,23281,10.505047798156738,,,,
23282,23282,10.47430419921875,,,,
23283,23283,10.418688774108887,,,,
23284,23284,10.358466148376465,,,,
23285,23285,10.394270896911621,,,,
23286,23286,10.357505798339844,,,,
23287,23287,10.371850967407227,,,,
23288,23288,10.361437797546387,,,,
23289,23289,,10.321002006530762,,,
23289,23289,10.321002006530762,,,,
23290,23290,10.250115394592285,,,,
23291,23291,10.288588523864746,,,,
23292,23292,10.273917198181152,,,,
23293,23293,10.233367919921875,,,,
23294,23294,10.214677810668945,,,,
23295,23295,10.160429954528809,,,,
23296,23296,10.131966590881348,,,,
23297,23297,10.10439682006836,,,,
23298,23298,10.110312461853027,,,,
23299,23299,,10.145196914672852,,,
23299,23299,10.145196914672852,,,,
23300,23300,10.138785362243652,,,,
23301,23301,10.112770080566406,,,,
23302,23302,10.052018165588379,,,,
23303,23303,9.987974166870117,,,,
23304,23304,9.935431480407715,,,,
23305,23305,9.933652877807617,,,,
23306,23306,9.935134887695312,,,,
23307,23307,9.989885330200195,,,,
23308,23308,9.931133270263672,,,,
23309,23309,,9.913636207580566,,,
23309,23309,9.913636207580566,,,,
23310,23310,9.901078224182129,,,,
23311,23311,9.84783935546875,,,,
23312,23312,9.844435691833496,,,,
23313,23313,9.83664608001709,,,,
23314,23314,9.825897216796875,,,,
23315,23315,9.858691215515137,,,,
23316,23316,9.783905982971191,,,,
23317,23317,9.747325897216797,,,,
23318,23318,9.722800254821777,,,,
23319,23319,,9.676969528198242,,,
23319,23319,9.676969528198242,,,,
23320,23320,9.665262222290039,,,,
23321,23321,9.6796875,,,,
23322,23322,9.615045547485352,,,,
23323,23323,9.580881118774414,,,,
23324,23324,9.536909103393555,,,,
23325,23325,9.479701042175293,,,,
23326,23326,9.488468170166016,,,,
23327,23327,9.488541603088379,,,,
23328,23328,9.440826416015625,,,,
23329,23329,,9.426915168762207,,,
23329,23329,9.426915168762207,,,,
23330,23330,9.368840217590332,,,,
23331,23331,9.326916694641113,,,,
23332,23332,9.275349617004395,,,,
23333,23333,9.266364097595215,,,,
23334,23334,9.200021743774414,,,,
23335,23335,9.133076667785645,,,,
23336,23336,9.02065658569336,,,,
23337,23337,8.994622230529785,,,,
23338,23338,8.917681694030762,,,,
23339,23339,,8.862561225891113,,,
23339,23339,8.862561225891113,,,,
23340,23340,8.790453910827637,,,,
23341,23341,8.735876083374023,,,,
23342,23342,8.648048400878906,,,,
23343,23343,8.6194429397583,,,,
23344,23344,8.548513412475586,,,,
23345,23345,8.468945503234863,,,,
23346,23346,8.481555938720703,,,,
23347,23347,8.434553146362305,,,,
23348,23348,8.42825698852539,,,,
23349,23349,,8.283760070800781,,,
23349,23349,8.283760070800781,,,,
23350,23350,8.19076919555664,,,,
23351,23351,8.122005462646484,,,,
23352,23352,8.068399429321289,,,,
23353,23353,8.091012001037598,,,,
23354,23354,7.981022834777832,,,,
23355,23355,7.888425350189209,,,,
23356,23356,7.810384273529053,,,,
23357,23357,7.758106708526611,,,,
23358,23358,7.655694961547852,,,,
23359,23359,,7.613048553466797,,,
23359,23359,7.613048553466797,,,,
23360,23360,7.56061315536499,,,,
23361,23361,7.57077169418335,,,,
23362,23362,7.4129228591918945,,,,
23363,23363,7.330031871795654,,,,
23364,23364,7.280025482177734,,,,
23365,23365,7.257312297821045,,,,
23366,23366,7.167171478271484,,,,
23367,23367,7.148279190063477,,,,
23368,23368,7.028745174407959,,,,
23369,23369,,7.014190673828125,,,
23369,23369,7.014190673828125,,,,
23370,23370,6.994956970214844,,,,
23371,23371,6.887611389160156,,,,
23372,23372,6.8396124839782715,,,,
23373,23373,6.842526912689209,,,,
23374,23374,6.785225868225098,,,,
23375,23375,6.7082037925720215,,,,
23376,23376,6.678316116333008,,,,
23377,23377,6.662877559661865,,,,
23378,23378,6.620090961456299,,,,
23379,23379,,6.570289611816406,,,
23379,23379,6.570289611816406,,,,
23380,23380,6.563119411468506,,,,
23381,23381,6.534575462341309,,,,
23382,23382,6.465323448181152,,,,
23383,23383,6.496143341064453,,,,
23384,23384,6.46966552734375,,,,
23385,23385,6.4297075271606445,,,,
23386,23386,6.482667922973633,,,,
23387,23387,6.464503288269043,,,,
23388,23388,6.43707799911499,,,,
23389,23389,,6.419175624847412,,,
23389,23389,6.419175624847412,,,,
23390,23390,6.373171329498291,,,,
23391,23391,6.357287883758545,,,,
23392,23392,6.365004062652588,,,,
23393,23393,6.341457843780518,,,,
23394,23394,6.324965000152588,,,,
23395,23395,6.290440082550049,,,,
23396,23396,6.283131122589111,,,,
23397,23397,6.264651298522949,,,,
23398,23398,6.225160598754883,,,,
23399,23399,,6.212507724761963,,,
23399,23399,6.212507724761963,,,,
23400,23400,6.1774001121521,,,,
23401,23401,6.1672682762146,,,,
23402,23402,6.080288410186768,,,,
23403,23403,6.054913520812988,,,,
23404,23404,6.072909832000732,,,,
23405,23405,6.070443630218506,,,,
23406,23406,6.100653171539307,,,,
23407,23407,6.062517166137695,,,,
23408,23408,6.01942253112793,,,,
23409,23409,,5.992860794067383,,,
23409,23409,5.992860794067383,,,,
23410,23410,6.007872104644775,,,,
23411,23411,5.982816219329834,,,,
23412,23412,5.964614391326904,,,,
23413,23413,5.894497394561768,,,,
23414,23414,5.909876346588135,,,,
23415,23415,5.928704738616943,,,,
23416,23416,5.918254852294922,,,,
23417,23417,5.881623268127441,,,,
23418,23418,5.894382953643799,,,,
23419,23419,,5.862865924835205,,,
23419,23419,5.862865924835205,,,,
23420,23420,5.856604099273682,,,,
23421,23421,5.864495754241943,,,,
23422,23422,5.849562644958496,,,,
23423,23423,5.819766044616699,,,,
23424,23424,5.823101043701172,,,,
23425,23425,5.822084903717041,,,,
23426,23426,5.785245895385742,,,,
23427,23427,5.782947063446045,,,,
23428,23428,5.771251678466797,,,,
23429,23429,,5.7132086753845215,,,
23429,23429,5.7132086753845215,,,,
23430,23430,5.751332759857178,,,,
23431,23431,5.747533798217773,,,,
23432,23432,5.694230556488037,,,,
23433,23433,5.7083635330200195,,,,
23434,23434,5.702447414398193,,,,
23435,23435,5.702709197998047,,,,
23436,23436,5.716737270355225,,,,
23437,23437,5.694802761077881,,,,
23438,23438,5.697896480560303,,,,
23439,23439,,5.655409336090088,,,
23439,23439,5.655409336090088,,,,
23440,23440,5.638646125793457,,,,
23441,23441,5.625935077667236,,,,
23442,23442,5.582180023193359,,,,
23443,23443,5.5526885986328125,,,,
23444,23444,5.561516761779785,,,,
23445,23445,5.514167785644531,,,,
23446,23446,5.523937702178955,,,,
23447,23447,5.5342631340026855,,,,
23448,23448,5.558559417724609,,,,
23449,23449,,5.5618767738342285,,,
23449,23449,5.5618767738342285,,,,
23450,23450,5.5617995262146,,,,
23451,23451,5.582415580749512,,,,
23452,23452,5.5990190505981445,,,,
23453,23453,5.57531213760376,,,,
23454,23454,5.554539680480957,,,,
23455,23455,5.536888599395752,,,,
23456,23456,5.54143762588501,,,,
23457,23457,5.538593769073486,,,,
23458,23458,5.541946887969971,,,,
23459,23459,,5.527869701385498,,,
23459,23459,5.527869701385498,,,,
23460,23460,5.521615982055664,,,,
23461,23461,5.515557289123535,,,,
23462,23462,5.502288341522217,,,,
23463,23463,5.502676963806152,,,,
23464,23464,5.4971923828125,,,,
23465,23465,5.51118278503418,,,,
23466,23466,5.509793758392334,,,,
23467,23467,5.48044490814209,,,,
23468,23468,5.478226661682129,,,,
23469,23469,,5.474814414978027,,,
23469,23469,5.474814414978027,,,,
23470,23470,5.450473785400391,,,,
23471,23471,5.441713809967041,,,,
23472,23472,5.440905570983887,,,,
23473,23473,5.425399303436279,,,,
23474,23474,5.41802453994751,,,,
23475,23475,5.423421859741211,,,,
23476,23476,5.389853477478027,,,,
23477,23477,5.3771443367004395,,,,
23478,23478,5.374851226806641,,,,
23479,23479,,5.347017765045166,,,
23479,23479,5.347017765045166,,,,
23480,23480,5.281349182128906,,,,
23481,23481,5.275511741638184,,,,
23482,23482,5.236760139465332,,,,
23483,23483,5.228860855102539,,,,
23484,23484,5.232230186462402,,,,
23485,23485,5.230337619781494,,,,
23486,23486,5.228424549102783,,,,
23487,23487,5.201419353485107,,,,
23488,23488,5.179353713989258,,,,
23489,23489,,5.159162521362305,,,
23489,23489,5.159162521362305,,,,
23490,23490,5.186957359313965,,,,
23491,23491,5.123435974121094,,,,
23492,23492,5.132614612579346,,,,
23493,23493,5.131846904754639,,,,
23494,23494,5.212414741516113,,,,
23495,23495,5.1643266677856445,,,,
23496,23496,5.1729631423950195,,,,
23497,23497,5.1594343185424805,,,,
23498,23498,5.140593528747559,,,,
23499,23499,,5.14782190322876,,,
23499,23499,,,0.19944794476032257,243.30470275878906,182.86378479003906
23499,23499,5.14782190322876,,,,
23500,23500,5.140488624572754,,,,
23501,23501,5.127542972564697,,,,
23502,23502,5.154649257659912,,,,
23503,23503,5.116641998291016,,,,
23504,23504,5.092001914978027,,,,
23505,23505,5.096414566040039,,,,
23506,23506,5.096333026885986,,,,
23507,23507,5.087733745574951,,,,
23508,23508,5.083338260650635,,,,
23509,23509,,5.085875034332275,,,
23509,23509,5.085875034332275,,,,
23510,23510,5.05194616317749,,,,
23511,23511,5.053237438201904,,,,
23512,23512,5.039731979370117,,,,
23513,23513,5.038490295410156,,,,
23514,23514,5.03757905960083,,,,
23515,23515,5.025725841522217,,,,
23516,23516,5.0081892013549805,,,,
23517,23517,5.01243782043457,,,,
23518,23518,5.040421485900879,,,,
23519,23519,,5.031097888946533,,,
23519,23519,5.031097888946533,,,,
23520,23520,5.0222930908203125,,,,
23521,23521,5.006263732910156,,,,
23522,23522,4.994826793670654,,,,
23523,23523,4.9994611740112305,,,,
23524,23524,4.988924503326416,,,,
23525,23525,4.982762336730957,,,,
23526,23526,4.9845781326293945,,,,
23527,23527,4.985178470611572,,,,
23528,23528,4.97177267074585,,,,
23529,23529,,4.9514288902282715,,,
23529,23529,4.9514288902282715,,,,
23530,23530,4.941287040710449,,,,
23531,23531,4.959486484527588,,,,
23532,23532,4.953030109405518,,,,
23533,23533,4.948629379272461,,,,
23534,23534,4.95077657699585,,,,
23535,23535,4.932978630065918,,,,
23536,23536,4.909145355224609,,,,
23537,23537,4.907588958740234,,,,
23538,23538,4.877082824707031,,,,
23539,23539,,4.874277114868164,,,
23539,23539,4.874277114868164,,,,
23540,23540,4.883087635040283,,,,
23541,23541,4.870053291320801,,,,
23542,23542,4.871381759643555,,,,
23543,23543,4.869685649871826,,,,
23544,23544,4.863426208496094,,,,
23545,23545,4.853819370269775,,,,
23546,23546,4.857291221618652,,,,
23547,23547,4.846548080444336,,,,
23548,23548,4.845656394958496,,,,
23549,23549,,4.843918323516846,,,
23549,23549,4.843918323516846,,,,
23550,23550,4.861796855926514,,,,
23551,23551,4.829164505004883,,,,
23552,23552,4.803417205810547,,,,
23553,23553,4.800815582275391,,,,
23554,23554,4.80582857131958,,,,
23555,23555,4.789177417755127,,,,
23556,23556,4.79071044921875,,,,
23557,23557,4.79525899887085,,,,
23558,23558,4.783103942871094,,,,
23559,23559,,4.759166240692139,,,
23559,23559,4.759166240692139,,,,
23560,23560,4.760795593261719,,,,
23561,23561,4.753270149230957,,,,
23562,23562,4.7491607666015625,,,,
23563,23563,4.724306106567383,,,,
23564,23564,4.703553676605225,,,,
23565,23565,4.714213848114014,,,,
23566,23566,4.70220947265625,,,,
23567,23567,4.691650390625,,,,
23568,23568,4.661941051483154,,,,
23569,23569,,4.668820381164551,,,
23569,23569,4.668820381164551,,,,
23570,23570,4.673428535461426,,,,
23571,23571,4.665646553039551,,,,
23572,23572,4.668896675109863,,,,
23573,23573,4.656489372253418,,,,
23574,23574,4.624415874481201,,,,
23575,23575,4.606028079986572,,,,
23576,23576,4.556724548339844,,,,
23577,23577,4.543388843536377,,,,
23578,23578,4.47654390335083,,,,
23579,23579,,4.494700908660889,,,
23579,23579,4.494700908660889,,,,
23580,23580,4.492456436157227,,,,
23581,23581,4.445560455322266,,,,
23582,23582,4.462873458862305,,,,
23583,23583,4.434886455535889,,,,
23584,23584,4.43413782119751,,,,
23585,23585,4.425130844116211,,,,
23586,23586,4.42009162902832,,,,
23587,23587,4.397137641906738,,,,
23588,23588,4.375954627990723,,,,
23589,23589,,4.361814975738525,,,
23589,23589,4.361814975738525,,,,
23590,23590,4.335211277008057,,,,
23591,23591,4.326477527618408,,,,
23592,23592,4.323575019836426,,,,
23593,23593,4.308333396911621,,,,
23594,23594,4.283249855041504,,,,
23595,23595,4.267443656921387,,,,
23596,23596,4.255579948425293,,,,
23597,23597,4.251599311828613,,,,
23598,23598,4.232481002807617,,,,
23599,23599,,4.233229160308838,,,
23599,23599,4.233229160308838,,,,
23600,23600,4.203733444213867,,,,
23601,23601,4.195595741271973,,,,
23602,23602,4.18065071105957,,,,
23603,23603,4.185243129730225,,,,
23604,23604,4.190049171447754,,,,
23605,23605,4.1891937255859375,,,,
23606,23606,4.17678689956665,,,,
23607,23607,4.167300701141357,,,,
23608,23608,4.141208648681641,,,,
23609,23609,,4.1225361824035645,,,
23609,23609,4.1225361824035645,,,,
23610,23610,4.105247497558594,,,,
23611,23611,4.112337112426758,,,,
23612,23612,4.097361087799072,,,,
23613,23613,4.088165760040283,,,,
23614,23614,4.0853166580200195,,,,
23615,23615,4.073000431060791,,,,
23616,23616,4.067893981933594,,,,
23617,23617,4.072010517120361,,,,
23618,23618,4.046568393707275,,,,
23619,23619,,4.045399188995361,,,
23619,23619,4.045399188995361,,,,
23620,23620,4.051880359649658,,,,
23621,23621,4.043221473693848,,,,
23622,23622,4.034193515777588,,,,
23623,23623,4.006755828857422,,,,
23624,23624,3.9966070652008057,,,,
23625,23625,4.020201206207275,,,,
23626,23626,4.0201311111450195,,,,
23627,23627,4.015377521514893,,,,
23628,23628,3.9950852394104004,,,,
23629,23629,,3.9902353286743164,,,
23629,23629,3.9902353286743164,,,,
23630,23630,3.984726905822754,,,,
23631,23631,3.980746269226074,,,,
23632,23632,3.969970941543579,,,,
23633,23633,3.9623639583587646,,,,
23634,23634,3.9648139476776123,,,,
23635,23635,3.9593746662139893,,,,
23636,23636,3.9690074920654297,,,,
23637,23637,3.9625608921051025,,,,
23638,23638,3.964487075805664,,,,
23639,23639,,3.9564549922943115,,,
23639,23639,3.9564549922943115,,,,
23640,23640,3.949368715286255,,,,
23641,23641,3.940784454345703,,,,
23642,23642,3.9349582195281982,,,,
23643,23643,3.9399993419647217,,,,
23644,23644,3.929285764694214,,,,
23645,23645,3.9234142303466797,,,,
23646,23646,3.923617124557495,,,,
23647,23647,3.92010498046875,,,,
23648,23648,3.9310142993927,,,,
23649,23649,,3.9324071407318115,,,
23649,23649,3.9324071407318115,,,,
23650,23650,3.9254095554351807,,,,
23651,23651,3.914508581161499,,,,
23652,23652,3.9096155166625977,,,,
23653,23653,3.909421920776367,,,,
23654,23654,3.940455436706543,,,,
23655,23655,3.936880588531494,,,,
23656,23656,3.9291560649871826,,,,
23657,23657,3.931326150894165,,,,
23658,23658,3.911832571029663,,,,
23659,23659,,3.907348155975342,,,
23659,23659,3.907348155975342,,,,
23660,23660,3.858781099319458,,,,
23661,23661,3.8512375354766846,,,,
23662,23662,3.8831145763397217,,,,
23663,23663,3.8814806938171387,,,,
23664,23664,3.8858041763305664,,,,
23665,23665,3.846414566040039,,,,
23666,23666,3.891007423400879,,,,
23667,23667,3.8912765979766846,,,,
23668,23668,3.88859486579895,,,,
23669,23669,,3.8760814666748047,,,
23669,23669,3.8760814666748047,,,,
23670,23670,3.875950336456299,,,,
23671,23671,3.8770675659179688,,,,
23672,23672,3.875638723373413,,,,
23673,23673,3.877889394760132,,,,
23674,23674,3.8824665546417236,,,,
23675,23675,3.8765149116516113,,,,
23676,23676,3.8719098567962646,,,,
23677,23677,3.8717403411865234,,,,
23678,23678,3.868654727935791,,,,
23679,23679,,3.8682308197021484,,,
23679,23679,3.8682308197021484,,,,
23680,23680,3.847740888595581,,,,
23681,23681,3.8464605808258057,,,,
23682,23682,3.843210220336914,,,,
23683,23683,3.8413827419281006,,,,
23684,23684,3.8355822563171387,,,,
23685,23685,3.8335912227630615,,,,
23686,23686,3.834519624710083,,,,
23687,23687,3.839207887649536,,,,
23688,23688,3.8350257873535156,,,,
23689,23689,,3.8374197483062744,,,
23689,23689,3.8374197483062744,,,,
23690,23690,3.829132318496704,,,,
23691,23691,3.8301119804382324,,,,
23692,23692,3.8244194984436035,,,,
23693,23693,3.817176342010498,,,,
23694,23694,3.8124630451202393,,,,
23695,23695,3.823303461074829,,,,
23696,23696,3.8220534324645996,,,,
23697,23697,3.816720962524414,,,,
23698,23698,3.82246470451355,,,,
23699,23699,,3.817922592163086,,,
23699,23699,3.817922592163086,,,,
23700,23700,3.8066329956054688,,,,
23701,23701,3.8120670318603516,,,,
23702,23702,3.8183295726776123,,,,
23703,23703,3.8191025257110596,,,,
23704,23704,3.8203601837158203,,,,
23705,23705,3.8009250164031982,,,,
23706,23706,3.8134067058563232,,,,
23707,23707,3.8182761669158936,,,,
23708,23708,3.821225166320801,,,,
23709,23709,,3.813819408416748,,,
23709,23709,3.813819408416748,,,,
23710,23710,3.815183162689209,,,,
23711,23711,3.818455696105957,,,,
23712,23712,3.8178727626800537,,,,
23713,23713,3.8202316761016846,,,,
23714,23714,3.8196823596954346,,,,
23715,23715,3.816138744354248,,,,
23716,23716,3.8207271099090576,,,,
23717,23717,3.814110279083252,,,,
23718,23718,3.811300277709961,,,,
23719,23719,,3.8081142902374268,,,
23719,23719,3.8081142902374268,,,,
23720,23720,3.8081095218658447,,,,
23721,23721,3.8030240535736084,,,,
23722,23722,3.7941813468933105,,,,
23723,23723,3.792987823486328,,,,
23724,23724,3.792361259460449,,,,
23725,23725,3.790736436843872,,,,
23726,23726,3.7897958755493164,,,,
23727,23727,3.7889699935913086,,,,
23728,23728,3.785810708999634,,,,
23729,23729,,3.78157639503479,,,
23729,23729,3.78157639503479,,,,
23730,23730,3.7773921489715576,,,,
23731,23731,3.7820305824279785,,,,
23732,23732,3.780151128768921,,,,
23733,23733,3.7845826148986816,,,,
23734,23734,3.7801082134246826,,,,
23735,23735,3.774486541748047,,,,
23736,23736,3.7661659717559814,,,,
23737,23737,3.7628774642944336,,,,
23738,23738,3.756112575531006,,,,
23739,23739,,3.76542592048645,,,
23739,23739,3.76542592048645,,,,
23740,23740,3.7638754844665527,,,,
23741,23741,3.7493765354156494,,,,
23742,23742,3.743921995162964,,,,
23743,23743,3.7486541271209717,,,,
23744,23744,3.7610924243927,,,,
23745,23745,3.7554235458374023,,,,
23746,23746,3.7610509395599365,,,,
23747,23747,3.762666702270508,,,,
23748,23748,3.7659196853637695,,,,
23749,23749,,3.7649405002593994,,,
23749,23749,3.7649405002593994,,,,
23750,23750,3.760516881942749,,,,
23751,23751,3.752747058868408,,,,
23752,23752,3.750123977661133,,,,
23753,23753,3.749500274658203,,,,
23754,23754,3.7456719875335693,,,,
23755,23755,3.740367889404297,,,,
23756,23756,3.737924098968506,,,,
23757,23757,3.737426519393921,,,,
23758,23758,3.734429121017456,,,,
23759,23759,,3.729495048522949,,,
23759,23759,3.729495048522949,,,,
23760,23760,3.7251811027526855,,,,
23761,23761,3.7193942070007324,,,,
23762,23762,3.718061923980713,,,,
23763,23763,3.717892646789551,,,,
23764,23764,3.7098817825317383,,,,
23765,23765,3.7083072662353516,,,,
23766,23766,3.698516607284546,,,,
23767,23767,3.71219539642334,,,,
23768,23768,3.7120604515075684,,,,
23769,23769,,3.6974730491638184,,,
23769,23769,3.6974730491638184,,,,
23770,23770,3.6947779655456543,,,,
23771,23771,3.693459987640381,,,,
23772,23772,3.6868107318878174,,,,
23773,23773,3.689700126647949,,,,
23774,23774,3.6874334812164307,,,,
23775,23775,3.6846625804901123,,,,
23776,23776,3.689863681793213,,,,
23777,23777,3.6779263019561768,,,,
23778,23778,3.6739044189453125,,,,
23779,23779,,3.678527355194092,,,
23779,23779,3.678527355194092,,,,
23780,23780,3.672423839569092,,,,
23781,23781,3.6728334426879883,,,,
23782,23782,3.6725380420684814,,,,
23783,23783,3.663886785507202,,,,
23784,23784,3.660341739654541,,,,
23785,23785,3.6563732624053955,,,,
23786,23786,3.6621623039245605,,,,
23787,23787,3.6616194248199463,,,,
23788,23788,3.6565682888031006,,,,
23789,23789,,3.6558444499969482,,,
23789,23789,3.6558444499969482,,,,
23790,23790,3.6526505947113037,,,,
23791,23791,3.6556150913238525,,,,
23792,23792,3.6535227298736572,,,,
23793,23793,3.6492624282836914,,,,
23794,23794,3.6497511863708496,,,,
23795,23795,3.6507749557495117,,,,
23796,23796,3.653141498565674,,,,
23797,23797,3.646345376968384,,,,
23798,23798,3.6393790245056152,,,,
23799,23799,,3.6394433975219727,,,
23799,23799,3.6394433975219727,,,,
23800,23800,3.647552490234375,,,,
23801,23801,3.6485259532928467,,,,
23802,23802,3.636183500289917,,,,
23803,23803,3.6314597129821777,,,,
23804,23804,3.6344664096832275,,,,
23805,23805,3.6397690773010254,,,,
23806,23806,3.6397454738616943,,,,
23807,23807,3.633326768875122,,,,
23808,23808,3.6298859119415283,,,,
23809,23809,,3.631296157836914,,,
23809,23809,3.631296157836914,,,,
23810,23810,3.6314756870269775,,,,
23811,23811,3.6324915885925293,,,,
23812,23812,3.6288812160491943,,,,
23813,23813,3.6272692680358887,,,,
23814,23814,3.628239631652832,,,,
23815,23815,3.629772186279297,,,,
23816,23816,3.630460739135742,,,,
23817,23817,3.633206844329834,,,,
23818,23818,3.632283926010132,,,,
23819,23819,,3.6243481636047363,,,
23819,23819,3.6243481636047363,,,,
23820,23820,3.6271848678588867,,,,
23821,23821,3.6266019344329834,,,,
23822,23822,3.6266212463378906,,,,
23823,23823,3.628389358520508,,,,
23824,23824,3.6274359226226807,,,,
23825,23825,3.622136116027832,,,,
23826,23826,3.627304792404175,,,,
23827,23827,3.6212222576141357,,,,
23828,23828,3.6232099533081055,,,,
23829,23829,,3.6170499324798584,,,
23829,23829,3.6170499324798584,,,,
23830,23830,3.628918170928955,,,,
23831,23831,3.6235835552215576,,,,
23832,23832,3.6253695487976074,,,,
23833,23833,3.6256957054138184,,,,
23834,23834,3.623246192932129,,,,
23835,23835,3.6182963848114014,,,,
23836,23836,3.6252615451812744,,,,
23837,23837,3.624540328979492,,,,
23838,23838,3.6173534393310547,,,,
23839,23839,,3.6171958446502686,,,
23839,23839,3.6171958446502686,,,,
23840,23840,3.615626811981201,,,,
23841,23841,3.6217544078826904,,,,
23842,23842,3.617889165878296,,,,
23843,23843,3.615192174911499,,,,
23844,23844,3.611344337463379,,,,
23845,23845,3.6159005165100098,,,,
23846,23846,3.6107778549194336,,,,
23847,23847,3.6121127605438232,,,,
23848,23848,3.605675458908081,,,,
23849,23849,,3.6054399013519287,,,
23849,23849,3.6054399013519287,,,,
23850,23850,3.6071317195892334,,,,
23851,23851,3.6016123294830322,,,,
23852,23852,3.600860595703125,,,,
23853,23853,3.5990068912506104,,,,
23854,23854,3.596681594848633,,,,
23855,23855,3.601285696029663,,,,
23856,23856,3.597817897796631,,,,
23857,23857,3.5966789722442627,,,,
23858,23858,3.599547863006592,,,,
23859,23859,,3.6026411056518555,,,
23859,23859,3.6026411056518555,,,,
23860,23860,3.5975966453552246,,,,
23861,23861,3.597926378250122,,,,
23862,23862,3.592249631881714,,,,
23863,23863,3.5909006595611572,,,,
23864,23864,3.5928125381469727,,,,
23865,23865,3.5948486328125,,,,
23866,23866,3.593064785003662,,,,
23867,23867,3.5923619270324707,,,,
23868,23868,3.589265823364258,,,,
23869,23869,,3.5835609436035156,,,
23869,23869,3.5835609436035156,,,,
23870,23870,3.587282419204712,,,,
23871,23871,3.5808193683624268,,,,
23872,23872,3.5789895057678223,,,,
23873,23873,3.5776891708374023,,,,
23874,23874,3.573404312133789,,,,
23875,23875,3.572741746902466,,,,
23876,23876,3.5696797370910645,,,,
23877,23877,3.571446657180786,,,,
23878,23878,3.5798377990722656,,,,
23879,23879,,3.575620651245117,,,
23879,23879,3.575620651245117,,,,
23880,23880,3.5677096843719482,,,,
23881,23881,3.568422317504883,,,,
23882,23882,3.564500570297241,,,,
23883,23883,3.5644257068634033,,,,
23884,23884,3.565721035003662,,,,
23885,23885,3.5634255409240723,,,,
23886,23886,3.5708630084991455,,,,
23887,23887,3.5702109336853027,,,,
23888,23888,3.5660400390625,,,,
23889,23889,,3.5678114891052246,,,
23889,23889,3.5678114891052246,,,,
23890,23890,3.562941789627075,,,,
23891,23891,3.5603275299072266,,,,
23892,23892,3.5632517337799072,,,,
23893,23893,3.5662503242492676,,,,
23894,23894,3.5607314109802246,,,,
23895,23895,3.561729669570923,,,,
23896,23896,3.563668727874756,,,,
23897,23897,3.5702502727508545,,,,
23898,23898,3.5796048641204834,,,,
23899,23899,,3.5648655891418457,,,
23899,23899,3.5648655891418457,,,,
23900,23900,3.5678279399871826,,,,
23901,23901,3.5608913898468018,,,,
23902,23902,3.5625922679901123,,,,
23903,23903,3.5499351024627686,,,,
23904,23904,3.5603621006011963,,,,
23905,23905,3.5457732677459717,,,,
23906,23906,3.5516517162323,,,,
23907,23907,3.550555944442749,,,,
23908,23908,3.5386128425598145,,,,
23909,23909,,3.538642644882202,,,
23909,23909,3.538642644882202,,,,
23910,23910,3.5372769832611084,,,,
23911,23911,3.535947561264038,,,,
23912,23912,3.5356030464172363,,,,
23913,23913,3.526994228363037,,,,
23914,23914,3.5182082653045654,,,,
23915,23915,3.5212526321411133,,,,
23916,23916,3.5158112049102783,,,,
23917,23917,3.51354718208313,,,,
23918,23918,3.5029802322387695,,,,
23919,23919,,3.502344846725464,,,
23919,23919,3.502344846725464,,,,
23920,23920,3.5179481506347656,,,,
23921,23921,3.5016016960144043,,,,
23922,23922,3.500188112258911,,,,
23923,23923,3.5108585357666016,,,,
23924,23924,3.4963395595550537,,,,
23925,23925,3.4920127391815186,,,,
23926,23926,3.4945526123046875,,,,
23927,23927,3.5088794231414795,,,,
23928,23928,3.5059032440185547,,,,
23929,23929,,3.493300676345825,,,
23929,23929,3.493300676345825,,,,
23930,23930,3.50553035736084,,,,
23931,23931,3.507025718688965,,,,
23932,23932,3.5079102516174316,,,,
23933,23933,3.5052108764648438,,,,
23934,23934,3.507831573486328,,,,
23935,23935,3.5076794624328613,,,,
23936,23936,3.495713472366333,,,,
23937,23937,3.506603240966797,,,,
23938,23938,3.5064897537231445,,,,
23939,23939,,3.498189687728882,,,
23939,23939,3.498189687728882,,,,
23940,23940,3.4957871437072754,,,,
23941,23941,3.4897875785827637,,,,
23942,23942,3.491795301437378,,,,
23943,23943,3.490504264831543,,,,
23944,23944,3.4908664226531982,,,,
23945,23945,3.479527235031128,,,,
23946,23946,3.4817941188812256,,,,
23947,23947,3.4807991981506348,,,,
23948,23948,3.4793567657470703,,,,
23949,23949,,3.483588695526123,,,
23949,23949,3.483588695526123,,,,
23950,23950,3.4763028621673584,,,,
23951,23951,3.480720043182373,,,,
23952,23952,3.4827370643615723,,,,
23953,23953,3.4785289764404297,,,,
23954,23954,3.4815807342529297,,,,
23955,23955,3.4757211208343506,,,,
23956,23956,3.475548028945923,,,,
23957,23957,3.4708547592163086,,,,
23958,23958,3.476546287536621,,,,
23959,23959,,3.4766294956207275,,,
23959,23959,3.4766294956207275,,,,
23960,23960,3.4720380306243896,,,,
23961,23961,3.4563207626342773,,,,
23962,23962,3.4710638523101807,,,,
23963,23963,3.4560582637786865,,,,
23964,23964,3.4669792652130127,,,,
23965,23965,3.453510046005249,,,,
23966,23966,3.468416213989258,,,,
23967,23967,3.4478373527526855,,,,
23968,23968,3.4656968116760254,,,,
23969,23969,,3.4650261402130127,,,
23969,23969,3.4650261402130127,,,,
23970,23970,3.44313645362854,,,,
23971,23971,3.471972703933716,,,,
23972,23972,3.4521424770355225,,,,
23973,23973,3.4369630813598633,,,,
23974,23974,3.441194772720337,,,,
23975,23975,3.4343509674072266,,,,
23976,23976,3.4388198852539062,,,,
23977,23977,3.432596206665039,,,,
23978,23978,3.4403598308563232,,,,
23979,23979,,3.439924955368042,,,
23979,23979,3.439924955368042,,,,
23980,23980,3.4260613918304443,,,,
23981,23981,3.4367241859436035,,,,
23982,23982,3.435168504714966,,,,
23983,23983,3.438646078109741,,,,
23984,23984,3.437016725540161,,,,
23985,23985,3.43851375579834,,,,
23986,23986,3.4316673278808594,,,,
23987,23987,3.427152156829834,,,,
23988,23988,3.428098678588867,,,,
23989,23989,,3.4290597438812256,,,
23989,23989,3.4290597438812256,,,,
23990,23990,3.432173013687134,,,,
23991,23991,3.4373464584350586,,,,
23992,23992,3.4324896335601807,,,,
23993,23993,3.4273862838745117,,,,
23994,23994,3.4299938678741455,,,,
23995,23995,3.4294955730438232,,,,
23996,23996,3.4197566509246826,,,,
23997,23997,3.4130983352661133,,,,
23998,23998,3.4139511585235596,,,,
23999,23999,,3.4176418781280518,,,
23999,23999,,,0.19363991916179657,229.3406982421875,182.86378479003906
23999,23999,3.4176418781280518,,,,
24000,24000,3.413536548614502,,,,
24001,24001,3.4190165996551514,,,,
24002,24002,3.412504196166992,,,,
24003,24003,3.4141600131988525,,,,
24004,24004,3.406857490539551,,,,
24005,24005,3.414053201675415,,,,
24006,24006,3.4133224487304688,,,,
24007,24007,3.4106900691986084,,,,
24008,24008,3.412360191345215,,,,
24009,24009,,3.4061477184295654,,,
24009,24009,3.4061477184295654,,,,
24010,24010,3.4090747833251953,,,,
24011,24011,3.4085147380828857,,,,
24012,24012,3.4087936878204346,,,,
24013,24013,3.404965877532959,,,,
24014,24014,3.4100914001464844,,,,
24015,24015,3.4105865955352783,,,,
24016,24016,3.4098589420318604,,,,
24017,24017,3.410529851913452,,,,
24018,24018,3.4200165271759033,,,,
24019,24019,,3.402822732925415,,,
24019,24019,3.402822732925415,,,,
24020,24020,3.4037063121795654,,,,
24021,24021,3.3993630409240723,,,,
24022,24022,3.4008593559265137,,,,
24023,24023,3.405153512954712,,,,
24024,24024,3.401372194290161,,,,
24025,24025,3.3979649543762207,,,,
24026,24026,3.402414321899414,,,,
24027,24027,3.4046363830566406,,,,
24028,24028,3.4040565490722656,,,,
24029,24029,,3.4162843227386475,,,
24029,24029,3.4162843227386475,,,,
24030,24030,3.413804292678833,,,,
24031,24031,3.413200855255127,,,,
24032,24032,3.409273624420166,,,,
24033,24033,3.409261465072632,,,,
24034,24034,3.410844326019287,,,,
24035,24035,3.4089276790618896,,,,
24036,24036,3.405392646789551,,,,
24037,24037,3.4031996726989746,,,,
24038,24038,3.404052972793579,,,,
24039,24039,,3.403127908706665,,,
24039,24039,3.403127908706665,,,,
24040,24040,3.4037489891052246,,,,
24041,24041,3.403749942779541,,,,
24042,24042,3.401379346847534,,,,
24043,24043,3.3998780250549316,,,,
24044,24044,3.3946704864501953,,,,
24045,24045,3.3979790210723877,,,,
24046,24046,3.3973348140716553,,,,
24047,24047,3.392409563064575,,,,
24048,24048,3.3979461193084717,,,,
24049,24049,,3.3951966762542725,,,
24049,24049,3.3951966762542725,,,,
24050,24050,3.3900012969970703,,,,
24051,24051,3.400031328201294,,,,
24052,24052,3.398972749710083,,,,
24053,24053,3.3972434997558594,,,,
24054,24054,3.395108938217163,,,,
24055,24055,3.3978219032287598,,,,
24056,24056,3.3951051235198975,,,,
24057,24057,3.392742395401001,,,,
24058,24058,3.3932018280029297,,,,
24059,24059,,3.3935794830322266,,,
24059,24059,3.3935794830322266,,,,
24060,24060,3.3909265995025635,,,,
24061,24061,3.391087055206299,,,,
24062,24062,3.389951467514038,,,,
24063,24063,3.3913142681121826,,,,
24064,24064,3.3946518898010254,,,,
24065,24065,3.3931827545166016,,,,
24066,24066,3.3926937580108643,,,,
24067,24067,3.3948309421539307,,,,
24068,24068,3.3958466053009033,,,,
24069,24069,,3.391803741455078,,,
24069,24069,3.391803741455078,,,,
24070,24070,3.389261484146118,,,,
24071,24071,3.3935766220092773,,,,
24072,24072,3.3889551162719727,,,,
24073,24073,3.3896608352661133,,,,
24074,24074,3.3814945220947266,,,,
24075,24075,3.3875858783721924,,,,
24076,24076,3.3757009506225586,,,,
24077,24077,3.3825716972351074,,,,
24078,24078,3.383084774017334,,,,
24079,24079,,3.377605438232422,,,
24079,24079,3.377605438232422,,,,
24080,24080,3.378067970275879,,,,
24081,24081,3.3765974044799805,,,,
24082,24082,3.374943256378174,,,,
24083,24083,3.3740339279174805,,,,
24084,24084,3.374711513519287,,,,
24085,24085,3.3726251125335693,,,,
24086,24086,3.373723268508911,,,,
24087,24087,3.3762826919555664,,,,
24088,24088,3.3664896488189697,,,,
24089,24089,,3.3746840953826904,,,
24089,24089,3.3746840953826904,,,,
24090,24090,3.371788740158081,,,,
24091,24091,3.370129346847534,,,,
24092,24092,3.3702096939086914,,,,
24093,24093,3.3688793182373047,,,,
24094,24094,3.361823320388794,,,,
24095,24095,3.3551924228668213,,,,
24096,24096,3.353329658508301,,,,
24097,24097,3.3519675731658936,,,,
24098,24098,3.35794734954834,,,,
24099,24099,,3.350878953933716,,,
24099,24099,3.350878953933716,,,,
24100,24100,3.3501462936401367,,,,
24101,24101,3.3473868370056152,,,,
24102,24102,3.3473026752471924,,,,
24103,24103,3.347348213195801,,,,
24104,24104,3.3480851650238037,,,,
24105,24105,3.332537889480591,,,,
24106,24106,3.343506097793579,,,,
24107,24107,3.3610639572143555,,,,
24108,24108,3.3567609786987305,,,,
24109,24109,,3.3441781997680664,,,
24109,24109,3.3441781997680664,,,,
24110,24110,3.35201096534729,,,,
24111,24111,3.3611621856689453,,,,
24112,24112,3.335477590560913,,,,
24113,24113,3.3414878845214844,,,,
24114,24114,3.3534700870513916,,,,
24115,24115,3.3544116020202637,,,,
24116,24116,3.3285186290740967,,,,
24117,24117,3.3286564350128174,,,,
24118,24118,3.3536458015441895,,,,
24119,24119,,3.3521363735198975,,,
24119,24119,3.3521363735198975,,,,
24120,24120,3.329508066177368,,,,
24121,24121,3.3309857845306396,,,,
24122,24122,3.3315823078155518,,,,
24123,24123,3.3491480350494385,,,,
24124,24124,3.3297953605651855,,,,
24125,24125,3.3299598693847656,,,,
24126,24126,3.3376893997192383,,,,
24127,24127,3.3382115364074707,,,,
24128,24128,3.33614444732666,,,,
24129,24129,,3.337609052658081,,,
24129,24129,3.337609052658081,,,,
24130,24130,3.3245511054992676,,,,
24131,24131,3.329498291015625,,,,
24132,24132,3.323347568511963,,,,
24133,24133,3.3208725452423096,,,,
24134,24134,3.323972702026367,,,,
24135,24135,3.3181650638580322,,,,
24136,24136,3.3220365047454834,,,,
24137,24137,3.31950044631958,,,,
24138,24138,3.322078227996826,,,,
24139,24139,,3.319963216781616,,,
24139,24139,3.319963216781616,,,,
24140,24140,3.3199379444122314,,,,
24141,24141,3.308521032333374,,,,
24142,24142,3.315924882888794,,,,
24143,24143,3.316596269607544,,,,
24144,24144,3.3114194869995117,,,,
24145,24145,3.309293031692505,,,,
24146,24146,3.3166887760162354,,,,
24147,24147,3.3115904331207275,,,,
24148,24148,3.3123157024383545,,,,
24149,24149,,3.3138890266418457,,,
24149,24149,3.3138890266418457,,,,
24150,24150,3.309983491897583,,,,
24151,24151,3.3126862049102783,,,,
24152,24152,3.313778877258301,,,,
24153,24153,3.3154854774475098,,,,
24154,24154,3.313673257827759,,,,
24155,24155,3.3099329471588135,,,,
24156,24156,3.3125956058502197,,,,
24157,24157,3.3144607543945312,,,,
24158,24158,3.3111722469329834,,,,
24159,24159,,3.3124654293060303,,,
24159,24159,3.3124654293060303,,,,
24160,24160,3.318702220916748,,,,
24161,24161,3.329237937927246,,,,
24162,24162,3.3203094005584717,,,,
24163,24163,3.311601400375366,,,,
24164,24164,3.315293788909912,,,,
24165,24165,3.3121390342712402,,,,
24166,24166,3.3264434337615967,,,,
24167,24167,3.313525915145874,,,,
24168,24168,3.3082897663116455,,,,
24169,24169,,3.3321497440338135,,,
24169,24169,3.3321497440338135,,,,
24170,24170,3.2861111164093018,,,,
24171,24171,3.304762125015259,,,,
24172,24172,3.330244541168213,,,,
24173,24173,3.2831950187683105,,,,
24174,24174,3.2749788761138916,,,,
24175,24175,3.325849771499634,,,,
24176,24176,3.267915725708008,,,,
24177,24177,3.284879684448242,,,,
24178,24178,3.3311731815338135,,,,
24179,24179,,3.290693521499634,,,
24179,24179,3.290693521499634,,,,
24180,24180,3.2667295932769775,,,,
24181,24181,3.3130223751068115,,,,
24182,24182,3.30411958694458,,,,
24183,24183,3.260688066482544,,,,
24184,24184,3.3025341033935547,,,,
24185,24185,3.313530206680298,,,,
24186,24186,3.271078586578369,,,,
24187,24187,3.3022384643554688,,,,
24188,24188,3.2993922233581543,,,,
24189,24189,,3.2829976081848145,,,
24189,24189,3.2829976081848145,,,,
24190,24190,3.2995479106903076,,,,
24191,24191,3.252335786819458,,,,
24192,24192,3.257359743118286,,,,
24193,24193,3.306575059890747,,,,
24194,24194,3.2512502670288086,,,,
24195,24195,3.2516112327575684,,,,
24196,24196,3.2998220920562744,,,,
24197,24197,3.289468288421631,,,,
24198,24198,3.286892890930176,,,,
24199,24199,,3.2859551906585693,,,
24199,24199,3.2859551906585693,,,,
24200,24200,3.2556567192077637,,,,
24201,24201,3.292436122894287,,,,
24202,24202,3.2860703468322754,,,,
24203,24203,3.253606081008911,,,,
24204,24204,3.3053512573242188,,,,
24205,24205,3.281585454940796,,,,
24206,24206,3.2828311920166016,,,,
24207,24207,3.2975311279296875,,,,
24208,24208,3.28426456451416,,,,
24209,24209,,3.3035497665405273,,,
24209,24209,3.3035497665405273,,,,
24210,24210,3.2568960189819336,,,,
24211,24211,3.307849884033203,,,,
24212,24212,3.255852222442627,,,,
24213,24213,3.300853967666626,,,,
24214,24214,3.299440860748291,,,,
24215,24215,3.2816286087036133,,,,
24216,24216,3.3009634017944336,,,,
24217,24217,3.295701026916504,,,,
24218,24218,3.252678871154785,,,,
24219,24219,,3.3060462474823,,,
24219,24219,3.3060462474823,,,,
24220,24220,3.294796943664551,,,,
24221,24221,3.2522575855255127,,,,
24222,24222,3.2981059551239014,,,,
24223,24223,3.2866663932800293,,,,
24224,24224,3.2549116611480713,,,,
24225,24225,3.299160957336426,,,,
24226,24226,3.245565891265869,,,,
24227,24227,3.2505083084106445,,,,
24228,24228,3.3009331226348877,,,,
24229,24229,,3.2424325942993164,,,
24229,24229,3.2424325942993164,,,,
24230,24230,3.2484662532806396,,,,
24231,24231,3.2939200401306152,,,,
24232,24232,3.2381420135498047,,,,
24233,24233,3.2381246089935303,,,,
24234,24234,3.2466933727264404,,,,
24235,24235,3.2807400226593018,,,,
24236,24236,3.24430513381958,,,,
24237,24237,3.2471296787261963,,,,
24238,24238,3.2539515495300293,,,,
24239,24239,,3.251110315322876,,,
24239,24239,3.251110315322876,,,,
24240,24240,3.2499873638153076,,,,
24241,24241,3.270442247390747,,,,
24242,24242,3.2716238498687744,,,,
24243,24243,3.252519130706787,,,,
24244,24244,3.2539143562316895,,,,
24245,24245,3.2519733905792236,,,,
24246,24246,3.2433338165283203,,,,
24247,24247,3.242213249206543,,,,
24248,24248,3.243525266647339,,,,
24249,24249,,3.2421071529388428,,,
24249,24249,3.2421071529388428,,,,
24250,24250,3.243713140487671,,,,
24251,24251,3.2414588928222656,,,,
24252,24252,3.2417895793914795,,,,
24253,24253,3.238797664642334,,,,
24254,24254,3.268569231033325,,,,
24255,24255,3.236851453781128,,,,
24256,24256,3.237643241882324,,,,
24257,24257,3.2335033416748047,,,,
24258,24258,3.2353479862213135,,,,
24259,24259,,3.225522994995117,,,
24259,24259,3.225522994995117,,,,
24260,24260,3.224358081817627,,,,
24261,24261,3.228724956512451,,,,
24262,24262,3.224421977996826,,,,
24263,24263,3.230372428894043,,,,
24264,24264,3.2172765731811523,,,,
24265,24265,3.226025104522705,,,,
24266,24266,3.217315435409546,,,,
24267,24267,3.2160229682922363,,,,
24268,24268,3.2290217876434326,,,,
24269,24269,,3.22699236869812,,,
24269,24269,3.22699236869812,,,,
24270,24270,3.2118492126464844,,,,
24271,24271,3.231553554534912,,,,
24272,24272,3.229030132293701,,,,
24273,24273,3.209355354309082,,,,
24274,24274,3.2109646797180176,,,,
24275,24275,3.2121217250823975,,,,
24276,24276,3.2102041244506836,,,,
24277,24277,3.2098796367645264,,,,
24278,24278,3.216064453125,,,,
24279,24279,,3.2167398929595947,,,
24279,24279,3.2167398929595947,,,,
24280,24280,3.2127318382263184,,,,
24281,24281,3.213320255279541,,,,
24282,24282,3.215475559234619,,,,
24283,24283,3.2122931480407715,,,,
24284,24284,3.2112693786621094,,,,
24285,24285,3.213472604751587,,,,
24286,24286,3.2328288555145264,,,,
24287,24287,3.2078354358673096,,,,
24288,24288,3.206784248352051,,,,
24289,24289,,3.2170543670654297,,,
24289,24289,3.2170543670654297,,,,
24290,24290,3.2301275730133057,,,,
24291,24291,3.2071731090545654,,,,
24292,24292,3.208402395248413,,,,
24293,24293,3.229282855987549,,,,
24294,24294,3.203667163848877,,,,
24295,24295,3.2033746242523193,,,,
24296,24296,3.230879783630371,,,,
24297,24297,3.2081704139709473,,,,
24298,24298,3.2056589126586914,,,,
24299,24299,,3.215575695037842,,,
24299,24299,3.215575695037842,,,,
24300,24300,3.2167599201202393,,,,
24301,24301,3.2052454948425293,,,,
24302,24302,3.203986406326294,,,,
24303,24303,3.205925941467285,,,,
24304,24304,3.2232134342193604,,,,
24305,24305,3.208669424057007,,,,
24306,24306,3.2037220001220703,,,,
24307,24307,3.2269372940063477,,,,
24308,24308,3.223672389984131,,,,
24309,24309,,3.2013583183288574,,,
24309,24309,3.2013583183288574,,,,
24310,24310,3.2057366371154785,,,,
24311,24311,3.2229461669921875,,,,
24312,24312,3.206148386001587,,,,
24313,24313,3.2086691856384277,,,,
24314,24314,3.2260618209838867,,,,
24315,24315,3.2098257541656494,,,,
24316,24316,3.219216823577881,,,,
24317,24317,3.2139549255371094,,,,
24318,24318,3.206664562225342,,,,
24319,24319,,3.214581251144409,,,
24319,24319,3.214581251144409,,,,
24320,24320,3.2169978618621826,,,,
24321,24321,3.2053382396698,,,,
24322,24322,3.215027332305908,,,,
24323,24323,3.2143731117248535,,,,
24324,24324,3.211998462677002,,,,
24325,24325,3.1999332904815674,,,,
24326,24326,3.2125661373138428,,,,
24327,24327,3.212977409362793,,,,
24328,24328,3.206286907196045,,,,
24329,24329,,3.206465721130371,,,
24329,24329,3.206465721130371,,,,
24330,24330,3.2145297527313232,,,,
24331,24331,3.204306125640869,,,,
24332,24332,3.204590320587158,,,,
24333,24333,3.207301616668701,,,,
24334,24334,3.2065913677215576,,,,
24335,24335,3.205920696258545,,,,
24336,24336,3.208562135696411,,,,
24337,24337,3.20988392829895,,,,
24338,24338,3.21319317817688,,,,
24339,24339,,3.205784559249878,,,
24339,24339,3.205784559249878,,,,
24340,24340,3.2067108154296875,,,,
24341,24341,3.214780569076538,,,,
24342,24342,3.21083664894104,,,,
24343,24343,3.2038118839263916,,,,
24344,24344,3.2074642181396484,,,,
24345,24345,3.2064168453216553,,,,
24346,24346,3.2066707611083984,,,,
24347,24347,3.2052085399627686,,,,
24348,24348,3.2033746242523193,,,,
24349,24349,,3.204307794570923,,,
24349,24349,3.204307794570923,,,,
24350,24350,3.2073161602020264,,,,
24351,24351,3.2042975425720215,,,,
24352,24352,3.1982650756835938,,,,
24353,24353,3.1971030235290527,,,,
24354,24354,3.2015113830566406,,,,
24355,24355,3.206202983856201,,,,
24356,24356,3.2016987800598145,,,,
24357,24357,3.2010676860809326,,,,
24358,24358,3.2079029083251953,,,,
24359,24359,,3.204604148864746,,,
24359,24359,3.204604148864746,,,,
24360,24360,3.2034878730773926,,,,
24361,24361,3.2056334018707275,,,,
24362,24362,3.2033536434173584,,,,
24363,24363,3.2005133628845215,,,,
24364,24364,3.205595016479492,,,,
24365,24365,3.1989800930023193,,,,
24366,24366,3.201171875,,,,
24367,24367,3.2017927169799805,,,,
24368,24368,3.1992716789245605,,,,
24369,24369,,3.2070887088775635,,,
24369,24369,3.2070887088775635,,,,
24370,24370,3.194356918334961,,,,
24371,24371,3.190070390701294,,,,
24372,24372,3.206315279006958,,,,
24373,24373,3.19047474861145,,,,
24374,24374,3.1918439865112305,,,,
24375,24375,3.204655408859253,,,,
24376,24376,3.20285701751709,,,,
24377,24377,3.192058801651001,,,,
24378,24378,3.2011637687683105,,,,
24379,24379,,3.19883131980896,,,
24379,24379,3.19883131980896,,,,
24380,24380,3.1965556144714355,,,,
24381,24381,3.190239906311035,,,,
24382,24382,3.2047553062438965,,,,
24383,24383,3.1932663917541504,,,,
24384,24384,3.1883344650268555,,,,
24385,24385,3.1934010982513428,,,,
24386,24386,3.2116591930389404,,,,
24387,24387,3.1996891498565674,,,,
24388,24388,3.184659481048584,,,,
24389,24389,,3.1856775283813477,,,
24389,24389,3.1856775283813477,,,,
24390,24390,3.191622495651245,,,,
24391,24391,3.187847137451172,,,,
24392,24392,3.187218427658081,,,,
24393,24393,3.1914539337158203,,,,
24394,24394,3.1869466304779053,,,,
24395,24395,3.1824264526367188,,,,
24396,24396,3.186793327331543,,,,
24397,24397,3.180678367614746,,,,
24398,24398,3.182276487350464,,,,
24399,24399,,3.182591199874878,,,
24399,24399,3.182591199874878,,,,
24400,24400,3.1786859035491943,,,,
24401,24401,3.1794521808624268,,,,
24402,24402,3.1678779125213623,,,,
24403,24403,3.1817407608032227,,,,
24404,24404,3.1931018829345703,,,,
24405,24405,3.1729936599731445,,,,
24406,24406,3.1749746799468994,,,,
24407,24407,3.161616086959839,,,,
24408,24408,3.159778118133545,,,,
24409,24409,,3.160398006439209,,,
24409,24409,3.160398006439209,,,,
24410,24410,3.1597282886505127,,,,
24411,24411,3.1558070182800293,,,,
24412,24412,3.1613388061523438,,,,
24413,24413,3.1717419624328613,,,,
24414,24414,3.176995038986206,,,,
24415,24415,3.1612069606781006,,,,
24416,24416,3.152280807495117,,,,
24417,24417,3.1565332412719727,,,,
24418,24418,3.158402442932129,,,,
24419,24419,,3.1632134914398193,,,
24419,24419,3.1632134914398193,,,,
24420,24420,3.1718502044677734,,,,
24421,24421,3.176940441131592,,,,
24422,24422,3.1593739986419678,,,,
24423,24423,3.1696672439575195,,,,
24424,24424,3.162888526916504,,,,
24425,24425,3.1650121212005615,,,,
24426,24426,3.1720573902130127,,,,
24427,24427,3.189500331878662,,,,
24428,24428,3.1747186183929443,,,,
24429,24429,,3.1703200340270996,,,
24429,24429,3.1703200340270996,,,,
24430,24430,3.166316509246826,,,,
24431,24431,3.169459819793701,,,,
24432,24432,3.1749749183654785,,,,
24433,24433,3.194070339202881,,,,
24434,24434,3.1796441078186035,,,,
24435,24435,3.173464775085449,,,,
24436,24436,3.166478395462036,,,,
24437,24437,3.166806936264038,,,,
24438,24438,3.155729293823242,,,,
24439,24439,,3.160710334777832,,,
24439,24439,3.160710334777832,,,,
24440,24440,3.1655561923980713,,,,
24441,24441,3.1605732440948486,,,,
24442,24442,3.1563422679901123,,,,
24443,24443,3.162824869155884,,,,
24444,24444,3.161698818206787,,,,
24445,24445,3.1638333797454834,,,,
24446,24446,3.1620473861694336,,,,
24447,24447,3.166309356689453,,,,
24448,24448,3.1590116024017334,,,,
24449,24449,,3.1621756553649902,,,
24449,24449,3.1621756553649902,,,,
24450,24450,3.161101818084717,,,,
24451,24451,3.1644115447998047,,,,
24452,24452,3.16157603263855,,,,
24453,24453,3.1635677814483643,,,,
24454,24454,3.1659951210021973,,,,
24455,24455,3.1712493896484375,,,,
24456,24456,3.161764144897461,,,,
24457,24457,3.166978597640991,,,,
24458,24458,3.170693874359131,,,,
24459,24459,,3.168809175491333,,,
24459,24459,3.168809175491333,,,,
24460,24460,3.1683027744293213,,,,
24461,24461,3.1687164306640625,,,,
24462,24462,3.1733107566833496,,,,
24463,24463,3.1719813346862793,,,,
24464,24464,3.163900852203369,,,,
24465,24465,3.1628143787384033,,,,
24466,24466,3.16308331489563,,,,
24467,24467,3.163700580596924,,,,
24468,24468,3.1662862300872803,,,,
24469,24469,,3.1651268005371094,,,
24469,24469,3.1651268005371094,,,,
24470,24470,3.167806386947632,,,,
24471,24471,3.1655173301696777,,,,
24472,24472,3.1654582023620605,,,,
24473,24473,3.1629209518432617,,,,
24474,24474,3.162090301513672,,,,
24475,24475,3.1666691303253174,,,,
24476,24476,3.1626577377319336,,,,
24477,24477,3.160784959793091,,,,
24478,24478,3.1669929027557373,,,,
24479,24479,,3.1593563556671143,,,
24479,24479,3.1593563556671143,,,,
24480,24480,3.162365674972534,,,,
24481,24481,3.160379648208618,,,,
24482,24482,3.173363208770752,,,,
24483,24483,3.156996488571167,,,,
24484,24484,3.1570119857788086,,,,
24485,24485,3.176253318786621,,,,
24486,24486,3.155208110809326,,,,
24487,24487,3.1574132442474365,,,,
24488,24488,3.1765897274017334,,,,
24489,24489,,3.1577601432800293,,,
24489,24489,3.1577601432800293,,,,
24490,24490,3.1532840728759766,,,,
24491,24491,3.1543309688568115,,,,
24492,24492,3.1676414012908936,,,,
24493,24493,3.154956340789795,,,,
24494,24494,3.155672311782837,,,,
24495,24495,3.153585910797119,,,,
24496,24496,3.1537458896636963,,,,
24497,24497,3.1562767028808594,,,,
24498,24498,3.1900508403778076,,,,
24499,24499,,3.1519103050231934,,,
24499,24499,,,0.18879489600658417,218.00772094726562,182.86378479003906
24499,24499,3.1519103050231934,,,,
24500,24500,3.1563169956207275,,,,
24501,24501,3.1897647380828857,,,,
24502,24502,3.1558127403259277,,,,
24503,24503,3.1544454097747803,,,,
24504,24504,3.1893463134765625,,,,
24505,24505,3.1575613021850586,,,,
24506,24506,3.1514155864715576,,,,
24507,24507,3.192659378051758,,,,
24508,24508,3.1751065254211426,,,,
24509,24509,,3.159132480621338,,,
24509,24509,3.159132480621338,,,,
24510,24510,3.188486337661743,,,,
24511,24511,3.1808886528015137,,,,
24512,24512,3.1799228191375732,,,,
24513,24513,3.1686315536499023,,,,
24514,24514,3.167267322540283,,,,
24515,24515,3.184687376022339,,,,
24516,24516,3.1493213176727295,,,,
24517,24517,3.158966541290283,,,,
24518,24518,3.1641132831573486,,,,
24519,24519,,3.1457667350769043,,,
24519,24519,3.1457667350769043,,,,
24520,24520,3.173621892929077,,,,
24521,24521,3.1442670822143555,,,,
24522,24522,3.1610896587371826,,,,
24523,24523,3.160492420196533,,,,
24524,24524,3.1416289806365967,,,,
24525,24525,3.139850378036499,,,,
24526,24526,3.1585114002227783,,,,
24527,24527,3.1369597911834717,,,,
24528,24528,3.155165195465088,,,,
24529,24529,,3.1571011543273926,,,
24529,24529,3.1571011543273926,,,,
24530,24530,3.1605989933013916,,,,
24531,24531,3.160247564315796,,,,
24532,24532,3.157636880874634,,,,
24533,24533,3.1585960388183594,,,,
24534,24534,3.160463333129883,,,,
24535,24535,3.1599977016448975,,,,
24536,24536,3.157170057296753,,,,
24537,24537,3.1568915843963623,,,,
24538,24538,3.1610186100006104,,,,
24539,24539,,3.166938543319702,,,
24539,24539,3.166938543319702,,,,
24540,24540,3.1446197032928467,,,,
24541,24541,3.1676018238067627,,,,
24542,24542,3.156771659851074,,,,
24543,24543,3.1608152389526367,,,,
24544,24544,3.17343807220459,,,,
24545,24545,3.1459577083587646,,,,
24546,24546,3.148952007293701,,,,
24547,24547,3.163815498352051,,,,
24548,24548,3.1444296836853027,,,,
24549,24549,,3.1464133262634277,,,
24549,24549,3.1464133262634277,,,,
24550,24550,3.1663501262664795,,,,
24551,24551,3.1502273082733154,,,,
24552,24552,3.1605021953582764,,,,
24553,24553,3.158799409866333,,,,
24554,24554,3.144505739212036,,,,
24555,24555,3.16239857673645,,,,
24556,24556,3.154892683029175,,,,
24557,24557,3.1443610191345215,,,,
24558,24558,3.1742568016052246,,,,
24559,24559,,3.160813093185425,,,
24559,24559,3.160813093185425,,,,
24560,24560,3.1576786041259766,,,,
24561,24561,3.165679454803467,,,,
24562,24562,3.1620564460754395,,,,
24563,24563,3.1560606956481934,,,,
24564,24564,3.1703922748565674,,,,
24565,24565,3.157660484313965,,,,
24566,24566,3.1595306396484375,,,,
24567,24567,3.169149875640869,,,,
24568,24568,3.1536035537719727,,,,
24569,24569,,3.1608095169067383,,,
24569,24569,3.1608095169067383,,,,
24570,24570,3.167665958404541,,,,
24571,24571,3.155604600906372,,,,
24572,24572,3.1569697856903076,,,,
24573,24573,3.1606857776641846,,,,
24574,24574,3.1588101387023926,,,,
24575,24575,3.1579842567443848,,,,
24576,24576,3.1524875164031982,,,,
24577,24577,3.159025192260742,,,,
24578,24578,3.1501855850219727,,,,
24579,24579,,3.1567721366882324,,,
24579,24579,3.1567721366882324,,,,
24580,24580,3.1557939052581787,,,,
24581,24581,3.14760684967041,,,,
24582,24582,3.157043218612671,,,,
24583,24583,3.1507697105407715,,,,
24584,24584,3.1519510746002197,,,,
24585,24585,3.155797243118286,,,,
24586,24586,3.1512413024902344,,,,
24587,24587,3.1512398719787598,,,,
24588,24588,3.152419090270996,,,,
24589,24589,,3.151472806930542,,,
24589,24589,3.151472806930542,,,,
24590,24590,3.1601712703704834,,,,
24591,24591,3.157832622528076,,,,
24592,24592,3.1479337215423584,,,,
24593,24593,3.1497180461883545,,,,
24594,24594,3.1550636291503906,,,,
24595,24595,3.1521830558776855,,,,
24596,24596,3.145275592803955,,,,
24597,24597,3.151994228363037,,,,
24598,24598,3.1523776054382324,,,,
24599,24599,,3.1448962688446045,,,
24599,24599,3.1448962688446045,,,,
24600,24600,3.1528244018554688,,,,
24601,24601,3.1505587100982666,,,,
24602,24602,3.1482324600219727,,,,
24603,24603,3.1503140926361084,,,,
24604,24604,3.1484463214874268,,,,
24605,24605,3.143399953842163,,,,
24606,24606,3.1508591175079346,,,,
24607,24607,3.158867359161377,,,,
24608,24608,3.1405153274536133,,,,
24609,24609,,3.1553304195404053,,,
24609,24609,3.1553304195404053,,,,
24610,24610,3.198651075363159,,,,
24611,24611,3.1929309368133545,,,,
24612,24612,3.165571451187134,,,,
24613,24613,3.14927339553833,,,,
24614,24614,3.1728577613830566,,,,
24615,24615,3.1989755630493164,,,,
24616,24616,3.1945505142211914,,,,
24617,24617,3.1594631671905518,,,,
24618,24618,3.1592159271240234,,,,
24619,24619,,3.17899227142334,,,
24619,24619,3.17899227142334,,,,
24620,24620,3.1892881393432617,,,,
24621,24621,3.181069850921631,,,,
24622,24622,3.1683614253997803,,,,
24623,24623,3.1638238430023193,,,,
24624,24624,3.1687755584716797,,,,
24625,24625,3.1979150772094727,,,,
24626,24626,3.181839942932129,,,,
24627,24627,3.1868457794189453,,,,
24628,24628,3.1485841274261475,,,,
24629,24629,,3.1501259803771973,,,
24629,24629,3.1501259803771973,,,,
24630,24630,3.1515352725982666,,,,
24631,24631,3.141155481338501,,,,
24632,24632,3.150911331176758,,,,
24633,24633,3.152513265609741,,,,
24634,24634,3.1373040676116943,,,,
24635,24635,3.159569501876831,,,,
24636,24636,3.146557569503784,,,,
24637,24637,3.1526262760162354,,,,
24638,24638,3.1516568660736084,,,,
24639,24639,,3.148684501647949,,,
24639,24639,3.148684501647949,,,,
24640,24640,3.1728596687316895,,,,
24641,24641,3.2004764080047607,,,,
24642,24642,3.2147836685180664,,,,
24643,24643,3.164764642715454,,,,
24644,24644,3.137322187423706,,,,
24645,24645,3.174908399581909,,,,
24646,24646,3.2409160137176514,,,,
24647,24647,3.2517340183258057,,,,
24648,24648,3.1485438346862793,,,,
24649,24649,,3.146735429763794,,,
24649,24649,3.146735429763794,,,,
24650,24650,3.220226526260376,,,,
24651,24651,3.2473528385162354,,,,
24652,24652,3.1862118244171143,,,,
24653,24653,3.138350009918213,,,,
24654,24654,3.1455490589141846,,,,
24655,24655,3.196957588195801,,,,
24656,24656,3.217250108718872,,,,
24657,24657,3.1687772274017334,,,,
24658,24658,3.1356940269470215,,,,
24659,24659,,3.133713722229004,,,
24659,24659,3.133713722229004,,,,
24660,24660,3.152609348297119,,,,
24661,24661,3.1831583976745605,,,,
24662,24662,3.2215869426727295,,,,
24663,24663,3.1783018112182617,,,,
24664,24664,3.152768850326538,,,,
24665,24665,3.1455070972442627,,,,
24666,24666,3.1482717990875244,,,,
24667,24667,3.1590325832366943,,,,
24668,24668,3.194479465484619,,,,
24669,24669,,3.1797523498535156,,,
24669,24669,3.1797523498535156,,,,
24670,24670,3.188161611557007,,,,
24671,24671,3.162093162536621,,,,
24672,24672,3.1738080978393555,,,,
24673,24673,3.159278631210327,,,,
24674,24674,3.1907267570495605,,,,
24675,24675,3.174501657485962,,,,
24676,24676,3.1934666633605957,,,,
24677,24677,3.1672582626342773,,,,
24678,24678,3.189000368118286,,,,
24679,24679,,3.164937973022461,,,
24679,24679,3.164937973022461,,,,
24680,24680,3.1875667572021484,,,,
24681,24681,3.152146816253662,,,,
24682,24682,3.1575846672058105,,,,
24683,24683,3.1495721340179443,,,,
24684,24684,3.1787538528442383,,,,
24685,24685,3.173027276992798,,,,
24686,24686,3.177454948425293,,,,
24687,24687,3.1504287719726562,,,,
24688,24688,3.155843734741211,,,,
24689,24689,,3.1488537788391113,,,
24689,24689,3.1488537788391113,,,,
24690,24690,3.174342155456543,,,,
24691,24691,3.1474287509918213,,,,
24692,24692,3.151519536972046,,,,
24693,24693,3.149961233139038,,,,
24694,24694,3.1733553409576416,,,,
24695,24695,3.153672456741333,,,,
24696,24696,3.164160966873169,,,,
24697,24697,3.147432804107666,,,,
24698,24698,3.1763758659362793,,,,
24699,24699,,3.158676862716675,,,
24699,24699,3.158676862716675,,,,
24700,24700,3.1725072860717773,,,,
24701,24701,3.1470072269439697,,,,
24702,24702,3.165780544281006,,,,
24703,24703,3.1570332050323486,,,,
24704,24704,3.1775381565093994,,,,
24705,24705,3.154958486557007,,,,
24706,24706,3.1654953956604004,,,,
24707,24707,3.150890827178955,,,,
24708,24708,3.1832878589630127,,,,
24709,24709,,3.160123825073242,,,
24709,24709,3.160123825073242,,,,
24710,24710,3.1703853607177734,,,,
24711,24711,3.149156332015991,,,,
24712,24712,3.1515355110168457,,,,
24713,24713,3.1500539779663086,,,,
24714,24714,3.1658265590667725,,,,
24715,24715,3.1506941318511963,,,,
24716,24716,3.151191473007202,,,,
24717,24717,3.1491446495056152,,,,
24718,24718,3.177968978881836,,,,
24719,24719,,3.161590337753296,,,
24719,24719,3.161590337753296,,,,
24720,24720,3.1795811653137207,,,,
24721,24721,3.1556856632232666,,,,
24722,24722,3.1589763164520264,,,,
24723,24723,3.148930788040161,,,,
24724,24724,3.1625733375549316,,,,
24725,24725,3.155673027038574,,,,
24726,24726,3.1689093112945557,,,,
24727,24727,3.147793769836426,,,,
24728,24728,3.1553151607513428,,,,
24729,24729,,3.1493139266967773,,,
24729,24729,3.1493139266967773,,,,
24730,24730,3.176196336746216,,,,
24731,24731,3.1606829166412354,,,,
24732,24732,3.205700159072876,,,,
24733,24733,3.16438364982605,,,,
24734,24734,3.1786623001098633,,,,
24735,24735,3.164483070373535,,,,
24736,24736,3.1862103939056396,,,,
24737,24737,3.1673386096954346,,,,
24738,24738,3.1837844848632812,,,,
24739,24739,,3.140136957168579,,,
24739,24739,3.140136957168579,,,,
24740,24740,3.1178407669067383,,,,
24741,24741,3.116607904434204,,,,
24742,24742,3.134228229522705,,,,
24743,24743,3.194429874420166,,,,
24744,24744,3.1782028675079346,,,,
24745,24745,3.1999337673187256,,,,
24746,24746,3.1509790420532227,,,,
24747,24747,3.135988712310791,,,,
24748,24748,3.1229724884033203,,,,
24749,24749,,3.1311135292053223,,,
24749,24749,3.1311135292053223,,,,
24750,24750,3.1350488662719727,,,,
24751,24751,3.172339916229248,,,,
24752,24752,3.1433048248291016,,,,
24753,24753,3.1516318321228027,,,,
24754,24754,3.1349337100982666,,,,
24755,24755,3.172114849090576,,,,
24756,24756,3.138587474822998,,,,
24757,24757,3.1383719444274902,,,,
24758,24758,3.1141791343688965,,,,
24759,24759,,3.1165246963500977,,,
24759,24759,3.1165246963500977,,,,
24760,24760,3.1635680198669434,,,,
24761,24761,3.165046453475952,,,,
24762,24762,3.197861671447754,,,,
24763,24763,3.134376287460327,,,,
24764,24764,3.1163618564605713,,,,
24765,24765,3.1186623573303223,,,,
24766,24766,3.130688190460205,,,,
24767,24767,3.180053949356079,,,,
24768,24768,3.1516685485839844,,,,
24769,24769,,3.148345470428467,,,
24769,24769,3.148345470428467,,,,
24770,24770,3.1288199424743652,,,,
24771,24771,3.113896369934082,,,,
24772,24772,3.114220380783081,,,,
24773,24773,3.118856191635132,,,,
24774,24774,3.1199452877044678,,,,
24775,24775,3.117347478866577,,,,
24776,24776,3.112849712371826,,,,
24777,24777,3.1023664474487305,,,,
24778,24778,3.1267318725585938,,,,
24779,24779,,3.118638277053833,,,
24779,24779,3.118638277053833,,,,
24780,24780,3.1329538822174072,,,,
24781,24781,3.1177561283111572,,,,
24782,24782,3.1154708862304688,,,,
24783,24783,3.1113669872283936,,,,
24784,24784,3.1182215213775635,,,,
24785,24785,3.128484010696411,,,,
24786,24786,3.1343743801116943,,,,
24787,24787,3.114464282989502,,,,
24788,24788,3.1112074851989746,,,,
24789,24789,,3.1042463779449463,,,
24789,24789,3.1042463779449463,,,,
24790,24790,3.1071996688842773,,,,
24791,24791,3.1116881370544434,,,,
24792,24792,3.1088130474090576,,,,
24793,24793,3.120483875274658,,,,
24794,24794,3.1317222118377686,,,,
24795,24795,3.1403565406799316,,,,
24796,24796,3.115712881088257,,,,
24797,24797,3.1145877838134766,,,,
24798,24798,3.136723041534424,,,,
24799,24799,,3.1353464126586914,,,
24799,24799,3.1353464126586914,,,,
24800,24800,3.124187707901001,,,,
24801,24801,3.108062744140625,,,,
24802,24802,3.106245279312134,,,,
24803,24803,3.1112287044525146,,,,
24804,24804,3.118475914001465,,,,
24805,24805,3.1095046997070312,,,,
24806,24806,3.1130049228668213,,,,
24807,24807,3.111091375350952,,,,
24808,24808,3.114983558654785,,,,
24809,24809,,3.1074271202087402,,,
24809,24809,3.1074271202087402,,,,
24810,24810,3.1000397205352783,,,,
24811,24811,3.098329782485962,,,,
24812,24812,3.1124110221862793,,,,
24813,24813,3.102975368499756,,,,
24814,24814,3.0989222526550293,,,,
24815,24815,3.1061630249023438,,,,
24816,24816,3.1131298542022705,,,,
24817,24817,3.105306625366211,,,,
24818,24818,3.0985145568847656,,,,
24819,24819,,3.1202402114868164,,,
24819,24819,3.1202402114868164,,,,
24820,24820,3.140137195587158,,,,
24821,24821,3.0981881618499756,,,,
24822,24822,3.1089282035827637,,,,
24823,24823,3.140972137451172,,,,
24824,24824,3.1103262901306152,,,,
24825,24825,3.1104612350463867,,,,
24826,24826,3.1234042644500732,,,,
24827,24827,3.1013524532318115,,,,
24828,24828,3.0972673892974854,,,,
24829,24829,,3.105116128921509,,,
24829,24829,3.105116128921509,,,,
24830,24830,3.088636636734009,,,,
24831,24831,3.0924453735351562,,,,
24832,24832,3.09690523147583,,,,
24833,24833,3.089650869369507,,,,
24834,24834,3.0882937908172607,,,,
24835,24835,3.088191509246826,,,,
24836,24836,3.090402364730835,,,,
24837,24837,3.08601713180542,,,,
24838,24838,3.0913000106811523,,,,
24839,24839,,3.094045639038086,,,
24839,24839,3.094045639038086,,,,
24840,24840,3.0856449604034424,,,,
24841,24841,3.0909740924835205,,,,
24842,24842,3.0843093395233154,,,,
24843,24843,3.0862529277801514,,,,
24844,24844,3.0886261463165283,,,,
24845,24845,3.0855283737182617,,,,
24846,24846,3.0887320041656494,,,,
24847,24847,3.090223550796509,,,,
24848,24848,3.0917773246765137,,,,
24849,24849,,3.0851006507873535,,,
24849,24849,3.0851006507873535,,,,
24850,24850,3.0838613510131836,,,,
24851,24851,3.0812768936157227,,,,
24852,24852,3.0811357498168945,,,,
24853,24853,3.075132369995117,,,,
24854,24854,3.080434560775757,,,,
24855,24855,3.08725643157959,,,,
24856,24856,3.0832784175872803,,,,
24857,24857,3.082166910171509,,,,
24858,24858,3.092442750930786,,,,
24859,24859,,3.085498094558716,,,
24859,24859,3.085498094558716,,,,
24860,24860,3.079707622528076,,,,
24861,24861,3.090893268585205,,,,
24862,24862,3.0770487785339355,,,,
24863,24863,3.077871799468994,,,,
24864,24864,3.094681739807129,,,,
24865,24865,3.078371524810791,,,,
24866,24866,3.075808048248291,,,,
24867,24867,3.0824995040893555,,,,
24868,24868,3.0754568576812744,,,,
24869,24869,,3.0735883712768555,,,
24869,24869,3.0735883712768555,,,,
24870,24870,3.0811116695404053,,,,
24871,24871,3.078094244003296,,,,
24872,24872,3.075448751449585,,,,
24873,24873,3.079498767852783,,,,
24874,24874,3.078824043273926,,,,
24875,24875,3.077730178833008,,,,
24876,24876,3.0782759189605713,,,,
24877,24877,3.0821402072906494,,,,
24878,24878,3.075258493423462,,,,
24879,24879,,3.0697648525238037,,,
24879,24879,3.0697648525238037,,,,
24880,24880,3.075688123703003,,,,
24881,24881,3.0773673057556152,,,,
24882,24882,3.069695234298706,,,,
24883,24883,3.0673999786376953,,,,
24884,24884,3.0788021087646484,,,,
24885,24885,3.069418430328369,,,,
24886,24886,3.0739808082580566,,,,
24887,24887,3.079798936843872,,,,
24888,24888,3.073118209838867,,,,
24889,24889,,3.072638511657715,,,
24889,24889,3.072638511657715,,,,
24890,24890,3.073988914489746,,,,
24891,24891,3.0720229148864746,,,,
24892,24892,3.070303440093994,,,,
24893,24893,3.0890824794769287,,,,
24894,24894,3.0820891857147217,,,,
24895,24895,3.0752267837524414,,,,
24896,24896,3.0820960998535156,,,,
24897,24897,3.0843405723571777,,,,
24898,24898,3.0823984146118164,,,,
24899,24899,,3.0799548625946045,,,
24899,24899,3.0799548625946045,,,,
24900,24900,3.0813167095184326,,,,
24901,24901,3.0807318687438965,,,,
24902,24902,3.0715110301971436,,,,
24903,24903,3.0800437927246094,,,,
24904,24904,3.0749802589416504,,,,
24905,24905,3.062363386154175,,,,
24906,24906,3.0687670707702637,,,,
24907,24907,3.0797762870788574,,,,
24908,24908,3.064026355743408,,,,
24909,24909,,3.062039613723755,,,
24909,24909,3.062039613723755,,,,
24910,24910,3.07568359375,,,,
24911,24911,3.0797886848449707,,,,
24912,24912,3.069960355758667,,,,
24913,24913,3.062246561050415,,,,
24914,24914,3.064263343811035,,,,
24915,24915,3.0690724849700928,,,,
24916,24916,3.0665993690490723,,,,
24917,24917,3.0732128620147705,,,,
24918,24918,3.065068483352661,,,,
24919,24919,,3.067810535430908,,,
24919,24919,3.067810535430908,,,,
24920,24920,3.064253568649292,,,,
24921,24921,3.0596563816070557,,,,
24922,24922,3.066699743270874,,,,
24923,24923,3.0660958290100098,,,,
24924,24924,3.068422555923462,,,,
24925,24925,3.0611732006073,,,,
24926,24926,3.0656940937042236,,,,
24927,24927,3.072984457015991,,,,
24928,24928,3.058558464050293,,,,
24929,24929,,3.062244415283203,,,
24929,24929,3.062244415283203,,,,
24930,24930,3.0576722621917725,,,,
24931,24931,3.0720810890197754,,,,
24932,24932,3.0616345405578613,,,,
24933,24933,3.0538768768310547,,,,
24934,24934,3.070678234100342,,,,
24935,24935,3.0516273975372314,,,,
24936,24936,3.0608983039855957,,,,
24937,24937,3.058486223220825,,,,
24938,24938,3.060159921646118,,,,
24939,24939,,3.0620384216308594,,,
24939,24939,3.0620384216308594,,,,
24940,24940,3.0523736476898193,,,,
24941,24941,3.0553102493286133,,,,
24942,24942,3.0566771030426025,,,,
24943,24943,3.056422710418701,,,,
24944,24944,3.0497660636901855,,,,
24945,24945,3.044368267059326,,,,
24946,24946,3.047213554382324,,,,
24947,24947,3.045689582824707,,,,
24948,24948,3.0485105514526367,,,,
24949,24949,,3.0452358722686768,,,
24949,24949,3.0452358722686768,,,,
24950,24950,3.0535788536071777,,,,
24951,24951,3.0498077869415283,,,,
24952,24952,3.0464541912078857,,,,
24953,24953,3.050250768661499,,,,
24954,24954,3.0495526790618896,,,,
24955,24955,3.0478992462158203,,,,
24956,24956,3.0456137657165527,,,,
24957,24957,3.045457601547241,,,,
24958,24958,3.0451109409332275,,,,
24959,24959,,3.041232109069824,,,
24959,24959,3.041232109069824,,,,
24960,24960,3.0459959506988525,,,,
24961,24961,3.041712999343872,,,,
24962,24962,3.052776575088501,,,,
24963,24963,3.0594356060028076,,,,
24964,24964,3.047374725341797,,,,
24965,24965,3.0465476512908936,,,,
24966,24966,3.053572177886963,,,,
24967,24967,3.0472004413604736,,,,
24968,24968,3.0458827018737793,,,,
24969,24969,,3.0473291873931885,,,
24969,24969,3.0473291873931885,,,,
24970,24970,3.041175365447998,,,,
24971,24971,3.0480260848999023,,,,
24972,24972,3.0507826805114746,,,,
24973,24973,3.0463850498199463,,,,
24974,24974,3.0477001667022705,,,,
24975,24975,3.0444414615631104,,,,
24976,24976,3.0475471019744873,,,,
24977,24977,3.0452611446380615,,,,
24978,24978,3.0470852851867676,,,,
24979,24979,,3.0486676692962646,,,
24979,24979,3.0486676692962646,,,,
24980,24980,3.045984983444214,,,,
24981,24981,3.043867349624634,,,,
24982,24982,3.0458717346191406,,,,
24983,24983,3.0414316654205322,,,,
24984,24984,3.0428731441497803,,,,
24985,24985,3.041760206222534,,,,
24986,24986,3.0435421466827393,,,,
24987,24987,3.0429296493530273,,,,
24988,24988,3.041714906692505,,,,
24989,24989,,3.047349691390991,,,
24989,24989,3.047349691390991,,,,
24990,24990,3.0416014194488525,,,,
24991,24991,3.043503999710083,,,,
24992,24992,3.0399651527404785,,,,
24993,24993,3.0407962799072266,,,,
24994,24994,3.0422191619873047,,,,
24995,24995,3.041985273361206,,,,
24996,24996,3.0366032123565674,,,,
24997,24997,3.0446972846984863,,,,
24998,24998,3.0417611598968506,,,,
24999,24999,,3.040256977081299,,,
24999,24999,,,0.18578745424747467,211.11744689941406,182.86378479003906
24999,24999,3.040256977081299,,,,
25000,25000,3.045295476913452,,,,
25001,25001,3.0389811992645264,,,,
25002,25002,3.0355653762817383,,,,
25003,25003,3.0355775356292725,,,,
25004,25004,3.0323688983917236,,,,
25005,25005,3.0361320972442627,,,,
25006,25006,3.0384767055511475,,,,
25007,25007,3.0466220378875732,,,,
25008,25008,3.0348119735717773,,,,
25009,25009,,3.0379714965820312,,,
25009,25009,3.0379714965820312,,,,
25010,25010,3.034210205078125,,,,
25011,25011,3.04250431060791,,,,
25012,25012,3.062283754348755,,,,
25013,25013,3.0516562461853027,,,,
25014,25014,3.027139902114868,,,,
25015,25015,3.036233901977539,,,,
25016,25016,3.0394206047058105,,,,
25017,25017,3.026442050933838,,,,
25018,25018,3.032907724380493,,,,
25019,25019,,3.047504186630249,,,
25019,25019,3.047504186630249,,,,
25020,25020,3.0626919269561768,,,,
25021,25021,3.048917770385742,,,,
25022,25022,3.02622652053833,,,,
25023,25023,3.0221176147460938,,,,
25024,25024,3.042147159576416,,,,
25025,25025,3.0268750190734863,,,,
25026,25026,3.0271148681640625,,,,
25027,25027,3.0382468700408936,,,,
25028,25028,3.05165433883667,,,,
25029,25029,,3.040177822113037,,,
25029,25029,3.040177822113037,,,,
25030,25030,3.023416519165039,,,,
25031,25031,3.0250444412231445,,,,
25032,25032,3.0353803634643555,,,,
25033,25033,3.0101659297943115,,,,
25034,25034,3.017791509628296,,,,
25035,25035,3.0369009971618652,,,,
25036,25036,3.0172982215881348,,,,
25037,25037,3.0186476707458496,,,,
25038,25038,3.0290393829345703,,,,
25039,25039,,3.0175514221191406,,,
25039,25039,3.0175514221191406,,,,
25040,25040,3.0171642303466797,,,,
25041,25041,3.017033100128174,,,,
25042,25042,3.016645669937134,,,,
25043,25043,3.0127341747283936,,,,
25044,25044,3.0179154872894287,,,,
25045,25045,3.0209097862243652,,,,
25046,25046,3.0169105529785156,,,,
25047,25047,3.0194547176361084,,,,
25048,25048,3.0193920135498047,,,,
25049,25049,,3.0132594108581543,,,
25049,25049,3.0132594108581543,,,,
25050,25050,3.0199601650238037,,,,
25051,25051,3.0148725509643555,,,,
25052,25052,3.018582582473755,,,,
25053,25053,3.0232675075531006,,,,
25054,25054,3.0223257541656494,,,,
25055,25055,3.0295379161834717,,,,
25056,25056,3.0294551849365234,,,,
25057,25057,3.0227925777435303,,,,
25058,25058,3.0255088806152344,,,,
25059,25059,,3.024622917175293,,,
25059,25059,3.024622917175293,,,,
25060,25060,3.0247819423675537,,,,
25061,25061,3.0189168453216553,,,,
25062,25062,3.018941879272461,,,,
25063,25063,3.025397777557373,,,,
25064,25064,3.011399269104004,,,,
25065,25065,3.013432025909424,,,,
25066,25066,3.0210483074188232,,,,
25067,25067,3.0226638317108154,,,,
25068,25068,3.021111249923706,,,,
25069,25069,,3.023498773574829,,,
25069,25069,3.023498773574829,,,,
25070,25070,3.0201048851013184,,,,
25071,25071,3.016338586807251,,,,
25072,25072,3.021575927734375,,,,
25073,25073,3.0208754539489746,,,,
25074,25074,3.019785165786743,,,,
25075,25075,3.0336062908172607,,,,
25076,25076,3.01743483543396,,,,
25077,25077,3.0139544010162354,,,,
25078,25078,3.0183141231536865,,,,
25079,25079,,3.015667200088501,,,
25079,25079,3.015667200088501,,,,
25080,25080,3.035268545150757,,,,
25081,25081,3.012246608734131,,,,
25082,25082,3.021475315093994,,,,
25083,25083,3.035439968109131,,,,
25084,25084,3.0271244049072266,,,,
25085,25085,3.0230233669281006,,,,
25086,25086,3.0191502571105957,,,,
25087,25087,3.016903877258301,,,,
25088,25088,3.020293712615967,,,,
25089,25089,,3.0326972007751465,,,
25089,25089,3.0326972007751465,,,,
25090,25090,3.0780184268951416,,,,
25091,25091,3.0501863956451416,,,,
25092,25092,3.0226149559020996,,,,
25093,25093,3.0161924362182617,,,,
25094,25094,3.054227352142334,,,,
25095,25095,3.0865674018859863,,,,
25096,25096,3.0013701915740967,,,,
25097,25097,3.0089757442474365,,,,
25098,25098,3.0547497272491455,,,,
25099,25099,,3.0432605743408203,,,
25099,25099,3.0432605743408203,,,,
25100,25100,3.053492546081543,,,,
25101,25101,3.0006792545318604,,,,
25102,25102,3.015197277069092,,,,
25103,25103,3.0131945610046387,,,,
25104,25104,3.0164406299591064,,,,
25105,25105,3.0077731609344482,,,,
25106,25106,3.030721664428711,,,,
25107,25107,3.038571357727051,,,,
25108,25108,3.0950992107391357,,,,
25109,25109,,3.0593230724334717,,,
25109,25109,3.0593230724334717,,,,
25110,25110,3.0490221977233887,,,,
25111,25111,2.9968371391296387,,,,
25112,25112,3.013366460800171,,,,
25113,25113,3.0629730224609375,,,,
25114,25114,3.014352798461914,,,,
25115,25115,3.0097572803497314,,,,
25116,25116,3.0031535625457764,,,,
25117,25117,3.022275686264038,,,,
25118,25118,3.069950580596924,,,,
25119,25119,,3.076995372772217,,,
25119,25119,3.076995372772217,,,,
25120,25120,3.0729639530181885,,,,
25121,25121,3.0207178592681885,,,,
25122,25122,3.036013126373291,,,,
25123,25123,3.00870418548584,,,,
25124,25124,3.015470504760742,,,,
25125,25125,2.991565227508545,,,,
25126,25126,2.9946956634521484,,,,
25127,25127,3.028566360473633,,,,
25128,25128,3.0189712047576904,,,,
25129,25129,,3.047849416732788,,,
25129,25129,3.047849416732788,,,,
25130,25130,3.0180110931396484,,,,
25131,25131,3.0326011180877686,,,,
25132,25132,3.0123393535614014,,,,
25133,25133,3.0381479263305664,,,,
25134,25134,3.025144577026367,,,,
25135,25135,3.035689115524292,,,,
25136,25136,2.9912312030792236,,,,
25137,25137,3.011754035949707,,,,
25138,25138,2.984816551208496,,,,
25139,25139,,3.0087597370147705,,,
25139,25139,3.0087597370147705,,,,
25140,25140,2.9948949813842773,,,,
25141,25141,3.037282705307007,,,,
25142,25142,3.029106855392456,,,,
25143,25143,3.0601024627685547,,,,
25144,25144,3.031533718109131,,,,
25145,25145,3.036243438720703,,,,
25146,25146,3.001816987991333,,,,
25147,25147,3.018437147140503,,,,
25148,25148,3.0014607906341553,,,,
25149,25149,,3.0334842205047607,,,
25149,25149,3.0334842205047607,,,,
25150,25150,2.9974780082702637,,,,
25151,25151,3.015774965286255,,,,
25152,25152,3.003499746322632,,,,
25153,25153,3.041318893432617,,,,
25154,25154,3.005305528640747,,,,
25155,25155,3.0211005210876465,,,,
25156,25156,3.0110623836517334,,,,
25157,25157,3.0418739318847656,,,,
25158,25158,3.015610456466675,,,,
25159,25159,,3.015805959701538,,,
25159,25159,3.015805959701538,,,,
25160,25160,3.0017447471618652,,,,
25161,25161,3.026344060897827,,,,
25162,25162,3.0136284828186035,,,,
25163,25163,3.04241943359375,,,,
25164,25164,3.004577398300171,,,,
25165,25165,3.0123274326324463,,,,
25166,25166,3.001981258392334,,,,
25167,25167,3.014539957046509,,,,
25168,25168,3.002849817276001,,,,
25169,25169,,3.027700662612915,,,
25169,25169,3.027700662612915,,,,
25170,25170,2.9974758625030518,,,,
25171,25171,3.001918077468872,,,,
25172,25172,2.9963479042053223,,,,
25173,25173,2.9976305961608887,,,,
25174,25174,3.014803886413574,,,,
25175,25175,3.005950689315796,,,,
25176,25176,3.0158379077911377,,,,
25177,25177,3.004243850708008,,,,
25178,25178,2.995568037033081,,,,
25179,25179,,3.006826400756836,,,
25179,25179,3.006826400756836,,,,
25180,25180,3.0011789798736572,,,,
25181,25181,3.0115792751312256,,,,
25182,25182,2.981510877609253,,,,
25183,25183,2.9842607975006104,,,,
25184,25184,3.02392840385437,,,,
25185,25185,3.0040323734283447,,,,
25186,25186,2.992018938064575,,,,
25187,25187,3.013374090194702,,,,
25188,25188,3.015793800354004,,,,
25189,25189,,3.029956579208374,,,
25189,25189,3.029956579208374,,,,
25190,25190,2.9779751300811768,,,,
25191,25191,2.9898810386657715,,,,
25192,25192,3.017176628112793,,,,
25193,25193,2.989551544189453,,,,
25194,25194,2.9925315380096436,,,,
25195,25195,2.999215602874756,,,,
25196,25196,2.9907846450805664,,,,
25197,25197,3.0059337615966797,,,,
25198,25198,3.0049710273742676,,,,
25199,25199,,3.011718988418579,,,
25199,25199,3.011718988418579,,,,
25200,25200,2.983900308609009,,,,
25201,25201,2.9881911277770996,,,,
25202,25202,2.9889769554138184,,,,
25203,25203,2.9913856983184814,,,,
25204,25204,3.0101635456085205,,,,
25205,25205,2.993523597717285,,,,
25206,25206,2.988266944885254,,,,
25207,25207,2.986929416656494,,,,
25208,25208,2.990186929702759,,,,
25209,25209,,3.0144762992858887,,,
25209,25209,3.0144762992858887,,,,
25210,25210,3.0005812644958496,,,,
25211,25211,2.9862284660339355,,,,
25212,25212,2.9872617721557617,,,,
25213,25213,2.999507188796997,,,,
25214,25214,3.004255771636963,,,,
25215,25215,2.9879860877990723,,,,
25216,25216,2.985802412033081,,,,
25217,25217,2.9773662090301514,,,,
25218,25218,2.9839868545532227,,,,
25219,25219,,2.9847640991210938,,,
25219,25219,2.9847640991210938,,,,
25220,25220,2.9851016998291016,,,,
25221,25221,3.0033979415893555,,,,
25222,25222,2.9881036281585693,,,,
25223,25223,2.985900640487671,,,,
25224,25224,2.9768922328948975,,,,
25225,25225,2.973756790161133,,,,
25226,25226,2.9851906299591064,,,,
25227,25227,2.987020969390869,,,,
25228,25228,2.999289035797119,,,,
25229,25229,,2.9799437522888184,,,
25229,25229,2.9799437522888184,,,,
25230,25230,2.9807310104370117,,,,
25231,25231,2.97121524810791,,,,
25232,25232,2.9812259674072266,,,,
25233,25233,2.9751291275024414,,,,
25234,25234,2.980092763900757,,,,
25235,25235,2.973956823348999,,,,
25236,25236,2.9736945629119873,,,,
25237,25237,2.970012903213501,,,,
25238,25238,2.9780492782592773,,,,
25239,25239,,2.9834070205688477,,,
25239,25239,2.9834070205688477,,,,
25240,25240,2.9741623401641846,,,,
25241,25241,2.9785315990448,,,,
25242,25242,2.9666197299957275,,,,
25243,25243,2.967512845993042,,,,
25244,25244,2.969386577606201,,,,
25245,25245,2.9794905185699463,,,,
25246,25246,2.9703218936920166,,,,
25247,25247,2.9874560832977295,,,,
25248,25248,2.9723002910614014,,,,
25249,25249,,2.969907522201538,,,
25249,25249,2.969907522201538,,,,
25250,25250,2.9873244762420654,,,,
25251,25251,2.967282295227051,,,,
25252,25252,2.967799663543701,,,,
25253,25253,2.9846017360687256,,,,
25254,25254,2.9745657444000244,,,,
25255,25255,2.9671263694763184,,,,
25256,25256,2.9683961868286133,,,,
25257,25257,2.9859838485717773,,,,
25258,25258,3.0188217163085938,,,,
25259,25259,,3.005558490753174,,,
25259,25259,3.005558490753174,,,,
25260,25260,2.9699089527130127,,,,
25261,25261,3.0008010864257812,,,,
25262,25262,3.0107645988464355,,,,
25263,25263,3.0290064811706543,,,,
25264,25264,2.993260383605957,,,,
25265,25265,2.9648303985595703,,,,
25266,25266,2.9625601768493652,,,,
25267,25267,2.98686146736145,,,,
25268,25268,3.000894784927368,,,,
25269,25269,,2.97872257232666,,,
25269,25269,2.97872257232666,,,,
25270,25270,2.970355987548828,,,,
25271,25271,2.957174777984619,,,,
25272,25272,2.975311040878296,,,,
25273,25273,2.9800775051116943,,,,
25274,25274,2.9679713249206543,,,,
25275,25275,2.9712581634521484,,,,
25276,25276,2.9816083908081055,,,,
25277,25277,2.971383810043335,,,,
25278,25278,2.9539794921875,,,,
25279,25279,,2.9736931324005127,,,
25279,25279,2.9736931324005127,,,,
25280,25280,2.9742772579193115,,,,
25281,25281,2.961371898651123,,,,
25282,25282,2.9636826515197754,,,,
25283,25283,2.9653050899505615,,,,
25284,25284,2.9736127853393555,,,,
25285,25285,2.974355936050415,,,,
25286,25286,2.9626762866973877,,,,
25287,25287,2.9604926109313965,,,,
25288,25288,2.9691102504730225,,,,
25289,25289,,2.966794490814209,,,
25289,25289,2.966794490814209,,,,
25290,25290,2.9506988525390625,,,,
25291,25291,2.971459150314331,,,,
25292,25292,2.9703004360198975,,,,
25293,25293,2.949936628341675,,,,
25294,25294,2.9835357666015625,,,,
25295,25295,3.0179941654205322,,,,
25296,25296,2.986769676208496,,,,
25297,25297,2.9654183387756348,,,,
25298,25298,2.9661176204681396,,,,
25299,25299,,2.9799745082855225,,,
25299,25299,2.9799745082855225,,,,
25300,25300,2.9824283123016357,,,,
25301,25301,2.9629433155059814,,,,
25302,25302,2.9697582721710205,,,,
25303,25303,3.0483791828155518,,,,
25304,25304,2.99906325340271,,,,
25305,25305,2.9549551010131836,,,,
25306,25306,2.971508741378784,,,,
25307,25307,3.009760856628418,,,,
25308,25308,2.973236083984375,,,,
25309,25309,,2.9568662643432617,,,
25309,25309,2.9568662643432617,,,,
25310,25310,3.0015909671783447,,,,
25311,25311,3.045154333114624,,,,
25312,25312,2.976280689239502,,,,
25313,25313,2.9724879264831543,,,,
25314,25314,3.040174722671509,,,,
25315,25315,3.009799003601074,,,,
25316,25316,2.967468023300171,,,,
25317,25317,2.9652469158172607,,,,
25318,25318,2.990596294403076,,,,
25319,25319,,2.9692494869232178,,,
25319,25319,2.9692494869232178,,,,
25320,25320,2.9474194049835205,,,,
25321,25321,2.981832504272461,,,,
25322,25322,2.9807868003845215,,,,
25323,25323,2.9423367977142334,,,,
25324,25324,2.981227159500122,,,,
25325,25325,3.0023045539855957,,,,
25326,25326,2.944356918334961,,,,
25327,25327,2.9560041427612305,,,,
25328,25328,2.968761682510376,,,,
25329,25329,,2.941913604736328,,,
25329,25329,2.941913604736328,,,,
25330,25330,2.9489994049072266,,,,
25331,25331,2.9736595153808594,,,,
25332,25332,2.946406841278076,,,,
25333,25333,2.94508695602417,,,,
25334,25334,2.9699501991271973,,,,
25335,25335,2.945136785507202,,,,
25336,25336,2.941981554031372,,,,
25337,25337,2.984069585800171,,,,
25338,25338,2.9507503509521484,,,,
25339,25339,,2.93823504447937,,,
25339,25339,2.93823504447937,,,,
25340,25340,2.971876382827759,,,,
25341,25341,2.9469306468963623,,,,
25342,25342,2.9404704570770264,,,,
25343,25343,2.980928659439087,,,,
25344,25344,2.946852207183838,,,,
25345,25345,2.943183183670044,,,,
25346,25346,2.9782466888427734,,,,
25347,25347,2.946606397628784,,,,
25348,25348,2.941298723220825,,,,
25349,25349,,2.9807965755462646,,,
25349,25349,2.9807965755462646,,,,
25350,25350,2.946532726287842,,,,
25351,25351,2.943350315093994,,,,
25352,25352,3.001711130142212,,,,
25353,25353,2.9509475231170654,,,,
25354,25354,2.941067934036255,,,,
25355,25355,2.966122627258301,,,,
25356,25356,2.958706855773926,,,,
25357,25357,2.954657554626465,,,,
25358,25358,2.968427896499634,,,,
25359,25359,,3.011005163192749,,,
25359,25359,3.011005163192749,,,,
25360,25360,3.106975793838501,,,,
25361,25361,2.9764227867126465,,,,
25362,25362,2.931265354156494,,,,
25363,25363,3.0070836544036865,,,,
25364,25364,3.008187770843506,,,,
25365,25365,2.9899330139160156,,,,
25366,25366,2.9283854961395264,,,,
25367,25367,2.97622013092041,,,,
25368,25368,3.058687448501587,,,,
25369,25369,,3.0059762001037598,,,
25369,25369,3.0059762001037598,,,,
25370,25370,2.972683906555176,,,,
25371,25371,2.935462236404419,,,,
25372,25372,2.9845709800720215,,,,
25373,25373,3.0641324520111084,,,,
25374,25374,3.0039029121398926,,,,
25375,25375,2.964029312133789,,,,
25376,25376,2.930394411087036,,,,
25377,25377,2.953967332839966,,,,
25378,25378,3.001786708831787,,,,
25379,25379,,2.941531181335449,,,
25379,25379,2.941531181335449,,,,
25380,25380,2.94240140914917,,,,
25381,25381,2.996551036834717,,,,
25382,25382,3.0043323040008545,,,,
25383,25383,3.0069401264190674,,,,
25384,25384,2.933354377746582,,,,
25385,25385,2.9301395416259766,,,,
25386,25386,2.981586456298828,,,,
25387,25387,2.9869918823242188,,,,
25388,25388,2.978685140609741,,,,
25389,25389,,2.937453269958496,,,
25389,25389,2.937453269958496,,,,
25390,25390,2.9306440353393555,,,,
25391,25391,2.9370651245117188,,,,
25392,25392,2.9501028060913086,,,,
25393,25393,2.9592630863189697,,,,
25394,25394,2.9474058151245117,,,,
25395,25395,2.954057216644287,,,,
25396,25396,2.956685781478882,,,,
25397,25397,2.947369337081909,,,,
25398,25398,2.9454550743103027,,,,
25399,25399,,2.9694104194641113,,,
25399,25399,2.9694104194641113,,,,
25400,25400,2.943873405456543,,,,
25401,25401,2.934566020965576,,,,
25402,25402,2.9331796169281006,,,,
25403,25403,2.9412028789520264,,,,
25404,25404,2.9450647830963135,,,,
25405,25405,2.9634203910827637,,,,
25406,25406,2.9425830841064453,,,,
25407,25407,2.9571821689605713,,,,
25408,25408,2.9390628337860107,,,,
25409,25409,,2.9416346549987793,,,
25409,25409,2.9416346549987793,,,,
25410,25410,2.9377150535583496,,,,
25411,25411,2.959304094314575,,,,
25412,25412,2.9433753490448,,,,
25413,25413,2.9651436805725098,,,,
25414,25414,2.9547390937805176,,,,
25415,25415,2.967479944229126,,,,
25416,25416,2.940027952194214,,,,
25417,25417,2.9455313682556152,,,,
25418,25418,2.935483455657959,,,,
25419,25419,,2.9455978870391846,,,
25419,25419,2.9455978870391846,,,,
25420,25420,2.9391729831695557,,,,
25421,25421,2.9579334259033203,,,,
25422,25422,2.9455764293670654,,,,
25423,25423,2.96992564201355,,,,
25424,25424,2.951906442642212,,,,
25425,25425,2.960589647293091,,,,
25426,25426,2.9411909580230713,,,,
25427,25427,2.956974983215332,,,,
25428,25428,2.94870924949646,,,,
25429,25429,,2.955648183822632,,,
25429,25429,2.955648183822632,,,,
25430,25430,2.9392595291137695,,,,
25431,25431,2.9535253047943115,,,,
25432,25432,2.941035032272339,,,,
25433,25433,2.95278000831604,,,,
25434,25434,2.9425618648529053,,,,
25435,25435,2.942997932434082,,,,
25436,25436,2.9446492195129395,,,,
25437,25437,2.965266704559326,,,,
25438,25438,2.9451756477355957,,,,
25439,25439,,2.9351582527160645,,,
25439,25439,2.9351582527160645,,,,
25440,25440,2.9385151863098145,,,,
25441,25441,2.9350764751434326,,,,
25442,25442,2.9416165351867676,,,,
25443,25443,2.9453136920928955,,,,
25444,25444,2.954505681991577,,,,
25445,25445,2.969299554824829,,,,
25446,25446,2.952385663986206,,,,
25447,25447,2.9369823932647705,,,,
25448,25448,2.93579363822937,,,,
25449,25449,,2.953929901123047,,,
25449,25449,2.953929901123047,,,,
25450,25450,2.9606566429138184,,,,
25451,25451,2.944941759109497,,,,
25452,25452,2.9376609325408936,,,,
25453,25453,2.9363932609558105,,,,
25454,25454,2.9429643154144287,,,,
25455,25455,2.9692158699035645,,,,
25456,25456,2.9700756072998047,,,,
25457,25457,2.9835333824157715,,,,
25458,25458,2.977112293243408,,,,
25459,25459,,2.9862558841705322,,,
25459,25459,2.9862558841705322,,,,
25460,25460,2.9778034687042236,,,,
25461,25461,3.017183542251587,,,,
25462,25462,2.9797439575195312,,,,
25463,25463,2.9816083908081055,,,,
25464,25464,2.979032516479492,,,,
25465,25465,3.0051212310791016,,,,
25466,25466,2.9721431732177734,,,,
25467,25467,2.977532148361206,,,,
25468,25468,2.981745719909668,,,,
25469,25469,,3.007932186126709,,,
25469,25469,3.007932186126709,,,,
25470,25470,2.96429443359375,,,,
25471,25471,2.944668769836426,,,,
25472,25472,2.940991163253784,,,,
25473,25473,2.929783344268799,,,,
25474,25474,2.9322195053100586,,,,
25475,25475,2.943336009979248,,,,
25476,25476,2.9701919555664062,,,,
25477,25477,2.9920570850372314,,,,
25478,25478,3.0093765258789062,,,,
25479,25479,,2.944254159927368,,,
25479,25479,2.944254159927368,,,,
25480,25480,2.933337926864624,,,,
25481,25481,2.9501359462738037,,,,
25482,25482,2.976858139038086,,,,
25483,25483,3.009622573852539,,,,
25484,25484,2.9462831020355225,,,,
25485,25485,2.935849666595459,,,,
25486,25486,2.9634766578674316,,,,
25487,25487,2.9952354431152344,,,,
25488,25488,3.0111265182495117,,,,
25489,25489,,2.9314801692962646,,,
25489,25489,2.9314801692962646,,,,
25490,25490,3.005729913711548,,,,
25491,25491,3.127298355102539,,,,
25492,25492,2.9444849491119385,,,,
25493,25493,2.997814416885376,,,,
25494,25494,3.125271797180176,,,,
25495,25495,2.9467849731445312,,,,
25496,25496,2.9947288036346436,,,,
25497,25497,3.106971025466919,,,,
25498,25498,2.943160057067871,,,,
25499,25499,,2.9971988201141357,,,
25499,25499,,,0.18327966332435608,205.45651245117188,182.86378479003906
25499,25499,2.9971988201141357,,,,
25500,25500,3.102937698364258,,,,
25501,25501,2.9357681274414062,,,,
25502,25502,3.0876495838165283,,,,
25503,25503,3.315070867538452,,,,
25504,25504,2.9417190551757812,,,,
25505,25505,3.7832114696502686,,,,
25506,25506,4.889651775360107,,,,
25507,25507,3.862177610397339,,,,
25508,25508,5.607542514801025,,,,
25509,25509,,4.8988423347473145,,,
25509,25509,4.8988423347473145,,,,
25510,25510,5.820777893066406,,,,
25511,25511,3.3217380046844482,,,,
25512,25512,6.7373762130737305,,,,
25513,25513,4.076462745666504,,,,
25514,25514,5.762622833251953,,,,
25515,25515,4.459292411804199,,,,
25516,25516,3.8999063968658447,,,,
25517,25517,5.115570068359375,,,,
25518,25518,3.684359550476074,,,,
25519,25519,,4.792013645172119,,,
25519,25519,4.792013645172119,,,,
25520,25520,4.1999592781066895,,,,
25521,25521,3.521588087081909,,,,
25522,25522,4.680152416229248,,,,
25523,25523,3.3284823894500732,,,,
25524,25524,4.242813587188721,,,,
25525,25525,3.5731613636016846,,,,
25526,25526,3.5965466499328613,,,,
25527,25527,3.6909358501434326,,,,
25528,25528,3.350895643234253,,,,
25529,25529,,3.865992307662964,,,
25529,25529,3.865992307662964,,,,
25530,25530,3.179746627807617,,,,
25531,25531,3.729200601577759,,,,
25532,25532,3.1675283908843994,,,,
25533,25533,3.3816843032836914,,,,
25534,25534,3.241736650466919,,,,
25535,25535,3.120607852935791,,,,
25536,25536,3.2972307205200195,,,,
25537,25537,3.074801206588745,,,,
25538,25538,3.2648396492004395,,,,
25539,25539,,3.0548737049102783,,,
25539,25539,3.0548737049102783,,,,
25540,25540,3.2014822959899902,,,,
25541,25541,3.063722848892212,,,,
25542,25542,3.1386208534240723,,,,
25543,25543,3.0277578830718994,,,,
25544,25544,3.0533041954040527,,,,
25545,25545,3.0482876300811768,,,,
25546,25546,3.00960111618042,,,,
25547,25547,3.0141448974609375,,,,
25548,25548,3.0226619243621826,,,,
25549,25549,,3.026522636413574,,,
25549,25549,3.026522636413574,,,,
25550,25550,2.98703670501709,,,,
25551,25551,2.9854929447174072,,,,
25552,25552,2.9814364910125732,,,,
25553,25553,3.0106608867645264,,,,
25554,25554,2.970975399017334,,,,
25555,25555,3.0466184616088867,,,,
25556,25556,2.9775373935699463,,,,
25557,25557,2.9971725940704346,,,,
25558,25558,2.9791877269744873,,,,
25559,25559,,2.9813687801361084,,,
25559,25559,2.9813687801361084,,,,
25560,25560,3.0086591243743896,,,,
25561,25561,2.9728474617004395,,,,
25562,25562,2.984659433364868,,,,
25563,25563,2.9841251373291016,,,,
25564,25564,2.992866277694702,,,,
25565,25565,2.9829494953155518,,,,
25566,25566,2.9838058948516846,,,,
25567,25567,2.9727706909179688,,,,
25568,25568,2.9744338989257812,,,,
25569,25569,,2.973737955093384,,,
25569,25569,2.973737955093384,,,,
25570,25570,2.9716343879699707,,,,
25571,25571,2.9763307571411133,,,,
25572,25572,2.967074394226074,,,,
25573,25573,2.9766762256622314,,,,
25574,25574,2.9817583560943604,,,,
25575,25575,2.986701726913452,,,,
25576,25576,2.9710230827331543,,,,
25577,25577,2.9816322326660156,,,,
25578,25578,2.9755284786224365,,,,
25579,25579,,2.9828708171844482,,,
25579,25579,2.9828708171844482,,,,
25580,25580,2.9806106090545654,,,,
25581,25581,2.9725522994995117,,,,
25582,25582,2.976412057876587,,,,
25583,25583,2.967257499694824,,,,
25584,25584,2.9626381397247314,,,,
25585,25585,2.9741015434265137,,,,
25586,25586,2.9659276008605957,,,,
25587,25587,2.9574835300445557,,,,
25588,25588,2.9558651447296143,,,,
25589,25589,,2.972900867462158,,,
25589,25589,2.972900867462158,,,,
25590,25590,2.9473037719726562,,,,
25591,25591,2.947993040084839,,,,
25592,25592,2.963967800140381,,,,
25593,25593,2.9698948860168457,,,,
25594,25594,2.95090651512146,,,,
25595,25595,2.9612441062927246,,,,
25596,25596,2.9691836833953857,,,,
25597,25597,2.9501307010650635,,,,
25598,25598,2.9410312175750732,,,,
25599,25599,,2.9522783756256104,,,
25599,25599,2.9522783756256104,,,,
25600,25600,2.9595112800598145,,,,
25601,25601,2.9501800537109375,,,,
25602,25602,2.9420230388641357,,,,
25603,25603,2.9622437953948975,,,,
25604,25604,2.951249361038208,,,,
25605,25605,2.9438517093658447,,,,
25606,25606,2.9484965801239014,,,,
25607,25607,2.9669291973114014,,,,
25608,25608,2.943638563156128,,,,
25609,25609,,2.9400718212127686,,,
25609,25609,2.9400718212127686,,,,
25610,25610,2.945669174194336,,,,
25611,25611,2.971339464187622,,,,
25612,25612,2.9541149139404297,,,,
25613,25613,2.946887731552124,,,,
25614,25614,2.9565744400024414,,,,
25615,25615,2.9543988704681396,,,,
25616,25616,2.938992977142334,,,,
25617,25617,2.933891534805298,,,,
25618,25618,2.953623056411743,,,,
25619,25619,,2.9469056129455566,,,
25619,25619,2.9469056129455566,,,,
25620,25620,2.9298255443573,,,,
25621,25621,2.9474985599517822,,,,
25622,25622,2.9507439136505127,,,,
25623,25623,2.948099374771118,,,,
25624,25624,2.942330837249756,,,,
25625,25625,2.9487717151641846,,,,
25626,25626,2.947479724884033,,,,
25627,25627,2.9478275775909424,,,,
25628,25628,2.940971851348877,,,,
25629,25629,,2.9449703693389893,,,
25629,25629,2.9449703693389893,,,,
25630,25630,2.944913625717163,,,,
25631,25631,2.9430065155029297,,,,
25632,25632,2.9313769340515137,,,,
25633,25633,2.936136484146118,,,,
25634,25634,2.932406425476074,,,,
25635,25635,2.931535005569458,,,,
25636,25636,2.9324452877044678,,,,
25637,25637,2.9167540073394775,,,,
25638,25638,2.9189915657043457,,,,
25639,25639,,2.9172537326812744,,,
25639,25639,2.9172537326812744,,,,
25640,25640,2.9170186519622803,,,,
25641,25641,2.9125537872314453,,,,
25642,25642,2.9120309352874756,,,,
25643,25643,2.9117884635925293,,,,
25644,25644,2.909177780151367,,,,
25645,25645,2.9115591049194336,,,,
25646,25646,2.9171535968780518,,,,
25647,25647,2.9183385372161865,,,,
25648,25648,2.9049887657165527,,,,
25649,25649,,2.9118857383728027,,,
25649,25649,2.9118857383728027,,,,
25650,25650,2.9118785858154297,,,,
25651,25651,2.9118993282318115,,,,
25652,25652,2.8990509510040283,,,,
25653,25653,2.9104490280151367,,,,
25654,25654,2.910762310028076,,,,
25655,25655,2.9110703468322754,,,,
25656,25656,2.9173126220703125,,,,
25657,25657,2.9094462394714355,,,,
25658,25658,2.915299654006958,,,,
25659,25659,,2.9170150756835938,,,
25659,25659,2.9170150756835938,,,,
25660,25660,2.909585952758789,,,,
25661,25661,2.9067697525024414,,,,
25662,25662,2.905702829360962,,,,
25663,25663,2.90594220161438,,,,
25664,25664,2.906292676925659,,,,
25665,25665,2.9021456241607666,,,,
25666,25666,2.902848958969116,,,,
25667,25667,2.909818649291992,,,,
25668,25668,2.902222156524658,,,,
25669,25669,,2.9009063243865967,,,
25669,25669,2.9009063243865967,,,,
25670,25670,2.910637617111206,,,,
25671,25671,2.9205260276794434,,,,
25672,25672,2.9013397693634033,,,,
25673,25673,2.8991570472717285,,,,
25674,25674,2.9000699520111084,,,,
25675,25675,2.916508674621582,,,,
25676,25676,2.9049196243286133,,,,
25677,25677,2.897055149078369,,,,
25678,25678,2.9003045558929443,,,,
25679,25679,,2.8987858295440674,,,
25679,25679,2.8987858295440674,,,,
25680,25680,2.8998703956604004,,,,
25681,25681,2.902069568634033,,,,
25682,25682,2.8984367847442627,,,,
25683,25683,2.8971750736236572,,,,
25684,25684,2.895463466644287,,,,
25685,25685,2.903193950653076,,,,
25686,25686,2.896960973739624,,,,
25687,25687,2.895258665084839,,,,
25688,25688,2.9003279209136963,,,,
25689,25689,,2.900679588317871,,,
25689,25689,2.900679588317871,,,,
25690,25690,2.8936057090759277,,,,
25691,25691,2.8994507789611816,,,,
25692,25692,2.9006829261779785,,,,
25693,25693,2.8990328311920166,,,,
25694,25694,2.8989181518554688,,,,
25695,25695,2.901456117630005,,,,
25696,25696,2.895177125930786,,,,
25697,25697,2.8932313919067383,,,,
25698,25698,2.8953170776367188,,,,
25699,25699,,2.8938374519348145,,,
25699,25699,2.8938374519348145,,,,
25700,25700,2.89314603805542,,,,
25701,25701,2.8920116424560547,,,,
25702,25702,2.8905043601989746,,,,
25703,25703,2.891507863998413,,,,
25704,25704,2.893190860748291,,,,
25705,25705,2.8927862644195557,,,,
25706,25706,2.8865957260131836,,,,
25707,25707,2.893995761871338,,,,
25708,25708,2.897045850753784,,,,
25709,25709,,2.894205093383789,,,
25709,25709,2.894205093383789,,,,
25710,25710,2.904118061065674,,,,
25711,25711,2.902879476547241,,,,
25712,25712,2.8944060802459717,,,,
25713,25713,2.9021053314208984,,,,
25714,25714,2.9028940200805664,,,,
25715,25715,2.9032790660858154,,,,
25716,25716,2.8940916061401367,,,,
25717,25717,2.8994505405426025,,,,
25718,25718,2.900524616241455,,,,
25719,25719,,2.893688440322876,,,
25719,25719,2.893688440322876,,,,
25720,25720,2.8915133476257324,,,,
25721,25721,2.8983495235443115,,,,
25722,25722,2.907318353652954,,,,
25723,25723,2.902036666870117,,,,
25724,25724,2.9018971920013428,,,,
25725,25725,2.8998520374298096,,,,
25726,25726,2.9003117084503174,,,,
25727,25727,2.9035983085632324,,,,
25728,25728,2.8992562294006348,,,,
25729,25729,,2.9017927646636963,,,
25729,25729,2.9017927646636963,,,,
25730,25730,2.9013898372650146,,,,
25731,25731,2.899228572845459,,,,
25732,25732,2.9019744396209717,,,,
25733,25733,2.898172616958618,,,,
25734,25734,2.896728277206421,,,,
25735,25735,2.8995320796966553,,,,
25736,25736,2.893367052078247,,,,
25737,25737,2.8886947631835938,,,,
25738,25738,2.89909291267395,,,,
25739,25739,,2.89231538772583,,,
25739,25739,2.89231538772583,,,,
25740,25740,2.893178939819336,,,,
25741,25741,2.8901772499084473,,,,
25742,25742,2.8983023166656494,,,,
25743,25743,2.8924362659454346,,,,
25744,25744,2.887741804122925,,,,
25745,25745,2.9036030769348145,,,,
25746,25746,2.8893210887908936,,,,
25747,25747,2.8898916244506836,,,,
25748,25748,2.903801441192627,,,,
25749,25749,,2.8905177116394043,,,
25749,25749,2.8905177116394043,,,,
25750,25750,2.892711639404297,,,,
25751,25751,2.884214401245117,,,,
25752,25752,2.8841819763183594,,,,
25753,25753,2.884645462036133,,,,
25754,25754,2.882155179977417,,,,
25755,25755,2.895176887512207,,,,
25756,25756,2.8853564262390137,,,,
25757,25757,2.8852572441101074,,,,
25758,25758,2.884693145751953,,,,
25759,25759,,2.893117666244507,,,
25759,25759,2.893117666244507,,,,
25760,25760,2.8929030895233154,,,,
25761,25761,2.8847341537475586,,,,
25762,25762,2.884045124053955,,,,
25763,25763,2.891963005065918,,,,
25764,25764,2.891035556793213,,,,
25765,25765,2.8803179264068604,,,,
25766,25766,2.8825466632843018,,,,
25767,25767,2.8921704292297363,,,,
25768,25768,2.8916499614715576,,,,
25769,25769,,2.882131338119507,,,
25769,25769,2.882131338119507,,,,
25770,25770,2.8833580017089844,,,,
25771,25771,2.881183624267578,,,,
25772,25772,2.891855001449585,,,,
25773,25773,2.8837685585021973,,,,
25774,25774,2.884416341781616,,,,
25775,25775,2.8811492919921875,,,,
25776,25776,2.8945584297180176,,,,
25777,25777,2.883009672164917,,,,
25778,25778,2.885833263397217,,,,
25779,25779,,2.8828494548797607,,,
25779,25779,2.8828494548797607,,,,
25780,25780,2.880052089691162,,,,
25781,25781,2.88356614112854,,,,
25782,25782,2.885683059692383,,,,
25783,25783,2.8847148418426514,,,,
25784,25784,2.8841500282287598,,,,
25785,25785,2.8832216262817383,,,,
25786,25786,2.884906530380249,,,,
25787,25787,2.8864798545837402,,,,
25788,25788,2.884051561355591,,,,
25789,25789,,2.885183095932007,,,
25789,25789,2.885183095932007,,,,
25790,25790,2.8856351375579834,,,,
25791,25791,2.8853650093078613,,,,
25792,25792,2.886573553085327,,,,
25793,25793,2.8839786052703857,,,,
25794,25794,2.8839690685272217,,,,
25795,25795,2.8832390308380127,,,,
25796,25796,2.883096218109131,,,,
25797,25797,2.880049705505371,,,,
25798,25798,2.881743907928467,,,,
25799,25799,,2.880866289138794,,,
25799,25799,2.880866289138794,,,,
25800,25800,2.8796825408935547,,,,
25801,25801,2.880002737045288,,,,
25802,25802,2.8790807723999023,,,,
25803,25803,2.877145528793335,,,,
25804,25804,2.8774425983428955,,,,
25805,25805,2.880629777908325,,,,
25806,25806,2.8790500164031982,,,,
25807,25807,2.880178928375244,,,,
25808,25808,2.8798959255218506,,,,
25809,25809,,2.8811893463134766,,,
25809,25809,2.8811893463134766,,,,
25810,25810,2.8800225257873535,,,,
25811,25811,2.8776564598083496,,,,
25812,25812,2.8803536891937256,,,,
25813,25813,2.8700687885284424,,,,
25814,25814,2.872133493423462,,,,
25815,25815,2.873560905456543,,,,
25816,25816,2.8723859786987305,,,,
25817,25817,2.873908281326294,,,,
25818,25818,2.874778985977173,,,,
25819,25819,,2.870375633239746,,,
25819,25819,2.870375633239746,,,,
25820,25820,2.871955156326294,,,,
25821,25821,2.8729186058044434,,,,
25822,25822,2.872915506362915,,,,
25823,25823,2.8725833892822266,,,,
25824,25824,2.8723323345184326,,,,
25825,25825,2.874054431915283,,,,
25826,25826,2.868056535720825,,,,
25827,25827,2.8700973987579346,,,,
25828,25828,2.871936559677124,,,,
25829,25829,,2.874798059463501,,,
25829,25829,2.874798059463501,,,,
25830,25830,2.882822275161743,,,,
25831,25831,2.869109630584717,,,,
25832,25832,2.8671252727508545,,,,
25833,25833,2.8641977310180664,,,,
25834,25834,2.869302749633789,,,,
25835,25835,2.860597848892212,,,,
25836,25836,2.8627963066101074,,,,
25837,25837,2.872309684753418,,,,
25838,25838,2.8715202808380127,,,,
25839,25839,,2.8713583946228027,,,
25839,25839,2.8713583946228027,,,,
25840,25840,2.8703339099884033,,,,
25841,25841,2.8876235485076904,,,,
25842,25842,2.8706066608428955,,,,
25843,25843,2.8744425773620605,,,,
25844,25844,2.8892369270324707,,,,
25845,25845,2.8657338619232178,,,,
25846,25846,2.8921825885772705,,,,
25847,25847,2.887133836746216,,,,
25848,25848,2.882932662963867,,,,
25849,25849,,2.89933705329895,,,
25849,25849,2.89933705329895,,,,
25850,25850,2.878077745437622,,,,
25851,25851,2.942678213119507,,,,
25852,25852,2.8776891231536865,,,,
25853,25853,2.895070791244507,,,,
25854,25854,2.8903510570526123,,,,
25855,25855,2.8629956245422363,,,,
25856,25856,2.864975690841675,,,,
25857,25857,2.8789384365081787,,,,
25858,25858,2.8876590728759766,,,,
25859,25859,,2.872907876968384,,,
25859,25859,2.872907876968384,,,,
25860,25860,2.9179227352142334,,,,
25861,25861,2.8874318599700928,,,,
25862,25862,2.8885695934295654,,,,
25863,25863,2.8899264335632324,,,,
25864,25864,2.873004674911499,,,,
25865,25865,2.8864328861236572,,,,
25866,25866,2.8626158237457275,,,,
25867,25867,2.86446213722229,,,,
25868,25868,2.878926992416382,,,,
25869,25869,,2.865359306335449,,,
25869,25869,2.865359306335449,,,,
25870,25870,2.8868660926818848,,,,
25871,25871,2.8815343379974365,,,,
25872,25872,2.8763279914855957,,,,
25873,25873,2.923980236053467,,,,
25874,25874,2.879307746887207,,,,
25875,25875,2.8870737552642822,,,,
25876,25876,2.8900487422943115,,,,
25877,25877,2.869365930557251,,,,
25878,25878,2.891411542892456,,,,
25879,25879,,2.878549575805664,,,
25879,25879,2.878549575805664,,,,
25880,25880,2.8731441497802734,,,,
25881,25881,2.8701467514038086,,,,
25882,25882,2.8619537353515625,,,,
25883,25883,2.8721108436584473,,,,
25884,25884,2.862807273864746,,,,
25885,25885,2.8754239082336426,,,,
25886,25886,2.8899497985839844,,,,
25887,25887,2.864734411239624,,,,
25888,25888,2.896798610687256,,,,
25889,25889,,2.896850109100342,,,
25889,25889,2.896850109100342,,,,
25890,25890,2.8746984004974365,,,,
25891,25891,2.8931496143341064,,,,
25892,25892,2.8783421516418457,,,,
25893,25893,2.882667064666748,,,,
25894,25894,2.893242835998535,,,,
25895,25895,2.8737943172454834,,,,
25896,25896,2.8861427307128906,,,,
25897,25897,2.8938117027282715,,,,
25898,25898,2.8790440559387207,,,,
25899,25899,,2.88879132270813,,,
25899,25899,2.88879132270813,,,,
25900,25900,2.8880202770233154,,,,
25901,25901,2.874054431915283,,,,
25902,25902,2.8695921897888184,,,,
25903,25903,2.8725454807281494,,,,
25904,25904,2.8757102489471436,,,,
25905,25905,2.8640079498291016,,,,
25906,25906,2.871098518371582,,,,
25907,25907,2.8790743350982666,,,,
25908,25908,2.8640332221984863,,,,
25909,25909,,2.8634109497070312,,,
25909,25909,2.8634109497070312,,,,
25910,25910,2.8787479400634766,,,,
25911,25911,2.8655550479888916,,,,
25912,25912,2.8618316650390625,,,,
25913,25913,2.8799102306365967,,,,
25914,25914,2.8682360649108887,,,,
25915,25915,2.862872362136841,,,,
25916,25916,2.8817288875579834,,,,
25917,25917,2.8771469593048096,,,,
25918,25918,2.863450288772583,,,,
25919,25919,,2.892672300338745,,,
25919,25919,2.892672300338745,,,,
25920,25920,2.8893580436706543,,,,
25921,25921,2.8665688037872314,,,,
25922,25922,2.8627307415008545,,,,
25923,25923,2.8769493103027344,,,,
25924,25924,2.8677804470062256,,,,
25925,25925,2.859647274017334,,,,
25926,25926,2.8593497276306152,,,,
25927,25927,2.866732597351074,,,,
25928,25928,2.8656821250915527,,,,
25929,25929,,2.858949661254883,,,
25929,25929,2.858949661254883,,,,
25930,25930,2.8580589294433594,,,,
25931,25931,2.85933256149292,,,,
25932,25932,2.8561062812805176,,,,
25933,25933,2.8603737354278564,,,,
25934,25934,2.856982707977295,,,,
25935,25935,2.857560157775879,,,,
25936,25936,2.8585927486419678,,,,
25937,25937,2.853092908859253,,,,
25938,25938,2.858696222305298,,,,
25939,25939,,2.8590240478515625,,,
25939,25939,2.8590240478515625,,,,
25940,25940,2.8507823944091797,,,,
25941,25941,2.856658458709717,,,,
25942,25942,2.855480194091797,,,,
25943,25943,2.850642681121826,,,,
25944,25944,2.85613751411438,,,,
25945,25945,2.857903480529785,,,,
25946,25946,2.8603217601776123,,,,
25947,25947,2.8599016666412354,,,,
25948,25948,2.851555585861206,,,,
25949,25949,,2.8592820167541504,,,
25949,25949,2.8592820167541504,,,,
25950,25950,2.8588438034057617,,,,
25951,25951,2.8553550243377686,,,,
25952,25952,2.858731746673584,,,,
25953,25953,2.8565914630889893,,,,
25954,25954,2.858107328414917,,,,
25955,25955,2.8524460792541504,,,,
25956,25956,2.8595166206359863,,,,
25957,25957,2.859646797180176,,,,
25958,25958,2.8558168411254883,,,,
25959,25959,,2.8543126583099365,,,
25959,25959,2.8543126583099365,,,,
25960,25960,2.8565447330474854,,,,
25961,25961,2.857696533203125,,,,
25962,25962,2.8576838970184326,,,,
25963,25963,2.856435537338257,,,,
25964,25964,2.8545100688934326,,,,
25965,25965,2.8558709621429443,,,,
25966,25966,2.850402593612671,,,,
25967,25967,2.8502259254455566,,,,
25968,25968,2.854188919067383,,,,
25969,25969,,2.850053548812866,,,
25969,25969,2.850053548812866,,,,
25970,25970,2.8480491638183594,,,,
25971,25971,2.8450796604156494,,,,
25972,25972,2.843341827392578,,,,
25973,25973,2.8471360206604004,,,,
25974,25974,2.8476428985595703,,,,
25975,25975,2.845043897628784,,,,
25976,25976,2.8435373306274414,,,,
25977,25977,2.8431599140167236,,,,
25978,25978,2.844846725463867,,,,
25979,25979,,2.838857650756836,,,
25979,25979,2.838857650756836,,,,
25980,25980,2.8431599140167236,,,,
25981,25981,2.8442976474761963,,,,
25982,25982,2.83805251121521,,,,
25983,25983,2.8381731510162354,,,,
25984,25984,2.8367807865142822,,,,
25985,25985,2.831963300704956,,,,
25986,25986,2.837161064147949,,,,
25987,25987,2.834447145462036,,,,
25988,25988,2.8372788429260254,,,,
25989,25989,,2.8328745365142822,,,
25989,25989,2.8328745365142822,,,,
25990,25990,2.832510232925415,,,,
25991,25991,2.8367271423339844,,,,
25992,25992,2.8383383750915527,,,,
25993,25993,2.8328683376312256,,,,
25994,25994,2.8336119651794434,,,,
25995,25995,2.8410804271698,,,,
25996,25996,2.8329763412475586,,,,
25997,25997,2.8368053436279297,,,,
25998,25998,2.8332273960113525,,,,
25999,25999,,2.8489456176757812,,,
25999,25999,,,0.18156804144382477,201.636962890625,182.86378479003906
25999,25999,2.8489456176757812,,,,
26000,26000,2.834491491317749,,,,
26001,26001,2.830869674682617,,,,
26002,26002,2.8316593170166016,,,,
26003,26003,2.831230401992798,,,,
26004,26004,2.831139087677002,,,,
26005,26005,2.8292648792266846,,,,
26006,26006,2.8284544944763184,,,,
26007,26007,2.8387367725372314,,,,
26008,26008,2.831526517868042,,,,
26009,26009,,2.8303329944610596,,,
26009,26009,2.8303329944610596,,,,
26010,26010,2.837242841720581,,,,
26011,26011,2.838330030441284,,,,
26012,26012,2.827455520629883,,,,
26013,26013,2.832941770553589,,,,
26014,26014,2.8276560306549072,,,,
26015,26015,2.8314945697784424,,,,
26016,26016,2.831843614578247,,,,
26017,26017,2.831249713897705,,,,
26018,26018,2.830324172973633,,,,
26019,26019,,2.825549602508545,,,
26019,26019,2.825549602508545,,,,
26020,26020,2.830693006515503,,,,
26021,26021,2.823626756668091,,,,
26022,26022,2.8284475803375244,,,,
26023,26023,2.834956169128418,,,,
26024,26024,2.8213653564453125,,,,
26025,26025,2.825375556945801,,,,
26026,26026,2.8250715732574463,,,,
26027,26027,2.814225196838379,,,,
26028,26028,2.830617666244507,,,,
26029,26029,,2.833386182785034,,,
26029,26029,2.833386182785034,,,,
26030,26030,2.8262739181518555,,,,
26031,26031,2.8211073875427246,,,,
26032,26032,2.82270884513855,,,,
26033,26033,2.817880392074585,,,,
26034,26034,2.8241922855377197,,,,
26035,26035,2.822744846343994,,,,
26036,26036,2.816039800643921,,,,
26037,26037,2.8244006633758545,,,,
26038,26038,2.8305118083953857,,,,
26039,26039,,2.8161091804504395,,,
26039,26039,2.8161091804504395,,,,
26040,26040,2.8209025859832764,,,,
26041,26041,2.8294973373413086,,,,
26042,26042,2.828181743621826,,,,
26043,26043,2.8210270404815674,,,,
26044,26044,2.8227341175079346,,,,
26045,26045,2.825474977493286,,,,
26046,26046,2.818608522415161,,,,
26047,26047,2.815876007080078,,,,
26048,26048,2.8229055404663086,,,,
26049,26049,,2.8265268802642822,,,
26049,26049,2.8265268802642822,,,,
26050,26050,2.8153724670410156,,,,
26051,26051,2.816927671432495,,,,
26052,26052,2.8139517307281494,,,,
26053,26053,2.82419490814209,,,,
26054,26054,2.8177411556243896,,,,
26055,26055,2.8147521018981934,,,,
26056,26056,2.8147614002227783,,,,
26057,26057,2.8178598880767822,,,,
26058,26058,2.8208744525909424,,,,
26059,26059,,2.8183188438415527,,,
26059,26059,2.8183188438415527,,,,
26060,26060,2.8191614151000977,,,,
26061,26061,2.8171963691711426,,,,
26062,26062,2.822748899459839,,,,
26063,26063,2.818268299102783,,,,
26064,26064,2.8167057037353516,,,,
26065,26065,2.8161680698394775,,,,
26066,26066,2.8192245960235596,,,,
26067,26067,2.8173105716705322,,,,
26068,26068,2.817168712615967,,,,
26069,26069,,2.8168227672576904,,,
26069,26069,2.8168227672576904,,,,
26070,26070,2.8220479488372803,,,,
26071,26071,2.813095808029175,,,,
26072,26072,2.814589023590088,,,,
26073,26073,2.8156557083129883,,,,
26074,26074,2.8157169818878174,,,,
26075,26075,2.817031145095825,,,,
26076,26076,2.81634521484375,,,,
26077,26077,2.8154728412628174,,,,
26078,26078,2.8166208267211914,,,,
26079,26079,,2.8229146003723145,,,
26079,26079,2.8229146003723145,,,,
26080,26080,2.81689453125,,,,
26081,26081,2.8162052631378174,,,,
26082,26082,2.8220410346984863,,,,
26083,26083,2.8256781101226807,,,,
26084,26084,2.823894739151001,,,,
26085,26085,2.8236491680145264,,,,
26086,26086,2.8283376693725586,,,,
26087,26087,2.8249688148498535,,,,
26088,26088,2.82051420211792,,,,
26089,26089,,2.826094627380371,,,
26089,26089,2.826094627380371,,,,
26090,26090,2.82319712638855,,,,
26091,26091,2.8194189071655273,,,,
26092,26092,2.8159070014953613,,,,
26093,26093,2.8192944526672363,,,,
26094,26094,2.8287408351898193,,,,
26095,26095,2.8270723819732666,,,,
26096,26096,2.8211557865142822,,,,
26097,26097,2.8169054985046387,,,,
26098,26098,2.8243210315704346,,,,
26099,26099,,2.818502187728882,,,
26099,26099,2.818502187728882,,,,
26100,26100,2.8157107830047607,,,,
26101,26101,2.8120007514953613,,,,
26102,26102,2.8137667179107666,,,,
26103,26103,2.811859130859375,,,,
26104,26104,2.814406394958496,,,,
26105,26105,2.81233811378479,,,,
26106,26106,2.810319185256958,,,,
26107,26107,2.8093936443328857,,,,
26108,26108,2.817580461502075,,,,
26109,26109,,2.810225248336792,,,
26109,26109,2.810225248336792,,,,
26110,26110,2.8098387718200684,,,,
26111,26111,2.809494733810425,,,,
26112,26112,2.8097028732299805,,,,
26113,26113,2.809699535369873,,,,
26114,26114,2.811577081680298,,,,
26115,26115,2.8161909580230713,,,,
26116,26116,2.81117844581604,,,,
26117,26117,2.813383102416992,,,,
26118,26118,2.817115068435669,,,,
26119,26119,,2.8170695304870605,,,
26119,26119,2.8170695304870605,,,,
26120,26120,2.81217622756958,,,,
26121,26121,2.816401958465576,,,,
26122,26122,2.8154428005218506,,,,
26123,26123,2.8127779960632324,,,,
26124,26124,2.8191189765930176,,,,
26125,26125,2.8093724250793457,,,,
26126,26126,2.811314821243286,,,,
26127,26127,2.8151350021362305,,,,
26128,26128,2.8099324703216553,,,,
26129,26129,,2.8116953372955322,,,
26129,26129,2.8116953372955322,,,,
26130,26130,2.8138375282287598,,,,
26131,26131,2.80961012840271,,,,
26132,26132,2.8258068561553955,,,,
26133,26133,2.8146660327911377,,,,
26134,26134,2.8110015392303467,,,,
26135,26135,2.837594747543335,,,,
26136,26136,2.8112611770629883,,,,
26137,26137,2.812582492828369,,,,
26138,26138,2.8254458904266357,,,,
26139,26139,,2.8117079734802246,,,
26139,26139,2.8117079734802246,,,,
26140,26140,2.8125722408294678,,,,
26141,26141,2.808260917663574,,,,
26142,26142,2.8147902488708496,,,,
26143,26143,2.8097360134124756,,,,
26144,26144,2.8055269718170166,,,,
26145,26145,2.808797836303711,,,,
26146,26146,2.8097636699676514,,,,
26147,26147,2.811023712158203,,,,
26148,26148,2.8082058429718018,,,,
26149,26149,,2.8112552165985107,,,
26149,26149,2.8112552165985107,,,,
26150,26150,2.81707501411438,,,,
26151,26151,2.814626693725586,,,,
26152,26152,2.813863754272461,,,,
26153,26153,2.8252370357513428,,,,
26154,26154,2.8255345821380615,,,,
26155,26155,2.8260626792907715,,,,
26156,26156,2.8058674335479736,,,,
26157,26157,2.806581735610962,,,,
26158,26158,2.816680669784546,,,,
26159,26159,,2.810635566711426,,,
26159,26159,2.810635566711426,,,,
26160,26160,2.8074426651000977,,,,
26161,26161,2.8443820476531982,,,,
26162,26162,2.8197405338287354,,,,
26163,26163,2.8068811893463135,,,,
26164,26164,2.849999189376831,,,,
26165,26165,2.8376550674438477,,,,
26166,26166,2.805811882019043,,,,
26167,26167,2.8691186904907227,,,,
26168,26168,2.835780143737793,,,,
26169,26169,,2.8038511276245117,,,
26169,26169,2.8038511276245117,,,,
26170,26170,2.8829379081726074,,,,
26171,26171,2.825181007385254,,,,
26172,26172,2.813828706741333,,,,
26173,26173,2.868556022644043,,,,
26174,26174,2.806396722793579,,,,
26175,26175,2.8414008617401123,,,,
26176,26176,2.869842052459717,,,,
26177,26177,2.8026199340820312,,,,
26178,26178,2.8159682750701904,,,,
26179,26179,,2.8452422618865967,,,
26179,26179,2.8452422618865967,,,,
26180,26180,2.803982973098755,,,,
26181,26181,2.8167061805725098,,,,
26182,26182,2.838660717010498,,,,
26183,26183,2.7993133068084717,,,,
26184,26184,2.8249664306640625,,,,
26185,26185,2.8163578510284424,,,,
26186,26186,2.798492670059204,,,,
26187,26187,2.8147943019866943,,,,
26188,26188,2.8031907081604004,,,,
26189,26189,,2.8027279376983643,,,
26189,26189,2.8027279376983643,,,,
26190,26190,2.8077657222747803,,,,
26191,26191,2.80005145072937,,,,
26192,26192,2.8002090454101562,,,,
26193,26193,2.8003008365631104,,,,
26194,26194,2.799327850341797,,,,
26195,26195,2.798151969909668,,,,
26196,26196,2.804333448410034,,,,
26197,26197,2.800631284713745,,,,
26198,26198,2.7975916862487793,,,,
26199,26199,,2.7982802391052246,,,
26199,26199,2.7982802391052246,,,,
26200,26200,2.8020551204681396,,,,
26201,26201,2.8003456592559814,,,,
26202,26202,2.799684762954712,,,,
26203,26203,2.79990291595459,,,,
26204,26204,2.800438404083252,,,,
26205,26205,2.8007423877716064,,,,
26206,26206,2.7983086109161377,,,,
26207,26207,2.798536777496338,,,,
26208,26208,2.8021678924560547,,,,
26209,26209,,2.800886869430542,,,
26209,26209,2.800886869430542,,,,
26210,26210,2.797264814376831,,,,
26211,26211,2.801741361618042,,,,
26212,26212,2.794656276702881,,,,
26213,26213,2.7986390590667725,,,,
26214,26214,2.8026885986328125,,,,
26215,26215,2.795623540878296,,,,
26216,26216,2.8016469478607178,,,,
26217,26217,2.8007962703704834,,,,
26218,26218,2.805565118789673,,,,
26219,26219,,2.801659345626831,,,
26219,26219,2.801659345626831,,,,
26220,26220,2.797722816467285,,,,
26221,26221,2.8087425231933594,,,,
26222,26222,2.7987334728240967,,,,
26223,26223,2.7977962493896484,,,,
26224,26224,2.8040337562561035,,,,
26225,26225,2.798475980758667,,,,
26226,26226,2.8004586696624756,,,,
26227,26227,2.8022990226745605,,,,
26228,26228,2.798182725906372,,,,
26229,26229,,2.797727108001709,,,
26229,26229,2.797727108001709,,,,
26230,26230,2.7980716228485107,,,,
26231,26231,2.7969067096710205,,,,
26232,26232,2.8002305030822754,,,,
26233,26233,2.7968358993530273,,,,
26234,26234,2.79489803314209,,,,
26235,26235,2.799544334411621,,,,
26236,26236,2.803280830383301,,,,
26237,26237,2.79740309715271,,,,
26238,26238,2.798906087875366,,,,
26239,26239,,2.7946174144744873,,,
26239,26239,2.7946174144744873,,,,
26240,26240,2.799039840698242,,,,
26241,26241,2.796790838241577,,,,
26242,26242,2.799734115600586,,,,
26243,26243,2.7954916954040527,,,,
26244,26244,2.795321226119995,,,,
26245,26245,2.8034539222717285,,,,
26246,26246,2.792264461517334,,,,
26247,26247,2.7933425903320312,,,,
26248,26248,2.795328140258789,,,,
26249,26249,,2.793686866760254,,,
26249,26249,2.793686866760254,,,,
26250,26250,2.7935099601745605,,,,
26251,26251,2.79449200630188,,,,
26252,26252,2.7963616847991943,,,,
26253,26253,2.7947888374328613,,,,
26254,26254,2.7956371307373047,,,,
26255,26255,2.7967889308929443,,,,
26256,26256,2.796125650405884,,,,
26257,26257,2.7941272258758545,,,,
26258,26258,2.807990074157715,,,,
26259,26259,,2.7948341369628906,,,
26259,26259,2.7948341369628906,,,,
26260,26260,2.796013355255127,,,,
26261,26261,2.8027451038360596,,,,
26262,26262,2.8004305362701416,,,,
26263,26263,2.794165849685669,,,,
26264,26264,2.794963836669922,,,,
26265,26265,2.7985031604766846,,,,
26266,26266,2.7913129329681396,,,,
26267,26267,2.790238857269287,,,,
26268,26268,2.793152093887329,,,,
26269,26269,,2.795379877090454,,,
26269,26269,2.795379877090454,,,,
26270,26270,2.787623167037964,,,,
26271,26271,2.791548252105713,,,,
26272,26272,2.7918124198913574,,,,
26273,26273,2.7927279472351074,,,,
26274,26274,2.788217782974243,,,,
26275,26275,2.7880098819732666,,,,
26276,26276,2.7867820262908936,,,,
26277,26277,2.78857421875,,,,
26278,26278,2.7889504432678223,,,,
26279,26279,,2.7882776260375977,,,
26279,26279,2.7882776260375977,,,,
26280,26280,2.7890677452087402,,,,
26281,26281,2.7882089614868164,,,,
26282,26282,2.7897160053253174,,,,
26283,26283,2.7908689975738525,,,,
26284,26284,2.788327932357788,,,,
26285,26285,2.7951667308807373,,,,
26286,26286,2.795520305633545,,,,
26287,26287,2.79327130317688,,,,
26288,26288,2.792616844177246,,,,
26289,26289,,2.7921457290649414,,,
26289,26289,2.7921457290649414,,,,
26290,26290,2.793179750442505,,,,
26291,26291,2.7914576530456543,,,,
26292,26292,2.7911365032196045,,,,
26293,26293,2.790794610977173,,,,
26294,26294,2.791355848312378,,,,
26295,26295,2.7887096405029297,,,,
26296,26296,2.787893056869507,,,,
26297,26297,2.7873761653900146,,,,
26298,26298,2.7903730869293213,,,,
26299,26299,,2.792187213897705,,,
26299,26299,2.792187213897705,,,,
26300,26300,2.789231061935425,,,,
26301,26301,2.7886250019073486,,,,
26302,26302,2.7882144451141357,,,,
26303,26303,2.7878711223602295,,,,
26304,26304,2.7859416007995605,,,,
26305,26305,2.787374496459961,,,,
26306,26306,2.7849409580230713,,,,
26307,26307,2.789123058319092,,,,
26308,26308,2.787351608276367,,,,
26309,26309,,2.790038824081421,,,
26309,26309,2.790038824081421,,,,
26310,26310,2.788031816482544,,,,
26311,26311,2.787458896636963,,,,
26312,26312,2.7916853427886963,,,,
26313,26313,2.789149761199951,,,,
26314,26314,2.787231922149658,,,,
26315,26315,2.786942720413208,,,,
26316,26316,2.781681776046753,,,,
26317,26317,2.784140110015869,,,,
26318,26318,2.785423517227173,,,,
26319,26319,,2.7818071842193604,,,
26319,26319,2.7818071842193604,,,,
26320,26320,2.7770347595214844,,,,
26321,26321,2.7841885089874268,,,,
26322,26322,2.7808680534362793,,,,
26323,26323,2.779543876647949,,,,
26324,26324,2.78458309173584,,,,
26325,26325,2.778228521347046,,,,
26326,26326,2.779855966567993,,,,
26327,26327,2.7868916988372803,,,,
26328,26328,2.78592848777771,,,,
26329,26329,,2.779557704925537,,,
26329,26329,2.779557704925537,,,,
26330,26330,2.7791330814361572,,,,
26331,26331,2.7838895320892334,,,,
26332,26332,2.7852234840393066,,,,
26333,26333,2.782503366470337,,,,
26334,26334,2.7839200496673584,,,,
26335,26335,2.7821292877197266,,,,
26336,26336,2.7707479000091553,,,,
26337,26337,2.7704193592071533,,,,
26338,26338,2.782268524169922,,,,
26339,26339,,2.773729085922241,,,
26339,26339,2.773729085922241,,,,
26340,26340,2.775517702102661,,,,
26341,26341,2.787477493286133,,,,
26342,26342,2.7754085063934326,,,,
26343,26343,2.7734081745147705,,,,
26344,26344,2.786741018295288,,,,
26345,26345,2.7708499431610107,,,,
26346,26346,2.7688984870910645,,,,
26347,26347,2.7882466316223145,,,,
26348,26348,2.7694196701049805,,,,
26349,26349,,2.7842705249786377,,,
26349,26349,2.7842705249786377,,,,
26350,26350,2.784811019897461,,,,
26351,26351,2.7696902751922607,,,,
26352,26352,2.782928943634033,,,,
26353,26353,2.7831075191497803,,,,
26354,26354,2.781658172607422,,,,
26355,26355,2.779118299484253,,,,
26356,26356,2.7821757793426514,,,,
26357,26357,2.782763957977295,,,,
26358,26358,2.772266149520874,,,,
26359,26359,,2.7876949310302734,,,
26359,26359,2.7876949310302734,,,,
26360,26360,2.783698797225952,,,,
26361,26361,2.7694661617279053,,,,
26362,26362,2.782696485519409,,,,
26363,26363,2.784653425216675,,,,
26364,26364,2.774019479751587,,,,
26365,26365,2.7821927070617676,,,,
26366,26366,2.78424072265625,,,,
26367,26367,2.774108409881592,,,,
26368,26368,2.7830162048339844,,,,
26369,26369,,2.783125638961792,,,
26369,26369,2.783125638961792,,,,
26370,26370,2.784914016723633,,,,
26371,26371,2.7850613594055176,,,,
26372,26372,2.7819201946258545,,,,
26373,26373,2.7836713790893555,,,,
26374,26374,2.7847883701324463,,,,
26375,26375,2.782637119293213,,,,
26376,26376,2.7840235233306885,,,,
26377,26377,2.7824878692626953,,,,
26378,26378,2.784531831741333,,,,
26379,26379,,2.7822864055633545,,,
26379,26379,2.7822864055633545,,,,
26380,26380,2.7832210063934326,,,,
26381,26381,2.782604932785034,,,,
26382,26382,2.782716989517212,,,,
26383,26383,2.7823355197906494,,,,
26384,26384,2.780878782272339,,,,
26385,26385,2.7830803394317627,,,,
26386,26386,2.7847073078155518,,,,
26387,26387,2.782027244567871,,,,
26388,26388,2.783959150314331,,,,
26389,26389,,2.7836825847625732,,,
26389,26389,2.7836825847625732,,,,
26390,26390,2.781099796295166,,,,
26391,26391,2.7824087142944336,,,,
26392,26392,2.7828855514526367,,,,
26393,26393,2.7764880657196045,,,,
26394,26394,2.7909841537475586,,,,
26395,26395,2.7843093872070312,,,,
26396,26396,2.781989336013794,,,,
26397,26397,2.801316976547241,,,,
26398,26398,2.7839577198028564,,,,
26399,26399,,2.7937307357788086,,,
26399,26399,2.7937307357788086,,,,
26400,26400,2.8038899898529053,,,,
26401,26401,2.7864747047424316,,,,
26402,26402,2.79531192779541,,,,
26403,26403,2.7888808250427246,,,,
26404,26404,2.787277936935425,,,,
26405,26405,2.779968738555908,,,,
26406,26406,2.7827110290527344,,,,
26407,26407,2.7863688468933105,,,,
26408,26408,2.7774133682250977,,,,
26409,26409,,2.7850303649902344,,,
26409,26409,2.7850303649902344,,,,
26410,26410,2.7850778102874756,,,,
26411,26411,2.7762961387634277,,,,
26412,26412,2.784247875213623,,,,
26413,26413,2.7838006019592285,,,,
26414,26414,2.7800185680389404,,,,
26415,26415,2.786112070083618,,,,
26416,26416,2.786182403564453,,,,
26417,26417,2.775331497192383,,,,
26418,26418,2.78141713142395,,,,
26419,26419,,2.780545711517334,,,
26419,26419,2.780545711517334,,,,
26420,26420,2.7654953002929688,,,,
26421,26421,2.76332950592041,,,,
26422,26422,2.782350540161133,,,,
26423,26423,2.7737019062042236,,,,
26424,26424,2.7606632709503174,,,,
26425,26425,2.775416135787964,,,,
26426,26426,2.774688482284546,,,,
26427,26427,2.7722103595733643,,,,
26428,26428,2.7728686332702637,,,,
26429,26429,,2.7612526416778564,,,
26429,26429,2.7612526416778564,,,,
26430,26430,2.780099868774414,,,,
26431,26431,2.757601499557495,,,,
26432,26432,2.757763385772705,,,,
26433,26433,2.7710275650024414,,,,
26434,26434,2.7696616649627686,,,,
26435,26435,2.7631309032440186,,,,
26436,26436,2.7694594860076904,,,,
26437,26437,2.769496440887451,,,,
26438,26438,2.763732433319092,,,,
26439,26439,,2.770328998565674,,,
26439,26439,2.770328998565674,,,,
26440,26440,2.771056652069092,,,,
26441,26441,2.770263433456421,,,,
26442,26442,2.7706263065338135,,,,
26443,26443,2.754495620727539,,,,
26444,26444,2.7576234340667725,,,,
26445,26445,2.7565956115722656,,,,
26446,26446,2.7702908515930176,,,,
26447,26447,2.7550506591796875,,,,
26448,26448,2.7556121349334717,,,,
26449,26449,,2.767822504043579,,,
26449,26449,2.767822504043579,,,,
26450,26450,2.7697763442993164,,,,
26451,26451,2.7744882106781006,,,,
26452,26452,2.768378257751465,,,,
26453,26453,2.773374319076538,,,,
26454,26454,2.7730844020843506,,,,
26455,26455,2.771960735321045,,,,
26456,26456,2.754993438720703,,,,
26457,26457,2.750490427017212,,,,
26458,26458,2.753410577774048,,,,
26459,26459,,2.7688426971435547,,,
26459,26459,2.7688426971435547,,,,
26460,26460,2.7513980865478516,,,,
26461,26461,2.751889944076538,,,,
26462,26462,2.75687575340271,,,,
26463,26463,2.755603313446045,,,,
26464,26464,2.750732898712158,,,,
26465,26465,2.7702972888946533,,,,
26466,26466,2.7506322860717773,,,,
26467,26467,2.7700624465942383,,,,
26468,26468,2.769483804702759,,,,
26469,26469,,2.7525765895843506,,,
26469,26469,2.7525765895843506,,,,
26470,26470,2.7701199054718018,,,,
26471,26471,2.7546586990356445,,,,
26472,26472,2.7540879249572754,,,,
26473,26473,2.749830961227417,,,,
26474,26474,2.7513513565063477,,,,
26475,26475,2.748288631439209,,,,
26476,26476,2.7493059635162354,,,,
26477,26477,2.752833127975464,,,,
26478,26478,2.768954277038574,,,,
26479,26479,,2.7553155422210693,,,
26479,26479,2.7553155422210693,,,,
26480,26480,2.7543928623199463,,,,
26481,26481,2.7568399906158447,,,,
26482,26482,2.756977081298828,,,,
26483,26483,2.7566826343536377,,,,
26484,26484,2.7461800575256348,,,,
26485,26485,2.7733030319213867,,,,
26486,26486,2.7534611225128174,,,,
26487,26487,2.752364158630371,,,,
26488,26488,2.768206834793091,,,,
26489,26489,,2.743467330932617,,,
26489,26489,2.743467330932617,,,,
26490,26490,2.7499890327453613,,,,
26491,26491,2.743234395980835,,,,
26492,26492,2.7522618770599365,,,,
26493,26493,2.753347158432007,,,,
26494,26494,2.746105670928955,,,,
26495,26495,2.7637131214141846,,,,
26496,26496,2.75050687789917,,,,
26497,26497,2.7503950595855713,,,,
26498,26498,2.742790937423706,,,,
26499,26499,,2.7621910572052,,,
26499,26499,,,0.17960871756076813,197.3086700439453,182.86378479003906
26499,26499,2.7621910572052,,,,
26500,26500,2.7520382404327393,,,,
26501,26501,2.755009412765503,,,,
26502,26502,2.7491214275360107,,,,
26503,26503,2.744246244430542,,,,
26504,26504,2.750894784927368,,,,
26505,26505,2.746138334274292,,,,
26506,26506,2.7420194149017334,,,,
26507,26507,2.7482833862304688,,,,
26508,26508,2.7552199363708496,,,,
26509,26509,,2.7420654296875,,,
26509,26509,2.7420654296875,,,,
26510,26510,2.747753620147705,,,,
26511,26511,2.75425386428833,,,,
26512,26512,2.757622241973877,,,,
26513,26513,2.7455856800079346,,,,
26514,26514,2.756179094314575,,,,
26515,26515,2.7432308197021484,,,,
26516,26516,2.751534938812256,,,,
26517,26517,2.7537405490875244,,,,
26518,26518,2.7442314624786377,,,,
26519,26519,,2.7390003204345703,,,
26519,26519,2.7390003204345703,,,,
26520,26520,2.751187562942505,,,,
26521,26521,2.7385830879211426,,,,
26522,26522,2.735834836959839,,,,
26523,26523,2.747960329055786,,,,
26524,26524,2.7406158447265625,,,,
26525,26525,2.7382261753082275,,,,
26526,26526,2.7473995685577393,,,,
26527,26527,2.735790729522705,,,,
26528,26528,2.738311767578125,,,,
26529,26529,,2.7517201900482178,,,
26529,26529,2.7517201900482178,,,,
26530,26530,2.769857168197632,,,,
26531,26531,2.744384527206421,,,,
26532,26532,2.758176803588867,,,,
26533,26533,2.7366364002227783,,,,
26534,26534,2.73911452293396,,,,
26535,26535,2.75439453125,,,,
26536,26536,2.741809368133545,,,,
26537,26537,2.762068033218384,,,,
26538,26538,2.7400877475738525,,,,
26539,26539,,2.755877733230591,,,
26539,26539,2.755877733230591,,,,
26540,26540,2.7320470809936523,,,,
26541,26541,2.7320199012756348,,,,
26542,26542,2.751406192779541,,,,
26543,26543,2.741076946258545,,,,
26544,26544,2.7278268337249756,,,,
26545,26545,2.7433249950408936,,,,
26546,26546,2.74281644821167,,,,
26547,26547,2.726809501647949,,,,
26548,26548,2.734267473220825,,,,
26549,26549,,2.742561101913452,,,
26549,26549,2.742561101913452,,,,
26550,26550,2.7318270206451416,,,,
26551,26551,2.7267723083496094,,,,
26552,26552,2.7433972358703613,,,,
26553,26553,2.7427010536193848,,,,
26554,26554,2.731938362121582,,,,
26555,26555,2.7359015941619873,,,,
26556,26556,2.74480938911438,,,,
26557,26557,2.7371668815612793,,,,
26558,26558,2.729438066482544,,,,
26559,26559,,2.7425904273986816,,,
26559,26559,2.7425904273986816,,,,
26560,26560,2.7424333095550537,,,,
26561,26561,2.729957342147827,,,,
26562,26562,2.738800048828125,,,,
26563,26563,2.742539167404175,,,,
26564,26564,2.7387936115264893,,,,
26565,26565,2.7387402057647705,,,,
26566,26566,2.745337963104248,,,,
26567,26567,2.730360746383667,,,,
26568,26568,2.737299680709839,,,,
26569,26569,,2.7411253452301025,,,
26569,26569,2.7411253452301025,,,,
26570,26570,2.7373032569885254,,,,
26571,26571,2.724888563156128,,,,
26572,26572,2.7399535179138184,,,,
26573,26573,2.7429659366607666,,,,
26574,26574,2.738370418548584,,,,
26575,26575,2.7362706661224365,,,,
26576,26576,2.7374110221862793,,,,
26577,26577,2.7344210147857666,,,,
26578,26578,2.7380077838897705,,,,
26579,26579,,2.7375168800354004,,,
26579,26579,2.7375168800354004,,,,
26580,26580,2.736959457397461,,,,
26581,26581,2.735657215118408,,,,
26582,26582,2.7439141273498535,,,,
26583,26583,2.7353734970092773,,,,
26584,26584,2.7350475788116455,,,,
26585,26585,2.7404556274414062,,,,
26586,26586,2.7350430488586426,,,,
26587,26587,2.727574586868286,,,,
26588,26588,2.738647699356079,,,,
26589,26589,,2.7390661239624023,,,
26589,26589,2.7390661239624023,,,,
26590,26590,2.723950147628784,,,,
26591,26591,2.724534273147583,,,,
26592,26592,2.7388627529144287,,,,
26593,26593,2.7313668727874756,,,,
26594,26594,2.7222912311553955,,,,
26595,26595,2.732470750808716,,,,
26596,26596,2.738602638244629,,,,
26597,26597,2.724529981613159,,,,
26598,26598,2.7263364791870117,,,,
26599,26599,,2.7400870323181152,,,
26599,26599,2.7400870323181152,,,,
26600,26600,2.7260496616363525,,,,
26601,26601,2.7253482341766357,,,,
26602,26602,2.7398927211761475,,,,
26603,26603,2.733955144882202,,,,
26604,26604,2.726436138153076,,,,
26605,26605,2.7293152809143066,,,,
26606,26606,2.7398505210876465,,,,
26607,26607,2.724595785140991,,,,
26608,26608,2.7243270874023438,,,,
26609,26609,,2.7295050621032715,,,
26609,26609,2.7295050621032715,,,,
26610,26610,2.730755090713501,,,,
26611,26611,2.7212586402893066,,,,
26612,26612,2.7209420204162598,,,,
26613,26613,2.73123836517334,,,,
26614,26614,2.7232401371002197,,,,
26615,26615,2.7199208736419678,,,,
26616,26616,2.7187435626983643,,,,
26617,26617,2.716766595840454,,,,
26618,26618,2.727169990539551,,,,
26619,26619,,2.7159602642059326,,,
26619,26619,2.7159602642059326,,,,
26620,26620,2.7195088863372803,,,,
26621,26621,2.7443883419036865,,,,
26622,26622,2.7222280502319336,,,,
26623,26623,2.7232754230499268,,,,
26624,26624,2.7397031784057617,,,,
26625,26625,2.7290194034576416,,,,
26626,26626,2.72330379486084,,,,
26627,26627,2.7260706424713135,,,,
26628,26628,2.719621419906616,,,,
26629,26629,,2.7184362411499023,,,
26629,26629,2.7184362411499023,,,,
26630,26630,2.716311454772949,,,,
26631,26631,2.7152602672576904,,,,
26632,26632,2.7118375301361084,,,,
26633,26633,2.7155277729034424,,,,
26634,26634,2.717294216156006,,,,
26635,26635,2.717226028442383,,,,
26636,26636,2.7169082164764404,,,,
26637,26637,2.7121758460998535,,,,
26638,26638,2.710777521133423,,,,
26639,26639,,2.7109973430633545,,,
26639,26639,2.7109973430633545,,,,
26640,26640,2.7113893032073975,,,,
26641,26641,2.7123429775238037,,,,
26642,26642,2.7128148078918457,,,,
26643,26643,2.713163375854492,,,,
26644,26644,2.7137937545776367,,,,
26645,26645,2.7147090435028076,,,,
26646,26646,2.713688373565674,,,,
26647,26647,2.7119452953338623,,,,
26648,26648,2.723961114883423,,,,
26649,26649,,2.7101240158081055,,,
26649,26649,2.7101240158081055,,,,
26650,26650,2.7101004123687744,,,,
26651,26651,2.709926128387451,,,,
26652,26652,2.715153694152832,,,,
26653,26653,2.710425853729248,,,,
26654,26654,2.708406448364258,,,,
26655,26655,2.7093443870544434,,,,
26656,26656,2.7072038650512695,,,,
26657,26657,2.704995632171631,,,,
26658,26658,2.7088372707366943,,,,
26659,26659,,2.709090232849121,,,
26659,26659,2.709090232849121,,,,
26660,26660,2.7099053859710693,,,,
26661,26661,2.7066047191619873,,,,
26662,26662,2.7072372436523438,,,,
26663,26663,2.715519905090332,,,,
26664,26664,2.7072362899780273,,,,
26665,26665,2.712507724761963,,,,
26666,26666,2.7060296535491943,,,,
26667,26667,2.71635103225708,,,,
26668,26668,2.7160537242889404,,,,
26669,26669,,2.708024740219116,,,
26669,26669,2.708024740219116,,,,
26670,26670,2.715541124343872,,,,
26671,26671,2.7082183361053467,,,,
26672,26672,2.706751585006714,,,,
26673,26673,2.7091104984283447,,,,
26674,26674,2.7102184295654297,,,,
26675,26675,2.712894916534424,,,,
26676,26676,2.708439826965332,,,,
26677,26677,2.716761827468872,,,,
26678,26678,2.7091026306152344,,,,
26679,26679,,2.7070822715759277,,,
26679,26679,2.7070822715759277,,,,
26680,26680,2.7134108543395996,,,,
26681,26681,2.707289218902588,,,,
26682,26682,2.7146284580230713,,,,
26683,26683,2.712913751602173,,,,
26684,26684,2.7074291706085205,,,,
26685,26685,2.7138092517852783,,,,
26686,26686,2.7032487392425537,,,,
26687,26687,2.7165768146514893,,,,
26688,26688,2.706538200378418,,,,
26689,26689,,2.7059926986694336,,,
26689,26689,2.7059926986694336,,,,
26690,26690,2.711632490158081,,,,
26691,26691,2.705336093902588,,,,
26692,26692,2.7084596157073975,,,,
26693,26693,2.7096450328826904,,,,
26694,26694,2.7099852561950684,,,,
26695,26695,2.7065589427948,,,,
26696,26696,2.707813262939453,,,,
26697,26697,2.7083847522735596,,,,
26698,26698,2.7087771892547607,,,,
26699,26699,,2.7117292881011963,,,
26699,26699,2.7117292881011963,,,,
26700,26700,2.711408853530884,,,,
26701,26701,2.7113442420959473,,,,
26702,26702,2.71071720123291,,,,
26703,26703,2.707899808883667,,,,
26704,26704,2.709115743637085,,,,
26705,26705,2.7124898433685303,,,,
26706,26706,2.711510181427002,,,,
26707,26707,2.7105302810668945,,,,
26708,26708,2.708681106567383,,,,
26709,26709,,2.7076761722564697,,,
26709,26709,2.7076761722564697,,,,
26710,26710,2.7040579319000244,,,,
26711,26711,2.7059671878814697,,,,
26712,26712,2.707859992980957,,,,
26713,26713,2.7079989910125732,,,,
26714,26714,2.707308769226074,,,,
26715,26715,2.7057902812957764,,,,
26716,26716,2.705672264099121,,,,
26717,26717,2.7058160305023193,,,,
26718,26718,2.704578161239624,,,,
26719,26719,,2.7058000564575195,,,
26719,26719,2.7058000564575195,,,,
26720,26720,2.706328868865967,,,,
26721,26721,2.7055740356445312,,,,
26722,26722,2.7026095390319824,,,,
26723,26723,2.6993796825408936,,,,
26724,26724,2.7064626216888428,,,,
26725,26725,2.700260639190674,,,,
26726,26726,2.696470022201538,,,,
26727,26727,2.7085049152374268,,,,
26728,26728,2.709054708480835,,,,
26729,26729,,2.710538625717163,,,
26729,26729,2.710538625717163,,,,
26730,26730,2.708657741546631,,,,
26731,26731,2.70652437210083,,,,
26732,26732,2.7096810340881348,,,,
26733,26733,2.7120625972747803,,,,
26734,26734,2.7079758644104004,,,,
26735,26735,2.7081356048583984,,,,
26736,26736,2.7106118202209473,,,,
26737,26737,2.706585168838501,,,,
26738,26738,2.709882974624634,,,,
26739,26739,,2.7059268951416016,,,
26739,26739,2.7059268951416016,,,,
26740,26740,2.7093729972839355,,,,
26741,26741,2.7080068588256836,,,,
26742,26742,2.7071852684020996,,,,
26743,26743,2.7122650146484375,,,,
26744,26744,2.7105610370635986,,,,
26745,26745,2.71046781539917,,,,
26746,26746,2.70080304145813,,,,
26747,26747,2.7076027393341064,,,,
26748,26748,2.708087921142578,,,,
26749,26749,,2.7023675441741943,,,
26749,26749,2.7023675441741943,,,,
26750,26750,2.700883388519287,,,,
26751,26751,2.7074661254882812,,,,
26752,26752,2.707491397857666,,,,
26753,26753,2.7022414207458496,,,,
26754,26754,2.70428729057312,,,,
26755,26755,2.7070822715759277,,,,
26756,26756,2.700500249862671,,,,
26757,26757,2.7015955448150635,,,,
26758,26758,2.709367036819458,,,,
26759,26759,,2.707282781600952,,,
26759,26759,2.707282781600952,,,,
26760,26760,2.7021865844726562,,,,
26761,26761,2.708324670791626,,,,
26762,26762,2.7080767154693604,,,,
26763,26763,2.6991543769836426,,,,
26764,26764,2.7077836990356445,,,,
26765,26765,2.706298351287842,,,,
26766,26766,2.701817274093628,,,,
26767,26767,2.6953067779541016,,,,
26768,26768,2.7029597759246826,,,,
26769,26769,,2.704519271850586,,,
26769,26769,2.704519271850586,,,,
26770,26770,2.7028238773345947,,,,
26771,26771,2.6934330463409424,,,,
26772,26772,2.7042810916900635,,,,
26773,26773,2.7077746391296387,,,,
26774,26774,2.6925859451293945,,,,
26775,26775,2.6938812732696533,,,,
26776,26776,2.706815719604492,,,,
26777,26777,2.7030324935913086,,,,
26778,26778,2.6946299076080322,,,,
26779,26779,,2.702819585800171,,,
26779,26779,2.702819585800171,,,,
26780,26780,2.7059786319732666,,,,
26781,26781,2.6921823024749756,,,,
26782,26782,2.706604480743408,,,,
26783,26783,2.7060494422912598,,,,
26784,26784,2.7025279998779297,,,,
26785,26785,2.7029669284820557,,,,
26786,26786,2.7102127075195312,,,,
26787,26787,2.7089507579803467,,,,
26788,26788,2.695054292678833,,,,
26789,26789,,2.705763101577759,,,
26789,26789,2.705763101577759,,,,
26790,26790,2.7067930698394775,,,,
26791,26791,2.694632053375244,,,,
26792,26792,2.705092668533325,,,,
26793,26793,2.7011494636535645,,,,
26794,26794,2.6869986057281494,,,,
26795,26795,2.7054340839385986,,,,
26796,26796,2.6990163326263428,,,,
26797,26797,2.6894304752349854,,,,
26798,26798,2.7058792114257812,,,,
26799,26799,,2.707084894180298,,,
26799,26799,2.707084894180298,,,,
26800,26800,2.6953675746917725,,,,
26801,26801,2.6988282203674316,,,,
26802,26802,2.7050940990448,,,,
26803,26803,2.7014355659484863,,,,
26804,26804,2.6942059993743896,,,,
26805,26805,2.7037110328674316,,,,
26806,26806,2.6991426944732666,,,,
26807,26807,2.69260835647583,,,,
26808,26808,2.6950178146362305,,,,
26809,26809,,2.6948115825653076,,,
26809,26809,2.6948115825653076,,,,
26810,26810,2.694892168045044,,,,
26811,26811,2.694265842437744,,,,
26812,26812,2.694610118865967,,,,
26813,26813,2.688871145248413,,,,
26814,26814,2.694580554962158,,,,
26815,26815,2.6892924308776855,,,,
26816,26816,2.6890039443969727,,,,
26817,26817,2.7045187950134277,,,,
26818,26818,2.6891939640045166,,,,
26819,26819,,2.695643901824951,,,
26819,26819,2.695643901824951,,,,
26820,26820,2.6966280937194824,,,,
26821,26821,2.695739269256592,,,,
26822,26822,2.691525459289551,,,,
26823,26823,2.6975159645080566,,,,
26824,26824,2.697434186935425,,,,
26825,26825,2.6922824382781982,,,,
26826,26826,2.691464424133301,,,,
26827,26827,2.698077440261841,,,,
26828,26828,2.6980998516082764,,,,
26829,26829,,2.698972463607788,,,
26829,26829,2.698972463607788,,,,
26830,26830,2.6987898349761963,,,,
26831,26831,2.7003719806671143,,,,
26832,26832,2.699505567550659,,,,
26833,26833,2.694077968597412,,,,
26834,26834,2.6974036693573,,,,
26835,26835,2.696560859680176,,,,
26836,26836,2.698673963546753,,,,
26837,26837,2.698756217956543,,,,
26838,26838,2.6992738246917725,,,,
26839,26839,,2.697140693664551,,,
26839,26839,2.697140693664551,,,,
26840,26840,2.6929068565368652,,,,
26841,26841,2.6943089962005615,,,,
26842,26842,2.6927597522735596,,,,
26843,26843,2.694396495819092,,,,
26844,26844,2.6948444843292236,,,,
26845,26845,2.693467855453491,,,,
26846,26846,2.6930928230285645,,,,
26847,26847,2.69380259513855,,,,
26848,26848,2.6983602046966553,,,,
26849,26849,,2.6931514739990234,,,
26849,26849,2.6931514739990234,,,,
26850,26850,2.689948081970215,,,,
26851,26851,2.7144718170166016,,,,
26852,26852,2.691631317138672,,,,
26853,26853,2.6881799697875977,,,,
26854,26854,2.735046863555908,,,,
26855,26855,2.699690103530884,,,,
26856,26856,2.698728322982788,,,,
26857,26857,2.7376770973205566,,,,
26858,26858,2.7039642333984375,,,,
26859,26859,,2.704608201980591,,,
26859,26859,2.704608201980591,,,,
26860,26860,2.7567903995513916,,,,
26861,26861,2.748472213745117,,,,
26862,26862,2.6999447345733643,,,,
26863,26863,2.852886199951172,,,,
26864,26864,2.912357807159424,,,,
26865,26865,2.699867010116577,,,,
26866,26866,2.999286651611328,,,,
26867,26867,2.9329328536987305,,,,
26868,26868,2.8243634700775146,,,,
26869,26869,,3.0796468257904053,,,
26869,26869,3.0796468257904053,,,,
26870,26870,2.7902379035949707,,,,
26871,26871,2.8453145027160645,,,,
26872,26872,2.806591510772705,,,,
26873,26873,2.806856393814087,,,,
26874,26874,2.810116767883301,,,,
26875,26875,2.7459945678710938,,,,
26876,26876,2.8727188110351562,,,,
26877,26877,2.7117669582366943,,,,
26878,26878,2.7540946006774902,,,,
26879,26879,,2.7131175994873047,,,
26879,26879,2.7131175994873047,,,,
26880,26880,2.748824119567871,,,,
26881,26881,2.7665534019470215,,,,
26882,26882,2.7043263912200928,,,,
26883,26883,2.880894899368286,,,,
26884,26884,2.8346786499023438,,,,
26885,26885,2.7264161109924316,,,,
26886,26886,2.8971595764160156,,,,
26887,26887,2.7084319591522217,,,,
26888,26888,2.7797062397003174,,,,
26889,26889,,2.746469497680664,,,
26889,26889,2.746469497680664,,,,
26890,26890,2.7380576133728027,,,,
26891,26891,2.7701427936553955,,,,
26892,26892,2.691436290740967,,,,
26893,26893,2.796483039855957,,,,
26894,26894,2.700986385345459,,,,
26895,26895,2.7057645320892334,,,,
26896,26896,2.7083022594451904,,,,
26897,26897,2.7119336128234863,,,,
26898,26898,2.7138113975524902,,,,
26899,26899,,2.6998064517974854,,,
26899,26899,2.6998064517974854,,,,
26900,26900,2.7267215251922607,,,,
26901,26901,2.6869940757751465,,,,
26902,26902,2.6975343227386475,,,,
26903,26903,2.683511257171631,,,,
26904,26904,2.687645435333252,,,,
26905,26905,2.686779737472534,,,,
26906,26906,2.691169500350952,,,,
26907,26907,2.688318967819214,,,,
26908,26908,2.6999573707580566,,,,
26909,26909,,2.6861624717712402,,,
26909,26909,2.6861624717712402,,,,
26910,26910,2.688185930252075,,,,
26911,26911,2.6932384967803955,,,,
26912,26912,2.6862499713897705,,,,
26913,26913,2.6821701526641846,,,,
26914,26914,2.6848230361938477,,,,
26915,26915,2.681584119796753,,,,
26916,26916,2.682373285293579,,,,
26917,26917,2.682431697845459,,,,
26918,26918,2.67687726020813,,,,
26919,26919,,2.680786609649658,,,
26919,26919,2.680786609649658,,,,
26920,26920,2.6846201419830322,,,,
26921,26921,2.684865713119507,,,,
26922,26922,2.6799166202545166,,,,
26923,26923,2.6761233806610107,,,,
26924,26924,2.6789045333862305,,,,
26925,26925,2.6777150630950928,,,,
26926,26926,2.6780812740325928,,,,
26927,26927,2.678619384765625,,,,
26928,26928,2.680763006210327,,,,
26929,26929,,2.6813113689422607,,,
26929,26929,2.6813113689422607,,,,
26930,26930,2.680467367172241,,,,
26931,26931,2.6820852756500244,,,,
26932,26932,2.6822478771209717,,,,
26933,26933,2.6827995777130127,,,,
26934,26934,2.680468797683716,,,,
26935,26935,2.6779162883758545,,,,
26936,26936,2.6804697513580322,,,,
26937,26937,2.67956805229187,,,,
26938,26938,2.678837537765503,,,,
26939,26939,,2.6793150901794434,,,
26939,26939,2.6793150901794434,,,,
26940,26940,2.6779215335845947,,,,
26941,26941,2.681525707244873,,,,
26942,26942,2.680622100830078,,,,
26943,26943,2.6793341636657715,,,,
26944,26944,2.6777572631835938,,,,
26945,26945,2.674731492996216,,,,
26946,26946,2.675236701965332,,,,
26947,26947,2.6743736267089844,,,,
26948,26948,2.6768200397491455,,,,
26949,26949,,2.6760642528533936,,,
26949,26949,2.6760642528533936,,,,
26950,26950,2.6758809089660645,,,,
26951,26951,2.6779000759124756,,,,
26952,26952,2.6770341396331787,,,,
26953,26953,2.6767327785491943,,,,
26954,26954,2.6777045726776123,,,,
26955,26955,2.677286386489868,,,,
26956,26956,2.6779274940490723,,,,
26957,26957,2.677523612976074,,,,
26958,26958,2.67885422706604,,,,
26959,26959,,2.6780898571014404,,,
26959,26959,2.6780898571014404,,,,
26960,26960,2.6792566776275635,,,,
26961,26961,2.6797170639038086,,,,
26962,26962,2.6794800758361816,,,,
26963,26963,2.674964189529419,,,,
26964,26964,2.673190116882324,,,,
26965,26965,2.6741530895233154,,,,
26966,26966,2.675607204437256,,,,
26967,26967,2.674178123474121,,,,
26968,26968,2.6752004623413086,,,,
26969,26969,,2.676238536834717,,,
26969,26969,2.676238536834717,,,,
26970,26970,2.675069570541382,,,,
26971,26971,2.6781296730041504,,,,
26972,26972,2.6795005798339844,,,,
26973,26973,2.679628372192383,,,,
26974,26974,2.7023658752441406,,,,
26975,26975,2.6832644939422607,,,,
26976,26976,2.6807587146759033,,,,
26977,26977,2.6881227493286133,,,,
26978,26978,2.681062698364258,,,,
26979,26979,,2.68039870262146,,,
26979,26979,2.68039870262146,,,,
26980,26980,2.684673547744751,,,,
26981,26981,2.68139386177063,,,,
26982,26982,2.6790966987609863,,,,
26983,26983,2.6749963760375977,,,,
26984,26984,2.6741743087768555,,,,
26985,26985,2.676913022994995,,,,
26986,26986,2.677285671234131,,,,
26987,26987,2.676445245742798,,,,
26988,26988,2.676687717437744,,,,
26989,26989,,2.679631233215332,,,
26989,26989,2.679631233215332,,,,
26990,26990,2.6779837608337402,,,,
26991,26991,2.674675464630127,,,,
26992,26992,2.6781435012817383,,,,
26993,26993,2.6956560611724854,,,,
26994,26994,2.6764681339263916,,,,
26995,26995,2.6742970943450928,,,,
26996,26996,2.672727346420288,,,,
26997,26997,2.673586368560791,,,,
26998,26998,2.6731441020965576,,,,
26999,26999,,2.6813697814941406,,,
26999,26999,,,0.17786964774131775,193.50628662109375,182.86378479003906
26999,26999,2.6813697814941406,,,,
27000,27000,2.6763203144073486,,,,
27001,27001,2.6762940883636475,,,,
27002,27002,2.6752982139587402,,,,
27003,27003,2.6748619079589844,,,,
27004,27004,2.6832380294799805,,,,
27005,27005,2.67374587059021,,,,
27006,27006,2.6995949745178223,,,,
27007,27007,2.6862547397613525,,,,
27008,27008,2.6735143661499023,,,,
27009,27009,,2.7014520168304443,,,
27009,27009,2.7014520168304443,,,,
27010,27010,2.6718292236328125,,,,
27011,27011,2.683954954147339,,,,
27012,27012,2.6911215782165527,,,,
27013,27013,2.67816424369812,,,,
27014,27014,2.6706717014312744,,,,
27015,27015,2.6757712364196777,,,,
27016,27016,2.6789045333862305,,,,
27017,27017,2.6754953861236572,,,,
27018,27018,2.677656412124634,,,,
27019,27019,,2.6913363933563232,,,
27019,27019,2.6913363933563232,,,,
27020,27020,2.678502082824707,,,,
27021,27021,2.6748669147491455,,,,
27022,27022,2.687225341796875,,,,
27023,27023,2.6749930381774902,,,,
27024,27024,2.6728968620300293,,,,
27025,27025,2.67352557182312,,,,
27026,27026,2.6850621700286865,,,,
27027,27027,2.683368444442749,,,,
27028,27028,2.675938844680786,,,,
27029,27029,,2.674642324447632,,,
27029,27029,2.674642324447632,,,,
27030,27030,2.685913562774658,,,,
27031,27031,2.6879589557647705,,,,
27032,27032,2.6735680103302,,,,
27033,27033,2.6703991889953613,,,,
27034,27034,2.687375068664551,,,,
27035,27035,2.686204433441162,,,,
27036,27036,2.6730639934539795,,,,
27037,27037,2.6726953983306885,,,,
27038,27038,2.6825053691864014,,,,
27039,27039,,2.673973798751831,,,
27039,27039,2.673973798751831,,,,
27040,27040,2.67214035987854,,,,
27041,27041,2.671287775039673,,,,
27042,27042,2.683185577392578,,,,
27043,27043,2.6735026836395264,,,,
27044,27044,2.6727957725524902,,,,
27045,27045,2.672813653945923,,,,
27046,27046,2.6857986450195312,,,,
27047,27047,2.6760153770446777,,,,
27048,27048,2.677464008331299,,,,
27049,27049,,2.674786329269409,,,
27049,27049,2.674786329269409,,,,
27050,27050,2.6741974353790283,,,,
27051,27051,2.675401210784912,,,,
27052,27052,2.6745100021362305,,,,
27053,27053,2.6815075874328613,,,,
27054,27054,2.675128221511841,,,,
27055,27055,2.6688785552978516,,,,
27056,27056,2.686689615249634,,,,
27057,27057,2.6862728595733643,,,,
27058,27058,2.667628288269043,,,,
27059,27059,,2.6687142848968506,,,
27059,27059,2.6687142848968506,,,,
27060,27060,2.6834845542907715,,,,
27061,27061,2.6885788440704346,,,,
27062,27062,2.6726696491241455,,,,
27063,27063,2.6738929748535156,,,,
27064,27064,2.6827516555786133,,,,
27065,27065,2.6727473735809326,,,,
27066,27066,2.6777689456939697,,,,
27067,27067,2.679533004760742,,,,
27068,27068,2.6855967044830322,,,,
27069,27069,,2.6785666942596436,,,
27069,27069,2.6785666942596436,,,,
27070,27070,2.66764497756958,,,,
27071,27071,2.689378023147583,,,,
27072,27072,2.6788947582244873,,,,
27073,27073,2.67529296875,,,,
27074,27074,2.6809329986572266,,,,
27075,27075,2.699152946472168,,,,
27076,27076,2.676689624786377,,,,
27077,27077,2.67429780960083,,,,
27078,27078,2.7044718265533447,,,,
27079,27079,,2.6806557178497314,,,
27079,27079,2.6806557178497314,,,,
27080,27080,2.67519474029541,,,,
27081,27081,2.6755146980285645,,,,
27082,27082,2.681304931640625,,,,
27083,27083,2.673933506011963,,,,
27084,27084,2.67716646194458,,,,
27085,27085,2.7126758098602295,,,,
27086,27086,2.6747350692749023,,,,
27087,27087,2.6783392429351807,,,,
27088,27088,2.6888601779937744,,,,
27089,27089,,2.6851630210876465,,,
27089,27089,2.6851630210876465,,,,
27090,27090,2.6829662322998047,,,,
27091,27091,2.679767370223999,,,,
27092,27092,2.6980972290039062,,,,
27093,27093,2.67634916305542,,,,
27094,27094,2.671360492706299,,,,
27095,27095,2.691971778869629,,,,
27096,27096,2.6789231300354004,,,,
27097,27097,2.6778404712677,,,,
27098,27098,2.6811466217041016,,,,
27099,27099,,2.6931629180908203,,,
27099,27099,2.6931629180908203,,,,
27100,27100,2.676595687866211,,,,
27101,27101,2.6739912033081055,,,,
27102,27102,2.685396671295166,,,,
27103,27103,2.6884803771972656,,,,
27104,27104,2.6718270778656006,,,,
27105,27105,2.6764283180236816,,,,
27106,27106,2.689086437225342,,,,
27107,27107,2.6754744052886963,,,,
27108,27108,2.674163818359375,,,,
27109,27109,,2.6732842922210693,,,
27109,27109,2.6732842922210693,,,,
27110,27110,2.6849277019500732,,,,
27111,27111,2.673444986343384,,,,
27112,27112,2.673043966293335,,,,
27113,27113,2.68152117729187,,,,
27114,27114,2.6812145709991455,,,,
27115,27115,2.6717097759246826,,,,
27116,27116,2.678715229034424,,,,
27117,27117,2.678138017654419,,,,
27118,27118,2.669137477874756,,,,
27119,27119,,2.6688289642333984,,,
27119,27119,2.6688289642333984,,,,
27120,27120,2.670610189437866,,,,
27121,27121,2.67757511138916,,,,
27122,27122,2.6700875759124756,,,,
27123,27123,2.6731574535369873,,,,
27124,27124,2.6763319969177246,,,,
27125,27125,2.6750524044036865,,,,
27126,27126,2.6752700805664062,,,,
27127,27127,2.671213150024414,,,,
27128,27128,2.6744394302368164,,,,
27129,27129,,2.672356128692627,,,
27129,27129,2.672356128692627,,,,
27130,27130,2.6799328327178955,,,,
27131,27131,2.6718273162841797,,,,
27132,27132,2.6751794815063477,,,,
27133,27133,2.6721622943878174,,,,
27134,27134,2.67924427986145,,,,
27135,27135,2.673318862915039,,,,
27136,27136,2.666755437850952,,,,
27137,27137,2.668501615524292,,,,
27138,27138,2.661909818649292,,,,
27139,27139,,2.665337562561035,,,
27139,27139,2.665337562561035,,,,
27140,27140,2.661350727081299,,,,
27141,27141,2.6737406253814697,,,,
27142,27142,2.6697075366973877,,,,
27143,27143,2.6786646842956543,,,,
27144,27144,2.6789159774780273,,,,
27145,27145,2.670480728149414,,,,
27146,27146,2.674400568008423,,,,
27147,27147,2.6711957454681396,,,,
27148,27148,2.6770942211151123,,,,
27149,27149,,2.6750636100769043,,,
27149,27149,2.6750636100769043,,,,
27150,27150,2.6698999404907227,,,,
27151,27151,2.6718220710754395,,,,
27152,27152,2.675992965698242,,,,
27153,27153,2.675931930541992,,,,
27154,27154,2.67354416847229,,,,
27155,27155,2.676210403442383,,,,
27156,27156,2.675380229949951,,,,
27157,27157,2.667370319366455,,,,
27158,27158,2.6662237644195557,,,,
27159,27159,,2.672769784927368,,,
27159,27159,2.672769784927368,,,,
27160,27160,2.67476224899292,,,,
27161,27161,2.671265125274658,,,,
27162,27162,2.6742241382598877,,,,
27163,27163,2.672109365463257,,,,
27164,27164,2.674746513366699,,,,
27165,27165,2.6714699268341064,,,,
27166,27166,2.6718084812164307,,,,
27167,27167,2.6720170974731445,,,,
27168,27168,2.6747541427612305,,,,
27169,27169,,2.6688742637634277,,,
27169,27169,2.6688742637634277,,,,
27170,27170,2.6665921211242676,,,,
27171,27171,2.668729066848755,,,,
27172,27172,2.673499345779419,,,,
27173,27173,2.670131206512451,,,,
27174,27174,2.6665523052215576,,,,
27175,27175,2.6640307903289795,,,,
27176,27176,2.6665515899658203,,,,
27177,27177,2.66477108001709,,,,
27178,27178,2.667154550552368,,,,
27179,27179,,2.665560007095337,,,
27179,27179,2.665560007095337,,,,
27180,27180,2.664531946182251,,,,
27181,27181,2.664785861968994,,,,
27182,27182,2.664457082748413,,,,
27183,27183,2.6648874282836914,,,,
27184,27184,2.6660892963409424,,,,
27185,27185,2.6673014163970947,,,,
27186,27186,2.6641247272491455,,,,
27187,27187,2.665724992752075,,,,
27188,27188,2.6670148372650146,,,,
27189,27189,,2.663121461868286,,,
27189,27189,2.663121461868286,,,,
27190,27190,2.6624631881713867,,,,
27191,27191,2.6665103435516357,,,,
27192,27192,2.66631817817688,,,,
27193,27193,2.6638987064361572,,,,
27194,27194,2.663080930709839,,,,
27195,27195,2.6623051166534424,,,,
27196,27196,2.665621519088745,,,,
27197,27197,2.665189504623413,,,,
27198,27198,2.661534070968628,,,,
27199,27199,,2.6583919525146484,,,
27199,27199,2.6583919525146484,,,,
27200,27200,2.663076877593994,,,,
27201,27201,2.6657750606536865,,,,
27202,27202,2.6655337810516357,,,,
27203,27203,2.662139892578125,,,,
27204,27204,2.666221857070923,,,,
27205,27205,2.6650965213775635,,,,
27206,27206,2.664438486099243,,,,
27207,27207,2.6594676971435547,,,,
27208,27208,2.663600206375122,,,,
27209,27209,,2.662914514541626,,,
27209,27209,2.662914514541626,,,,
27210,27210,2.665165424346924,,,,
27211,27211,2.66477108001709,,,,
27212,27212,2.666666269302368,,,,
27213,27213,2.665994882583618,,,,
27214,27214,2.670290946960449,,,,
27215,27215,2.6628365516662598,,,,
27216,27216,2.6632275581359863,,,,
27217,27217,2.664858102798462,,,,
27218,27218,2.664991617202759,,,,
27219,27219,,2.6631851196289062,,,
27219,27219,2.6631851196289062,,,,
27220,27220,2.666186571121216,,,,
27221,27221,2.661187171936035,,,,
27222,27222,2.665295124053955,,,,
27223,27223,2.659930944442749,,,,
27224,27224,2.662174940109253,,,,
27225,27225,2.6616013050079346,,,,
27226,27226,2.665302038192749,,,,
27227,27227,2.6633198261260986,,,,
27228,27228,2.664743661880493,,,,
27229,27229,,2.6643853187561035,,,
27229,27229,2.6643853187561035,,,,
27230,27230,2.661341428756714,,,,
27231,27231,2.6638052463531494,,,,
27232,27232,2.661179542541504,,,,
27233,27233,2.6631669998168945,,,,
27234,27234,2.6621384620666504,,,,
27235,27235,2.662797689437866,,,,
27236,27236,2.665414333343506,,,,
27237,27237,2.6633729934692383,,,,
27238,27238,2.6640403270721436,,,,
27239,27239,,2.666463613510132,,,
27239,27239,2.666463613510132,,,,
27240,27240,2.6640419960021973,,,,
27241,27241,2.6603569984436035,,,,
27242,27242,2.6646268367767334,,,,
27243,27243,2.655245780944824,,,,
27244,27244,2.662289619445801,,,,
27245,27245,2.6613426208496094,,,,
27246,27246,2.653412103652954,,,,
27247,27247,2.658285140991211,,,,
27248,27248,2.6640305519104004,,,,
27249,27249,,2.6578187942504883,,,
27249,27249,2.6578187942504883,,,,
27250,27250,2.6552696228027344,,,,
27251,27251,2.6607210636138916,,,,
27252,27252,2.661147356033325,,,,
27253,27253,2.6565890312194824,,,,
27254,27254,2.6640381813049316,,,,
27255,27255,2.663726568222046,,,,
27256,27256,2.6587443351745605,,,,
27257,27257,2.6586287021636963,,,,
27258,27258,2.659687042236328,,,,
27259,27259,,2.653900384902954,,,
27259,27259,2.653900384902954,,,,
27260,27260,2.6580638885498047,,,,
27261,27261,2.6575419902801514,,,,
27262,27262,2.6566812992095947,,,,
27263,27263,2.6605119705200195,,,,
27264,27264,2.6624581813812256,,,,
27265,27265,2.659201145172119,,,,
27266,27266,2.6616504192352295,,,,
27267,27267,2.661314010620117,,,,
27268,27268,2.6585981845855713,,,,
27269,27269,,2.662540912628174,,,
27269,27269,2.662540912628174,,,,
27270,27270,2.6617727279663086,,,,
27271,27271,2.6631643772125244,,,,
27272,27272,2.6653730869293213,,,,
27273,27273,2.658588171005249,,,,
27274,27274,2.6572933197021484,,,,
27275,27275,2.6587936878204346,,,,
27276,27276,2.661391496658325,,,,
27277,27277,2.6549830436706543,,,,
27278,27278,2.658921480178833,,,,
27279,27279,,2.6569182872772217,,,
27279,27279,2.6569182872772217,,,,
27280,27280,2.6586475372314453,,,,
27281,27281,2.656125068664551,,,,
27282,27282,2.6585488319396973,,,,
27283,27283,2.661259889602661,,,,
27284,27284,2.655848264694214,,,,
27285,27285,2.656618595123291,,,,
27286,27286,2.6646296977996826,,,,
27287,27287,2.661377429962158,,,,
27288,27288,2.6600568294525146,,,,
27289,27289,,2.6529781818389893,,,
27289,27289,2.6529781818389893,,,,
27290,27290,2.665816307067871,,,,
27291,27291,2.658296585083008,,,,
27292,27292,2.655351161956787,,,,
27293,27293,2.6666908264160156,,,,
27294,27294,2.6568219661712646,,,,
27295,27295,2.655672311782837,,,,
27296,27296,2.6614105701446533,,,,
27297,27297,2.651799201965332,,,,
27298,27298,2.6519601345062256,,,,
27299,27299,,2.6617586612701416,,,
27299,27299,2.6617586612701416,,,,
27300,27300,2.65401291847229,,,,
27301,27301,2.660851001739502,,,,
27302,27302,2.6628665924072266,,,,
27303,27303,2.661295175552368,,,,
27304,27304,2.6572327613830566,,,,
27305,27305,2.659449577331543,,,,
27306,27306,2.658667802810669,,,,
27307,27307,2.655419111251831,,,,
27308,27308,2.658400535583496,,,,
27309,27309,,2.654059648513794,,,
27309,27309,2.654059648513794,,,,
27310,27310,2.654958486557007,,,,
27311,27311,2.6560397148132324,,,,
27312,27312,2.653954267501831,,,,
27313,27313,2.6550886631011963,,,,
27314,27314,2.6581263542175293,,,,
27315,27315,2.6555182933807373,,,,
27316,27316,2.6586132049560547,,,,
27317,27317,2.661898612976074,,,,
27318,27318,2.655211925506592,,,,
27319,27319,,2.656538963317871,,,
27319,27319,2.656538963317871,,,,
27320,27320,2.65352463722229,,,,
27321,27321,2.66633939743042,,,,
27322,27322,2.6644859313964844,,,,
27323,27323,2.6547324657440186,,,,
27324,27324,2.6598494052886963,,,,
27325,27325,2.6533455848693848,,,,
27326,27326,2.6519217491149902,,,,
27327,27327,2.6566545963287354,,,,
27328,27328,2.6753690242767334,,,,
27329,27329,,2.6477317810058594,,,
27329,27329,2.6477317810058594,,,,
27330,27330,2.6540093421936035,,,,
27331,27331,2.651047706604004,,,,
27332,27332,2.6708145141601562,,,,
27333,27333,2.6508865356445312,,,,
27334,27334,2.670203685760498,,,,
27335,27335,2.655756950378418,,,,
27336,27336,2.662015438079834,,,,
27337,27337,2.6805002689361572,,,,
27338,27338,2.656860828399658,,,,
27339,27339,,2.7299299240112305,,,
27339,27339,2.7299299240112305,,,,
27340,27340,2.654264211654663,,,,
27341,27341,2.6724679470062256,,,,
27342,27342,2.661454439163208,,,,
27343,27343,2.662963628768921,,,,
27344,27344,2.658352851867676,,,,
27345,27345,2.6446692943573,,,,
27346,27346,2.6628847122192383,,,,
27347,27347,2.652621030807495,,,,
27348,27348,2.6523354053497314,,,,
27349,27349,,2.6549980640411377,,,
27349,27349,2.6549980640411377,,,,
27350,27350,2.6560661792755127,,,,
27351,27351,2.6500043869018555,,,,
27352,27352,2.655574321746826,,,,
27353,27353,2.652376174926758,,,,
27354,27354,2.6498665809631348,,,,
27355,27355,2.6544086933135986,,,,
27356,27356,2.650996208190918,,,,
27357,27357,2.6417577266693115,,,,
27358,27358,2.642395496368408,,,,
27359,27359,,2.642566442489624,,,
27359,27359,2.642566442489624,,,,
27360,27360,2.6483800411224365,,,,
27361,27361,2.646286725997925,,,,
27362,27362,2.644749164581299,,,,
27363,27363,2.639996290206909,,,,
27364,27364,2.6494393348693848,,,,
27365,27365,2.6423535346984863,,,,
27366,27366,2.6506900787353516,,,,
27367,27367,2.640291929244995,,,,
27368,27368,2.6427950859069824,,,,
27369,27369,,2.641002893447876,,,
27369,27369,2.641002893447876,,,,
27370,27370,2.645822763442993,,,,
27371,27371,2.6410300731658936,,,,
27372,27372,2.642491579055786,,,,
27373,27373,2.63734769821167,,,,
27374,27374,2.635934591293335,,,,
27375,27375,2.632697820663452,,,,
27376,27376,2.639188528060913,,,,
27377,27377,2.6358158588409424,,,,
27378,27378,2.6348612308502197,,,,
27379,27379,,2.6348140239715576,,,
27379,27379,2.6348140239715576,,,,
27380,27380,2.6347367763519287,,,,
27381,27381,2.636227607727051,,,,
27382,27382,2.6388418674468994,,,,
27383,27383,2.6348254680633545,,,,
27384,27384,2.633485794067383,,,,
27385,27385,2.632305860519409,,,,
27386,27386,2.6383559703826904,,,,
27387,27387,2.633599042892456,,,,
27388,27388,2.6338374614715576,,,,
27389,27389,,2.652097463607788,,,
27389,27389,2.652097463607788,,,,
27390,27390,2.633361577987671,,,,
27391,27391,2.6338162422180176,,,,
27392,27392,2.6433823108673096,,,,
27393,27393,2.636601448059082,,,,
27394,27394,2.6416521072387695,,,,
27395,27395,2.636789083480835,,,,
27396,27396,2.650935173034668,,,,
27397,27397,2.636809825897217,,,,
27398,27398,2.6398327350616455,,,,
27399,27399,,2.645031452178955,,,
27399,27399,2.645031452178955,,,,
27400,27400,2.6350340843200684,,,,
27401,27401,2.6469926834106445,,,,
27402,27402,2.6341092586517334,,,,
27403,27403,2.644092559814453,,,,
27404,27404,2.6391682624816895,,,,
27405,27405,2.6442649364471436,,,,
27406,27406,2.635040760040283,,,,
27407,27407,2.641378402709961,,,,
27408,27408,2.6427056789398193,,,,
27409,27409,,2.6366662979125977,,,
27409,27409,2.6366662979125977,,,,
27410,27410,2.6429522037506104,,,,
27411,27411,2.6319081783294678,,,,
27412,27412,2.6387851238250732,,,,
27413,27413,2.630769968032837,,,,
27414,27414,2.6293468475341797,,,,
27415,27415,2.6282565593719482,,,,
27416,27416,2.632079601287842,,,,
27417,27417,2.6276004314422607,,,,
27418,27418,2.6271419525146484,,,,
27419,27419,,2.629864454269409,,,
27419,27419,2.629864454269409,,,,
27420,27420,2.6292624473571777,,,,
27421,27421,2.627065658569336,,,,
27422,27422,2.6340203285217285,,,,
27423,27423,2.6316885948181152,,,,
27424,27424,2.6280360221862793,,,,
27425,27425,2.6351537704467773,,,,
27426,27426,2.6318795680999756,,,,
27427,27427,2.6355559825897217,,,,
27428,27428,2.6346335411071777,,,,
27429,27429,,2.6346094608306885,,,
27429,27429,2.6346094608306885,,,,
27430,27430,2.6360223293304443,,,,
27431,27431,2.639017343521118,,,,
27432,27432,2.6367998123168945,,,,
27433,27433,2.632384777069092,,,,
27434,27434,2.636186361312866,,,,
27435,27435,2.6377475261688232,,,,
27436,27436,2.6358482837677,,,,
27437,27437,2.635756492614746,,,,
27438,27438,2.6330931186676025,,,,
27439,27439,,2.6320300102233887,,,
27439,27439,2.6320300102233887,,,,
27440,27440,2.634174346923828,,,,
27441,27441,2.6389474868774414,,,,
27442,27442,2.6383087635040283,,,,
27443,27443,2.6388978958129883,,,,
27444,27444,2.6406009197235107,,,,
27445,27445,2.6434266567230225,,,,
27446,27446,2.637183427810669,,,,
27447,27447,2.6402220726013184,,,,
27448,27448,2.637482166290283,,,,
27449,27449,,2.638554573059082,,,
27449,27449,2.638554573059082,,,,
27450,27450,2.6410603523254395,,,,
27451,27451,2.6463916301727295,,,,
27452,27452,2.639716148376465,,,,
27453,27453,2.6401991844177246,,,,
27454,27454,2.638901710510254,,,,
27455,27455,2.6455395221710205,,,,
27456,27456,2.6395015716552734,,,,
27457,27457,2.63980770111084,,,,
27458,27458,2.6415436267852783,,,,
27459,27459,,2.6446778774261475,,,
27459,27459,2.6446778774261475,,,,
27460,27460,2.6362857818603516,,,,
27461,27461,2.635528326034546,,,,
27462,27462,2.62966251373291,,,,
27463,27463,2.637883424758911,,,,
27464,27464,2.636080026626587,,,,
27465,27465,2.63849139213562,,,,
27466,27466,2.6420867443084717,,,,
27467,27467,2.6360883712768555,,,,
27468,27468,2.6362805366516113,,,,
27469,27469,,2.6400198936462402,,,
27469,27469,2.6400198936462402,,,,
27470,27470,2.63899827003479,,,,
27471,27471,2.638078212738037,,,,
27472,27472,2.6355066299438477,,,,
27473,27473,2.639777660369873,,,,
27474,27474,2.6386687755584717,,,,
27475,27475,2.6392455101013184,,,,
27476,27476,2.6376407146453857,,,,
27477,27477,2.63584566116333,,,,
27478,27478,2.6386795043945312,,,,
27479,27479,,2.6357574462890625,,,
27479,27479,2.6357574462890625,,,,
27480,27480,2.63535475730896,,,,
27481,27481,2.6349363327026367,,,,
27482,27482,2.633936643600464,,,,
27483,27483,2.633060932159424,,,,
27484,27484,2.6369357109069824,,,,
27485,27485,2.636965036392212,,,,
27486,27486,2.6375327110290527,,,,
27487,27487,2.6336171627044678,,,,
27488,27488,2.63669490814209,,,,
27489,27489,,2.636171579360962,,,
27489,27489,2.636171579360962,,,,
27490,27490,2.638479471206665,,,,
27491,27491,2.640803098678589,,,,
27492,27492,2.6403775215148926,,,,
27493,27493,2.6396844387054443,,,,
27494,27494,2.6398892402648926,,,,
27495,27495,2.6379780769348145,,,,
27496,27496,2.63843035697937,,,,
27497,27497,2.63879656791687,,,,
27498,27498,2.638045310974121,,,,
27499,27499,,2.6384222507476807,,,
27499,27499,,,0.17635896801948547,190.2332763671875,182.86378479003906
27499,27499,2.6384222507476807,,,,
27500,27500,2.63713002204895,,,,
27501,27501,2.6384530067443848,,,,
27502,27502,2.638396739959717,,,,
27503,27503,2.637296676635742,,,,
27504,27504,2.63755202293396,,,,
27505,27505,2.637955665588379,,,,
27506,27506,2.6376826763153076,,,,
27507,27507,2.637608051300049,,,,
27508,27508,2.636664867401123,,,,
27509,27509,,2.637633800506592,,,
27509,27509,2.637633800506592,,,,
27510,27510,2.639741897583008,,,,
27511,27511,2.637448787689209,,,,
27512,27512,2.638268232345581,,,,
27513,27513,2.6369364261627197,,,,
27514,27514,2.6353907585144043,,,,
27515,27515,2.626098155975342,,,,
27516,27516,2.6260769367218018,,,,
27517,27517,2.6369731426239014,,,,
27518,27518,2.636239528656006,,,,
27519,27519,,2.63645601272583,,,
27519,27519,2.63645601272583,,,,
27520,27520,2.627276659011841,,,,
27521,27521,2.6260199546813965,,,,
27522,27522,2.6361632347106934,,,,
27523,27523,2.635289430618286,,,,
27524,27524,2.625096082687378,,,,
27525,27525,2.6266794204711914,,,,
27526,27526,2.6332995891571045,,,,
27527,27527,2.6341753005981445,,,,
27528,27528,2.623265027999878,,,,
27529,27529,,2.628265619277954,,,
27529,27529,2.628265619277954,,,,
27530,27530,2.636361598968506,,,,
27531,27531,2.633934497833252,,,,
27532,27532,2.6312367916107178,,,,
27533,27533,2.631345510482788,,,,
27534,27534,2.6293201446533203,,,,
27535,27535,2.6233890056610107,,,,
27536,27536,2.630064010620117,,,,
27537,27537,2.633714437484741,,,,
27538,27538,2.627967119216919,,,,
27539,27539,,2.623382329940796,,,
27539,27539,2.623382329940796,,,,
27540,27540,2.6226916313171387,,,,
27541,27541,2.6304404735565186,,,,
27542,27542,2.630366563796997,,,,
27543,27543,2.6234686374664307,,,,
27544,27544,2.6223669052124023,,,,
27545,27545,2.6302783489227295,,,,
27546,27546,2.618335723876953,,,,
27547,27547,2.618964672088623,,,,
27548,27548,2.6263415813446045,,,,
27549,27549,,2.6288156509399414,,,
27549,27549,2.6288156509399414,,,,
27550,27550,2.623622179031372,,,,
27551,27551,2.622265577316284,,,,
27552,27552,2.634312868118286,,,,
27553,27553,2.62481427192688,,,,
27554,27554,2.6243066787719727,,,,
27555,27555,2.628800868988037,,,,
27556,27556,2.6191985607147217,,,,
27557,27557,2.622347354888916,,,,
27558,27558,2.622223377227783,,,,
27559,27559,,2.621056079864502,,,
27559,27559,2.621056079864502,,,,
27560,27560,2.6186106204986572,,,,
27561,27561,2.6206586360931396,,,,
27562,27562,2.6214287281036377,,,,
27563,27563,2.6214869022369385,,,,
27564,27564,2.625936269760132,,,,
27565,27565,2.626091241836548,,,,
27566,27566,2.618680238723755,,,,
27567,27567,2.6209349632263184,,,,
27568,27568,2.628141164779663,,,,
27569,27569,,2.620394706726074,,,
27569,27569,2.620394706726074,,,,
27570,27570,2.6252336502075195,,,,
27571,27571,2.626337766647339,,,,
27572,27572,2.6212925910949707,,,,
27573,27573,2.62174129486084,,,,
27574,27574,2.621540069580078,,,,
27575,27575,2.6207175254821777,,,,
27576,27576,2.618497371673584,,,,
27577,27577,2.6220476627349854,,,,
27578,27578,2.6232998371124268,,,,
27579,27579,,2.6161129474639893,,,
27579,27579,2.6161129474639893,,,,
27580,27580,2.6213836669921875,,,,
27581,27581,2.61224365234375,,,,
27582,27582,2.6152989864349365,,,,
27583,27583,2.6196846961975098,,,,
27584,27584,2.610780715942383,,,,
27585,27585,2.613400936126709,,,,
27586,27586,2.6194729804992676,,,,
27587,27587,2.610124111175537,,,,
27588,27588,2.61315655708313,,,,
27589,27589,,2.618734359741211,,,
27589,27589,2.618734359741211,,,,
27590,27590,2.6088857650756836,,,,
27591,27591,2.6144251823425293,,,,
27592,27592,2.621389150619507,,,,
27593,27593,2.616262435913086,,,,
27594,27594,2.612156629562378,,,,
27595,27595,2.61403226852417,,,,
27596,27596,2.611055374145508,,,,
27597,27597,2.615278482437134,,,,
27598,27598,2.6100950241088867,,,,
27599,27599,,2.608610153198242,,,
27599,27599,2.608610153198242,,,,
27600,27600,2.6122097969055176,,,,
27601,27601,2.612440347671509,,,,
27602,27602,2.6307315826416016,,,,
27603,27603,2.6157915592193604,,,,
27604,27604,2.6151065826416016,,,,
27605,27605,2.627614974975586,,,,
27606,27606,2.611269235610962,,,,
27607,27607,2.6184463500976562,,,,
27608,27608,2.634376049041748,,,,
27609,27609,,2.610393762588501,,,
27609,27609,2.610393762588501,,,,
27610,27610,2.61493182182312,,,,
27611,27611,2.611114263534546,,,,
27612,27612,2.6106109619140625,,,,
27613,27613,2.6170432567596436,,,,
27614,27614,2.614062547683716,,,,
27615,27615,2.611070394515991,,,,
27616,27616,2.6097793579101562,,,,
27617,27617,2.6072990894317627,,,,
27618,27618,2.6095988750457764,,,,
27619,27619,,2.625620126724243,,,
27619,27619,2.625620126724243,,,,
27620,27620,2.6128790378570557,,,,
27621,27621,2.610051393508911,,,,
27622,27622,2.633898973464966,,,,
27623,27623,2.6109073162078857,,,,
27624,27624,2.6138527393341064,,,,
27625,27625,2.622718334197998,,,,
27626,27626,2.606794834136963,,,,
27627,27627,2.6108522415161133,,,,
27628,27628,2.623368978500366,,,,
27629,27629,,2.610194683074951,,,
27629,27629,2.610194683074951,,,,
27630,27630,2.607696533203125,,,,
27631,27631,2.6230928897857666,,,,
27632,27632,2.6120376586914062,,,,
27633,27633,2.605273962020874,,,,
27634,27634,2.628509759902954,,,,
27635,27635,2.6204001903533936,,,,
27636,27636,2.609834671020508,,,,
27637,27637,2.653272867202759,,,,
27638,27638,2.617851972579956,,,,
27639,27639,,2.6175999641418457,,,
27639,27639,2.6175999641418457,,,,
27640,27640,2.6478617191314697,,,,
27641,27641,2.610194444656372,,,,
27642,27642,2.6148998737335205,,,,
27643,27643,2.618884801864624,,,,
27644,27644,2.6056015491485596,,,,
27645,27645,2.6097171306610107,,,,
27646,27646,2.5987772941589355,,,,
27647,27647,2.607405185699463,,,,
27648,27648,2.598994731903076,,,,
27649,27649,,2.5988335609436035,,,
27649,27649,2.5988335609436035,,,,
27650,27650,2.598642110824585,,,,
27651,27651,2.595639228820801,,,,
27652,27652,2.598410129547119,,,,
27653,27653,2.6019585132598877,,,,
27654,27654,2.593827962875366,,,,
27655,27655,2.592578887939453,,,,
27656,27656,2.6043052673339844,,,,
27657,27657,2.603822946548462,,,,
27658,27658,2.6060197353363037,,,,
27659,27659,,2.607273578643799,,,
27659,27659,2.607273578643799,,,,
27660,27660,2.6095311641693115,,,,
27661,27661,2.607949733734131,,,,
27662,27662,2.607710838317871,,,,
27663,27663,2.6060845851898193,,,,
27664,27664,2.60591721534729,,,,
27665,27665,2.6042697429656982,,,,
27666,27666,2.597903251647949,,,,
27667,27667,2.5980021953582764,,,,
27668,27668,2.5999908447265625,,,,
27669,27669,,2.5987305641174316,,,
27669,27669,2.5987305641174316,,,,
27670,27670,2.5998239517211914,,,,
27671,27671,2.6012370586395264,,,,
27672,27672,2.604994058609009,,,,
27673,27673,2.601250648498535,,,,
27674,27674,2.5983142852783203,,,,
27675,27675,2.598702907562256,,,,
27676,27676,2.5977015495300293,,,,
27677,27677,2.596602201461792,,,,
27678,27678,2.595729112625122,,,,
27679,27679,,2.5973145961761475,,,
27679,27679,2.5973145961761475,,,,
27680,27680,2.5948331356048584,,,,
27681,27681,2.594468593597412,,,,
27682,27682,2.595345973968506,,,,
27683,27683,2.5940725803375244,,,,
27684,27684,2.595949411392212,,,,
27685,27685,2.5949037075042725,,,,
27686,27686,2.597712516784668,,,,
27687,27687,2.6009857654571533,,,,
27688,27688,2.5999457836151123,,,,
27689,27689,,2.6008260250091553,,,
27689,27689,2.6008260250091553,,,,
27690,27690,2.6001672744750977,,,,
27691,27691,2.6008691787719727,,,,
27692,27692,2.6004631519317627,,,,
27693,27693,2.6027190685272217,,,,
27694,27694,2.601454019546509,,,,
27695,27695,2.600809097290039,,,,
27696,27696,2.601966381072998,,,,
27697,27697,2.5982022285461426,,,,
27698,27698,2.5995233058929443,,,,
27699,27699,,2.5981390476226807,,,
27699,27699,2.5981390476226807,,,,
27700,27700,2.5988504886627197,,,,
27701,27701,2.5980517864227295,,,,
27702,27702,2.597832202911377,,,,
27703,27703,2.5979480743408203,,,,
27704,27704,2.598837375640869,,,,
27705,27705,2.6020586490631104,,,,
27706,27706,2.598637342453003,,,,
27707,27707,2.599254608154297,,,,
27708,27708,2.604227304458618,,,,
27709,27709,,2.6042556762695312,,,
27709,27709,2.6042556762695312,,,,
27710,27710,2.6004068851470947,,,,
27711,27711,2.6028330326080322,,,,
27712,27712,2.6007354259490967,,,,
27713,27713,2.602302312850952,,,,
27714,27714,2.6000261306762695,,,,
27715,27715,2.6002469062805176,,,,
27716,27716,2.599252700805664,,,,
27717,27717,2.600658416748047,,,,
27718,27718,2.598924398422241,,,,
27719,27719,,2.5982887744903564,,,
27719,27719,2.5982887744903564,,,,
27720,27720,2.595503568649292,,,,
27721,27721,2.59859037399292,,,,
27722,27722,2.598055601119995,,,,
27723,27723,2.598815679550171,,,,
27724,27724,2.5990097522735596,,,,
27725,27725,2.59877610206604,,,,
27726,27726,2.59867000579834,,,,
27727,27727,2.599073886871338,,,,
27728,27728,2.6006991863250732,,,,
27729,27729,,2.6013057231903076,,,
27729,27729,2.6013057231903076,,,,
27730,27730,2.5999596118927,,,,
27731,27731,2.6008617877960205,,,,
27732,27732,2.6000354290008545,,,,
27733,27733,2.6007869243621826,,,,
27734,27734,2.6002156734466553,,,,
27735,27735,2.6017324924468994,,,,
27736,27736,2.6009862422943115,,,,
27737,27737,2.6017544269561768,,,,
27738,27738,2.602614164352417,,,,
27739,27739,,2.6012966632843018,,,
27739,27739,2.6012966632843018,,,,
27740,27740,2.5937280654907227,,,,
27741,27741,2.6004085540771484,,,,
27742,27742,2.6005327701568604,,,,
27743,27743,2.5973544120788574,,,,
27744,27744,2.595933198928833,,,,
27745,27745,2.5938143730163574,,,,
27746,27746,2.594175338745117,,,,
27747,27747,2.5991878509521484,,,,
27748,27748,2.597989320755005,,,,
27749,27749,,2.594982385635376,,,
27749,27749,2.594982385635376,,,,
27750,27750,2.5997283458709717,,,,
27751,27751,2.6000282764434814,,,,
27752,27752,2.600374698638916,,,,
27753,27753,2.597630739212036,,,,
27754,27754,2.600857973098755,,,,
27755,27755,2.6003682613372803,,,,
27756,27756,2.6021859645843506,,,,
27757,27757,2.5953807830810547,,,,
27758,27758,2.595170021057129,,,,
27759,27759,,2.6019461154937744,,,
27759,27759,2.6019461154937744,,,,
27760,27760,2.5975594520568848,,,,
27761,27761,2.5959079265594482,,,,
27762,27762,2.6003386974334717,,,,
27763,27763,2.6017818450927734,,,,
27764,27764,2.594268560409546,,,,
27765,27765,2.602919816970825,,,,
27766,27766,2.5954790115356445,,,,
27767,27767,2.595665454864502,,,,
27768,27768,2.5955066680908203,,,,
27769,27769,,2.5957586765289307,,,
27769,27769,2.5957586765289307,,,,
27770,27770,2.5955498218536377,,,,
27771,27771,2.5960910320281982,,,,
27772,27772,2.595437526702881,,,,
27773,27773,2.59732723236084,,,,
27774,27774,2.596005916595459,,,,
27775,27775,2.5968754291534424,,,,
27776,27776,2.5979931354522705,,,,
27777,27777,2.619936943054199,,,,
27778,27778,2.600327253341675,,,,
27779,27779,,2.5950045585632324,,,
27779,27779,2.5950045585632324,,,,
27780,27780,2.627619743347168,,,,
27781,27781,2.6087725162506104,,,,
27782,27782,2.6096527576446533,,,,
27783,27783,2.6104135513305664,,,,
27784,27784,2.6053097248077393,,,,
27785,27785,2.602679491043091,,,,
27786,27786,2.6002421379089355,,,,
27787,27787,2.6007864475250244,,,,
27788,27788,2.600083827972412,,,,
27789,27789,,2.598123788833618,,,
27789,27789,2.598123788833618,,,,
27790,27790,2.5999929904937744,,,,
27791,27791,2.5971224308013916,,,,
27792,27792,2.6021230220794678,,,,
27793,27793,2.5995237827301025,,,,
27794,27794,2.6000964641571045,,,,
27795,27795,2.596545934677124,,,,
27796,27796,2.597371816635132,,,,
27797,27797,2.5948100090026855,,,,
27798,27798,2.607539415359497,,,,
27799,27799,,2.611555576324463,,,
27799,27799,2.611555576324463,,,,
27800,27800,2.6019859313964844,,,,
27801,27801,2.6449172496795654,,,,
27802,27802,2.6016602516174316,,,,
27803,27803,2.6047255992889404,,,,
27804,27804,2.611124038696289,,,,
27805,27805,2.630223512649536,,,,
27806,27806,2.6119654178619385,,,,
27807,27807,2.6078600883483887,,,,
27808,27808,2.633631706237793,,,,
27809,27809,,2.596522808074951,,,
27809,27809,2.596522808074951,,,,
27810,27810,2.595841884613037,,,,
27811,27811,2.6006693840026855,,,,
27812,27812,2.6089272499084473,,,,
27813,27813,2.599599599838257,,,,
27814,27814,2.603646993637085,,,,
27815,27815,2.6025495529174805,,,,
27816,27816,2.604914426803589,,,,
27817,27817,2.6020381450653076,,,,
27818,27818,2.6042332649230957,,,,
27819,27819,,2.603794813156128,,,
27819,27819,2.603794813156128,,,,
27820,27820,2.610416889190674,,,,
27821,27821,2.6026644706726074,,,,
27822,27822,2.607877492904663,,,,
27823,27823,2.604447603225708,,,,
27824,27824,2.6063029766082764,,,,
27825,27825,2.601229429244995,,,,
27826,27826,2.602553129196167,,,,
27827,27827,2.6016907691955566,,,,
27828,27828,2.6071078777313232,,,,
27829,27829,,2.5996851921081543,,,
27829,27829,2.5996851921081543,,,,
27830,27830,2.600506067276001,,,,
27831,27831,2.599787950515747,,,,
27832,27832,2.603971242904663,,,,
27833,27833,2.598893165588379,,,,
27834,27834,2.597756862640381,,,,
27835,27835,2.5991411209106445,,,,
27836,27836,2.6011581420898438,,,,
27837,27837,2.602410078048706,,,,
27838,27838,2.5987415313720703,,,,
27839,27839,,2.601919412612915,,,
27839,27839,2.601919412612915,,,,
27840,27840,2.602734088897705,,,,
27841,27841,2.602607250213623,,,,
27842,27842,2.5988874435424805,,,,
27843,27843,2.599762439727783,,,,
27844,27844,2.597160816192627,,,,
27845,27845,2.6024246215820312,,,,
27846,27846,2.5996298789978027,,,,
27847,27847,2.5958781242370605,,,,
27848,27848,2.5960519313812256,,,,
27849,27849,,2.5999951362609863,,,
27849,27849,2.5999951362609863,,,,
27850,27850,2.5954372882843018,,,,
27851,27851,2.5967047214508057,,,,
27852,27852,2.5935490131378174,,,,
27853,27853,2.5961697101593018,,,,
27854,27854,2.5964488983154297,,,,
27855,27855,2.59586501121521,,,,
27856,27856,2.5959222316741943,,,,
27857,27857,2.598360300064087,,,,
27858,27858,2.601998805999756,,,,
27859,27859,,2.5981979370117188,,,
27859,27859,2.5981979370117188,,,,
27860,27860,2.5975587368011475,,,,
27861,27861,2.5988078117370605,,,,
27862,27862,2.5967636108398438,,,,
27863,27863,2.5945346355438232,,,,
27864,27864,2.594350576400757,,,,
27865,27865,2.5968120098114014,,,,
27866,27866,2.5961482524871826,,,,
27867,27867,2.5946295261383057,,,,
27868,27868,2.5960381031036377,,,,
27869,27869,,2.5973060131073,,,
27869,27869,2.5973060131073,,,,
27870,27870,2.5983774662017822,,,,
27871,27871,2.5948646068573,,,,
27872,27872,2.5958809852600098,,,,
27873,27873,2.5974748134613037,,,,
27874,27874,2.5977022647857666,,,,
27875,27875,2.5967135429382324,,,,
27876,27876,2.5963711738586426,,,,
27877,27877,2.5986533164978027,,,,
27878,27878,2.5960164070129395,,,,
27879,27879,,2.596728563308716,,,
27879,27879,2.596728563308716,,,,
27880,27880,2.597162961959839,,,,
27881,27881,2.5975310802459717,,,,
27882,27882,2.59818696975708,,,,
27883,27883,2.5957531929016113,,,,
27884,27884,2.5968823432922363,,,,
27885,27885,2.596723794937134,,,,
27886,27886,2.5976758003234863,,,,
27887,27887,2.596484899520874,,,,
27888,27888,2.5945444107055664,,,,
27889,27889,,2.596001386642456,,,
27889,27889,2.596001386642456,,,,
27890,27890,2.593928813934326,,,,
27891,27891,2.595277786254883,,,,
27892,27892,2.595301628112793,,,,
27893,27893,2.5944886207580566,,,,
27894,27894,2.5918121337890625,,,,
27895,27895,2.5903618335723877,,,,
27896,27896,2.592261552810669,,,,
27897,27897,2.59126877784729,,,,
27898,27898,2.59330677986145,,,,
27899,27899,,2.5931310653686523,,,
27899,27899,2.5931310653686523,,,,
27900,27900,2.594940423965454,,,,
27901,27901,2.5917794704437256,,,,
27902,27902,2.594163417816162,,,,
27903,27903,2.594658613204956,,,,
27904,27904,2.592191457748413,,,,
27905,27905,2.592510223388672,,,,
27906,27906,2.594646692276001,,,,
27907,27907,2.5944340229034424,,,,
27908,27908,2.5935630798339844,,,,
27909,27909,,2.593130588531494,,,
27909,27909,2.593130588531494,,,,
27910,27910,2.5981333255767822,,,,
27911,27911,2.594412088394165,,,,
27912,27912,2.5950160026550293,,,,
27913,27913,2.592047691345215,,,,
27914,27914,2.5928378105163574,,,,
27915,27915,2.593005657196045,,,,
27916,27916,2.590635299682617,,,,
27917,27917,2.5937860012054443,,,,
27918,27918,2.594850778579712,,,,
27919,27919,,2.5944983959198,,,
27919,27919,2.5944983959198,,,,
27920,27920,2.5938634872436523,,,,
27921,27921,2.5940778255462646,,,,
27922,27922,2.5926718711853027,,,,
27923,27923,2.591824769973755,,,,
27924,27924,2.59161639213562,,,,
27925,27925,2.588017463684082,,,,
27926,27926,2.5858805179595947,,,,
27927,27927,2.5887081623077393,,,,
27928,27928,2.5922844409942627,,,,
27929,27929,,2.5914883613586426,,,
27929,27929,2.5914883613586426,,,,
27930,27930,2.5915145874023438,,,,
27931,27931,2.5902183055877686,,,,
27932,27932,2.590054988861084,,,,
27933,27933,2.589681386947632,,,,
27934,27934,2.59021258354187,,,,
27935,27935,2.5892021656036377,,,,
27936,27936,2.5893466472625732,,,,
27937,27937,2.587625503540039,,,,
27938,27938,2.5887558460235596,,,,
27939,27939,,2.589362144470215,,,
27939,27939,2.589362144470215,,,,
27940,27940,2.591029167175293,,,,
27941,27941,2.5956335067749023,,,,
27942,27942,2.5947256088256836,,,,
27943,27943,2.591002941131592,,,,
27944,27944,2.588676929473877,,,,
27945,27945,2.5865728855133057,,,,
27946,27946,2.5861825942993164,,,,
27947,27947,2.5884172916412354,,,,
27948,27948,2.589209794998169,,,,
27949,27949,,2.5883712768554688,,,
27949,27949,2.5883712768554688,,,,
27950,27950,2.5883798599243164,,,,
27951,27951,2.586956739425659,,,,
27952,27952,2.5871050357818604,,,,
27953,27953,2.587615966796875,,,,
27954,27954,2.591892719268799,,,,
27955,27955,2.594078302383423,,,,
27956,27956,2.5958750247955322,,,,
27957,27957,2.5930733680725098,,,,
27958,27958,2.5870134830474854,,,,
27959,27959,,2.5946807861328125,,,
27959,27959,2.5946807861328125,,,,
27960,27960,2.5897271633148193,,,,
27961,27961,2.5914061069488525,,,,
27962,27962,2.5940065383911133,,,,
27963,27963,2.597388982772827,,,,
27964,27964,2.60005521774292,,,,
27965,27965,2.5985970497131348,,,,
27966,27966,2.600541353225708,,,,
27967,27967,2.6012377738952637,,,,
27968,27968,2.6009902954101562,,,,
27969,27969,,2.5905895233154297,,,
27969,27969,2.5905895233154297,,,,
27970,27970,2.5957493782043457,,,,
27971,27971,2.5965054035186768,,,,
27972,27972,2.595982789993286,,,,
27973,27973,2.5974977016448975,,,,
27974,27974,2.5955617427825928,,,,
27975,27975,2.5941503047943115,,,,
27976,27976,2.5933310985565186,,,,
27977,27977,2.575018882751465,,,,
27978,27978,2.5974528789520264,,,,
27979,27979,,2.596897840499878,,,
27979,27979,2.596897840499878,,,,
27980,27980,2.597476005554199,,,,
27981,27981,2.5992648601531982,,,,
27982,27982,2.5990149974823,,,,
27983,27983,2.5979671478271484,,,,
27984,27984,2.5964415073394775,,,,
27985,27985,2.5978684425354004,,,,
27986,27986,2.598961591720581,,,,
27987,27987,2.597870349884033,,,,
27988,27988,2.597644567489624,,,,
27989,27989,,2.598024368286133,,,
27989,27989,2.598024368286133,,,,
27990,27990,2.597937822341919,,,,
27991,27991,2.5962767601013184,,,,
27992,27992,2.5945584774017334,,,,
27993,27993,2.594982147216797,,,,
27994,27994,2.596773147583008,,,,
27995,27995,2.594804525375366,,,,
27996,27996,2.5943198204040527,,,,
27997,27997,2.5928966999053955,,,,
27998,27998,2.577444553375244,,,,
27999,27999,,2.5953328609466553,,,
27999,27999,,,0.17515510320663452,187.64498901367188,182.86378479003906
27999,27999,2.5953328609466553,,,,
28000,28000,2.5954349040985107,,,,
28001,28001,2.577024221420288,,,,
28002,28002,2.5764095783233643,,,,
28003,28003,2.575354814529419,,,,
28004,28004,2.57593035697937,,,,
28005,28005,2.575711727142334,,,,
28006,28006,2.5760068893432617,,,,
28007,28007,2.5772807598114014,,,,
28008,28008,2.593832492828369,,,,
28009,28009,,2.5746781826019287,,,
28009,28009,2.5746781826019287,,,,
28010,28010,2.5761773586273193,,,,
28011,28011,2.5737879276275635,,,,
28012,28012,2.5735065937042236,,,,
28013,28013,2.5723795890808105,,,,
28014,28014,2.570662498474121,,,,
28015,28015,2.5725440979003906,,,,
28016,28016,2.570565938949585,,,,
28017,28017,2.568812847137451,,,,
28018,28018,2.571592092514038,,,,
28019,28019,,2.57023286819458,,,
28019,28019,2.57023286819458,,,,
28020,28020,2.5707693099975586,,,,
28021,28021,2.567873001098633,,,,
28022,28022,2.568981409072876,,,,
28023,28023,2.5690460205078125,,,,
28024,28024,2.573335647583008,,,,
28025,28025,2.572286605834961,,,,
28026,28026,2.5729215145111084,,,,
28027,28027,2.5728566646575928,,,,
28028,28028,2.5733656883239746,,,,
28029,28029,,2.574902057647705,,,
28029,28029,2.574902057647705,,,,
28030,28030,2.570465087890625,,,,
28031,28031,2.574495315551758,,,,
28032,28032,2.5751984119415283,,,,
28033,28033,2.572962760925293,,,,
28034,28034,2.5747268199920654,,,,
28035,28035,2.5748417377471924,,,,
28036,28036,2.5746867656707764,,,,
28037,28037,2.5751092433929443,,,,
28038,28038,2.5726006031036377,,,,
28039,28039,,2.57279109954834,,,
28039,28039,2.57279109954834,,,,
28040,28040,2.573122262954712,,,,
28041,28041,2.5750536918640137,,,,
28042,28042,2.572758913040161,,,,
28043,28043,2.5723159313201904,,,,
28044,28044,2.5756983757019043,,,,
28045,28045,2.575255870819092,,,,
28046,28046,2.571676731109619,,,,
28047,28047,2.5704872608184814,,,,
28048,28048,2.5712530612945557,,,,
28049,28049,,2.5723369121551514,,,
28049,28049,2.5723369121551514,,,,
28050,28050,2.5727665424346924,,,,
28051,28051,2.5696635246276855,,,,
28052,28052,2.572538375854492,,,,
28053,28053,2.5735702514648438,,,,
28054,28054,2.573300838470459,,,,
28055,28055,2.5732455253601074,,,,
28056,28056,2.5695462226867676,,,,
28057,28057,2.5685946941375732,,,,
28058,28058,2.5700480937957764,,,,
28059,28059,,2.569465160369873,,,
28059,28059,2.569465160369873,,,,
28060,28060,2.568805694580078,,,,
28061,28061,2.568105936050415,,,,
28062,28062,2.56762433052063,,,,
28063,28063,2.5713465213775635,,,,
28064,28064,2.568265676498413,,,,
28065,28065,2.566426992416382,,,,
28066,28066,2.5712029933929443,,,,
28067,28067,2.568493366241455,,,,
28068,28068,2.5671510696411133,,,,
28069,28069,,2.56727933883667,,,
28069,28069,2.56727933883667,,,,
28070,28070,2.5672528743743896,,,,
28071,28071,2.5656514167785645,,,,
28072,28072,2.569776773452759,,,,
28073,28073,2.567229986190796,,,,
28074,28074,2.5698609352111816,,,,
28075,28075,2.5699357986450195,,,,
28076,28076,2.567111015319824,,,,
28077,28077,2.5657849311828613,,,,
28078,28078,2.5688891410827637,,,,
28079,28079,,2.569478988647461,,,
28079,28079,2.569478988647461,,,,
28080,28080,2.5688936710357666,,,,
28081,28081,2.564931631088257,,,,
28082,28082,2.5645904541015625,,,,
28083,28083,2.568127393722534,,,,
28084,28084,2.569413185119629,,,,
28085,28085,2.5691404342651367,,,,
28086,28086,2.5640668869018555,,,,
28087,28087,2.5627782344818115,,,,
28088,28088,2.5690042972564697,,,,
28089,28089,,2.569905996322632,,,
28089,28089,2.569905996322632,,,,
28090,28090,2.56410813331604,,,,
28091,28091,2.563889265060425,,,,
28092,28092,2.567232847213745,,,,
28093,28093,2.5609700679779053,,,,
28094,28094,2.5624377727508545,,,,
28095,28095,2.560372829437256,,,,
28096,28096,2.5603017807006836,,,,
28097,28097,2.5619590282440186,,,,
28098,28098,2.563929319381714,,,,
28099,28099,,2.561669111251831,,,
28099,28099,2.561669111251831,,,,
28100,28100,2.559274196624756,,,,
28101,28101,2.5597712993621826,,,,
28102,28102,2.564955472946167,,,,
28103,28103,2.568113088607788,,,,
28104,28104,2.563371181488037,,,,
28105,28105,2.566248655319214,,,,
28106,28106,2.56618595123291,,,,
28107,28107,2.5673584938049316,,,,
28108,28108,2.5689797401428223,,,,
28109,28109,,2.5691914558410645,,,
28109,28109,2.5691914558410645,,,,
28110,28110,2.5671610832214355,,,,
28111,28111,2.566330671310425,,,,
28112,28112,2.5676965713500977,,,,
28113,28113,2.5687785148620605,,,,
28114,28114,2.5664780139923096,,,,
28115,28115,2.5668911933898926,,,,
28116,28116,2.56575870513916,,,,
28117,28117,2.5614523887634277,,,,
28118,28118,2.5589165687561035,,,,
28119,28119,,2.5574986934661865,,,
28119,28119,2.5574986934661865,,,,
28120,28120,2.557499885559082,,,,
28121,28121,2.558647632598877,,,,
28122,28122,2.561561107635498,,,,
28123,28123,2.5606234073638916,,,,
28124,28124,2.5586094856262207,,,,
28125,28125,2.561048746109009,,,,
28126,28126,2.56067156791687,,,,
28127,28127,2.561237335205078,,,,
28128,28128,2.5605204105377197,,,,
28129,28129,,2.559138536453247,,,
28129,28129,2.559138536453247,,,,
28130,28130,2.5584397315979004,,,,
28131,28131,2.5587072372436523,,,,
28132,28132,2.558539867401123,,,,
28133,28133,2.558004379272461,,,,
28134,28134,2.557278871536255,,,,
28135,28135,2.5586647987365723,,,,
28136,28136,2.558805465698242,,,,
28137,28137,2.558100938796997,,,,
28138,28138,2.5576882362365723,,,,
28139,28139,,2.5576508045196533,,,
28139,28139,2.5576508045196533,,,,
28140,28140,2.5573315620422363,,,,
28141,28141,2.556852340698242,,,,
28142,28142,2.5563955307006836,,,,
28143,28143,2.5571935176849365,,,,
28144,28144,2.5578837394714355,,,,
28145,28145,2.5570969581604004,,,,
28146,28146,2.5562193393707275,,,,
28147,28147,2.5603272914886475,,,,
28148,28148,2.559807300567627,,,,
28149,28149,,2.5598883628845215,,,
28149,28149,2.5598883628845215,,,,
28150,28150,2.559776782989502,,,,
28151,28151,2.5604636669158936,,,,
28152,28152,2.5606729984283447,,,,
28153,28153,2.560041904449463,,,,
28154,28154,2.5579781532287598,,,,
28155,28155,2.5587382316589355,,,,
28156,28156,2.5561845302581787,,,,
28157,28157,2.557943820953369,,,,
28158,28158,2.554419994354248,,,,
28159,28159,,2.5568790435791016,,,
28159,28159,2.5568790435791016,,,,
28160,28160,2.5570476055145264,,,,
28161,28161,2.5570223331451416,,,,
28162,28162,2.5547945499420166,,,,
28163,28163,2.556533098220825,,,,
28164,28164,2.556601047515869,,,,
28165,28165,2.55764102935791,,,,
28166,28166,2.555474042892456,,,,
28167,28167,2.556210994720459,,,,
28168,28168,2.5537731647491455,,,,
28169,28169,,2.5584280490875244,,,
28169,28169,2.5584280490875244,,,,
28170,28170,2.5537493228912354,,,,
28171,28171,2.556771755218506,,,,
28172,28172,2.554225444793701,,,,
28173,28173,2.5556628704071045,,,,
28174,28174,2.5560638904571533,,,,
28175,28175,2.557251214981079,,,,
28176,28176,2.5568020343780518,,,,
28177,28177,2.5568466186523438,,,,
28178,28178,2.5558934211730957,,,,
28179,28179,,2.558852195739746,,,
28179,28179,2.558852195739746,,,,
28180,28180,2.5572335720062256,,,,
28181,28181,2.558269739151001,,,,
28182,28182,2.555401563644409,,,,
28183,28183,2.561370611190796,,,,
28184,28184,2.557889938354492,,,,
28185,28185,2.559952974319458,,,,
28186,28186,2.555335521697998,,,,
28187,28187,2.5598361492156982,,,,
28188,28188,2.557183027267456,,,,
28189,28189,,2.5597641468048096,,,
28189,28189,2.5597641468048096,,,,
28190,28190,2.5593745708465576,,,,
28191,28191,2.5600926876068115,,,,
28192,28192,2.559276819229126,,,,
28193,28193,2.5601322650909424,,,,
28194,28194,2.5588581562042236,,,,
28195,28195,2.5575809478759766,,,,
28196,28196,2.558459520339966,,,,
28197,28197,2.5601491928100586,,,,
28198,28198,2.553662061691284,,,,
28199,28199,,2.5572376251220703,,,
28199,28199,2.5572376251220703,,,,
28200,28200,2.5613768100738525,,,,
28201,28201,2.5609281063079834,,,,
28202,28202,2.5618174076080322,,,,
28203,28203,2.555342674255371,,,,
28204,28204,2.5512595176696777,,,,
28205,28205,2.5561959743499756,,,,
28206,28206,2.550889015197754,,,,
28207,28207,2.554924726486206,,,,
28208,28208,2.5530452728271484,,,,
28209,28209,,2.554081439971924,,,
28209,28209,2.554081439971924,,,,
28210,28210,2.551187515258789,,,,
28211,28211,2.555760145187378,,,,
28212,28212,2.55110502243042,,,,
28213,28213,2.5511388778686523,,,,
28214,28214,2.5507583618164062,,,,
28215,28215,2.549058198928833,,,,
28216,28216,2.554145097732544,,,,
28217,28217,2.5494444370269775,,,,
28218,28218,2.5508408546447754,,,,
28219,28219,,2.5504322052001953,,,
28219,28219,2.5504322052001953,,,,
28220,28220,2.5512735843658447,,,,
28221,28221,2.5508406162261963,,,,
28222,28222,2.548896074295044,,,,
28223,28223,2.5490171909332275,,,,
28224,28224,2.549098491668701,,,,
28225,28225,2.547327756881714,,,,
28226,28226,2.546456813812256,,,,
28227,28227,2.5479259490966797,,,,
28228,28228,2.5472843647003174,,,,
28229,28229,,2.546041250228882,,,
28229,28229,2.546041250228882,,,,
28230,28230,2.546290159225464,,,,
28231,28231,2.546632766723633,,,,
28232,28232,2.544571876525879,,,,
28233,28233,2.544161319732666,,,,
28234,28234,2.5443692207336426,,,,
28235,28235,2.544154644012451,,,,
28236,28236,2.5439987182617188,,,,
28237,28237,2.544677495956421,,,,
28238,28238,2.544215202331543,,,,
28239,28239,,2.545012950897217,,,
28239,28239,2.545012950897217,,,,
28240,28240,2.545365571975708,,,,
28241,28241,2.5467565059661865,,,,
28242,28242,2.544154167175293,,,,
28243,28243,2.5443060398101807,,,,
28244,28244,2.5447022914886475,,,,
28245,28245,2.5426886081695557,,,,
28246,28246,2.5439984798431396,,,,
28247,28247,2.544344425201416,,,,
28248,28248,2.542201280593872,,,,
28249,28249,,2.5420339107513428,,,
28249,28249,2.5420339107513428,,,,
28250,28250,2.543609380722046,,,,
28251,28251,2.5466883182525635,,,,
28252,28252,2.5457558631896973,,,,
28253,28253,2.5476291179656982,,,,
28254,28254,2.545046091079712,,,,
28255,28255,2.5480520725250244,,,,
28256,28256,2.548920154571533,,,,
28257,28257,2.546847343444824,,,,
28258,28258,2.5440781116485596,,,,
28259,28259,,2.543182134628296,,,
28259,28259,2.543182134628296,,,,
28260,28260,2.543924331665039,,,,
28261,28261,2.546420097351074,,,,
28262,28262,2.543104887008667,,,,
28263,28263,2.54390549659729,,,,
28264,28264,2.5439364910125732,,,,
28265,28265,2.544095754623413,,,,
28266,28266,2.543734073638916,,,,
28267,28267,2.5441348552703857,,,,
28268,28268,2.5444107055664062,,,,
28269,28269,,2.550037384033203,,,
28269,28269,2.550037384033203,,,,
28270,28270,2.5514919757843018,,,,
28271,28271,2.5520853996276855,,,,
28272,28272,2.552515745162964,,,,
28273,28273,2.553204298019409,,,,
28274,28274,2.551788091659546,,,,
28275,28275,2.552229881286621,,,,
28276,28276,2.5530717372894287,,,,
28277,28277,2.552234411239624,,,,
28278,28278,2.5506887435913086,,,,
28279,28279,,2.551405191421509,,,
28279,28279,2.551405191421509,,,,
28280,28280,2.551750898361206,,,,
28281,28281,2.5492849349975586,,,,
28282,28282,2.550596237182617,,,,
28283,28283,2.5507960319519043,,,,
28284,28284,2.5508110523223877,,,,
28285,28285,2.5514912605285645,,,,
28286,28286,2.549638271331787,,,,
28287,28287,2.55106258392334,,,,
28288,28288,2.5524215698242188,,,,
28289,28289,,2.552076816558838,,,
28289,28289,2.552076816558838,,,,
28290,28290,2.551284074783325,,,,
28291,28291,2.550157308578491,,,,
28292,28292,2.5516436100006104,,,,
28293,28293,2.551440477371216,,,,
28294,28294,2.5549557209014893,,,,
28295,28295,2.5488827228546143,,,,
28296,28296,2.5472073554992676,,,,
28297,28297,2.550746440887451,,,,
28298,28298,2.552156686782837,,,,
28299,28299,,2.5473098754882812,,,
28299,28299,2.5473098754882812,,,,
28300,28300,2.548081874847412,,,,
28301,28301,2.548975706100464,,,,
28302,28302,2.549813747406006,,,,
28303,28303,2.5498104095458984,,,,
28304,28304,2.5498790740966797,,,,
28305,28305,2.549234628677368,,,,
28306,28306,2.5485856533050537,,,,
28307,28307,2.5477073192596436,,,,
28308,28308,2.5465054512023926,,,,
28309,28309,,2.5439155101776123,,,
28309,28309,2.5439155101776123,,,,
28310,28310,2.544678211212158,,,,
28311,28311,2.545832395553589,,,,
28312,28312,2.546398162841797,,,,
28313,28313,2.5462770462036133,,,,
28314,28314,2.5478036403656006,,,,
28315,28315,2.5483858585357666,,,,
28316,28316,2.549226760864258,,,,
28317,28317,2.5472006797790527,,,,
28318,28318,2.548396587371826,,,,
28319,28319,,2.5495402812957764,,,
28319,28319,2.5495402812957764,,,,
28320,28320,2.549062728881836,,,,
28321,28321,2.5491836071014404,,,,
28322,28322,2.5474257469177246,,,,
28323,28323,2.5494394302368164,,,,
28324,28324,2.5471701622009277,,,,
28325,28325,2.5466456413269043,,,,
28326,28326,2.546229124069214,,,,
28327,28327,2.546558380126953,,,,
28328,28328,2.5460946559906006,,,,
28329,28329,,2.545637845993042,,,
28329,28329,2.545637845993042,,,,
28330,28330,2.545159101486206,,,,
28331,28331,2.544917583465576,,,,
28332,28332,2.5454330444335938,,,,
28333,28333,2.5464670658111572,,,,
28334,28334,2.5477182865142822,,,,
28335,28335,2.546881675720215,,,,
28336,28336,2.5454649925231934,,,,
28337,28337,2.5455689430236816,,,,
28338,28338,2.5456931591033936,,,,
28339,28339,,2.5474276542663574,,,
28339,28339,2.5474276542663574,,,,
28340,28340,2.544459342956543,,,,
28341,28341,2.544613838195801,,,,
28342,28342,2.550560474395752,,,,
28343,28343,2.5503106117248535,,,,
28344,28344,2.54766583442688,,,,
28345,28345,2.5459039211273193,,,,
28346,28346,2.547877550125122,,,,
28347,28347,2.548816204071045,,,,
28348,28348,2.547837257385254,,,,
28349,28349,,2.5481085777282715,,,
28349,28349,2.5481085777282715,,,,
28350,28350,2.5435025691986084,,,,
28351,28351,2.544334650039673,,,,
28352,28352,2.544722557067871,,,,
28353,28353,2.5430097579956055,,,,
28354,28354,2.5360770225524902,,,,
28355,28355,2.540832757949829,,,,
28356,28356,2.54144549369812,,,,
28357,28357,2.539365768432617,,,,
28358,28358,2.5339112281799316,,,,
28359,28359,,2.539649486541748,,,
28359,28359,2.539649486541748,,,,
28360,28360,2.5404205322265625,,,,
28361,28361,2.5384774208068848,,,,
28362,28362,2.533682346343994,,,,
28363,28363,2.542433738708496,,,,
28364,28364,2.5419180393218994,,,,
28365,28365,2.541865587234497,,,,
28366,28366,2.545753002166748,,,,
28367,28367,2.545961380004883,,,,
28368,28368,2.545412540435791,,,,
28369,28369,,2.5397098064422607,,,
28369,28369,2.5397098064422607,,,,
28370,28370,2.5466291904449463,,,,
28371,28371,2.543977737426758,,,,
28372,28372,2.5466699600219727,,,,
28373,28373,2.5398902893066406,,,,
28374,28374,2.5393452644348145,,,,
28375,28375,2.544635057449341,,,,
28376,28376,2.5439414978027344,,,,
28377,28377,2.537680149078369,,,,
28378,28378,2.5433881282806396,,,,
28379,28379,,2.540372133255005,,,
28379,28379,2.540372133255005,,,,
28380,28380,2.5361745357513428,,,,
28381,28381,2.5377323627471924,,,,
28382,28382,2.537893056869507,,,,
28383,28383,2.53731369972229,,,,
28384,28384,2.538231611251831,,,,
28385,28385,2.5376243591308594,,,,
28386,28386,2.5422463417053223,,,,
28387,28387,2.5417447090148926,,,,
28388,28388,2.534813165664673,,,,
28389,28389,,2.532618522644043,,,
28389,28389,2.532618522644043,,,,
28390,28390,2.5337746143341064,,,,
28391,28391,2.533565044403076,,,,
28392,28392,2.5332462787628174,,,,
28393,28393,2.5316720008850098,,,,
28394,28394,2.5322368144989014,,,,
28395,28395,2.5318613052368164,,,,
28396,28396,2.532538652420044,,,,
28397,28397,2.537217140197754,,,,
28398,28398,2.5372769832611084,,,,
28399,28399,,2.5307650566101074,,,
28399,28399,2.5307650566101074,,,,
28400,28400,2.5325851440429688,,,,
28401,28401,2.5339198112487793,,,,
28402,28402,2.5389888286590576,,,,
28403,28403,2.534097909927368,,,,
28404,28404,2.5323290824890137,,,,
28405,28405,2.5313565731048584,,,,
28406,28406,2.534846067428589,,,,
28407,28407,2.5307211875915527,,,,
28408,28408,2.528599262237549,,,,
28409,28409,,2.5291354656219482,,,
28409,28409,2.5291354656219482,,,,
28410,28410,2.5276570320129395,,,,
28411,28411,2.5271692276000977,,,,
28412,28412,2.52752947807312,,,,
28413,28413,2.5295543670654297,,,,
28414,28414,2.5303194522857666,,,,
28415,28415,2.5295307636260986,,,,
28416,28416,2.527981996536255,,,,
28417,28417,2.5325992107391357,,,,
28418,28418,2.532681465148926,,,,
28419,28419,,2.5279617309570312,,,
28419,28419,2.5279617309570312,,,,
28420,28420,2.531911611557007,,,,
28421,28421,2.5304346084594727,,,,
28422,28422,2.529372215270996,,,,
28423,28423,2.5286951065063477,,,,
28424,28424,2.5442042350769043,,,,
28425,28425,2.531789779663086,,,,
28426,28426,2.532986879348755,,,,
28427,28427,2.532547950744629,,,,
28428,28428,2.542526960372925,,,,
28429,28429,,2.534489393234253,,,
28429,28429,2.534489393234253,,,,
28430,28430,2.5326247215270996,,,,
28431,28431,2.530967950820923,,,,
28432,28432,2.533749580383301,,,,
28433,28433,2.533690929412842,,,,
28434,28434,2.53322434425354,,,,
28435,28435,2.5309627056121826,,,,
28436,28436,2.5327558517456055,,,,
28437,28437,2.5338551998138428,,,,
28438,28438,2.5331122875213623,,,,
28439,28439,,2.5334346294403076,,,
28439,28439,2.5334346294403076,,,,
28440,28440,2.533403158187866,,,,
28441,28441,2.533130168914795,,,,
28442,28442,2.5355966091156006,,,,
28443,28443,2.5343515872955322,,,,
28444,28444,2.5355875492095947,,,,
28445,28445,2.5348126888275146,,,,
28446,28446,2.5342369079589844,,,,
28447,28447,2.533092737197876,,,,
28448,28448,2.53490948677063,,,,
28449,28449,,2.5360960960388184,,,
28449,28449,2.5360960960388184,,,,
28450,28450,2.5354599952697754,,,,
28451,28451,2.5346574783325195,,,,
28452,28452,2.5364956855773926,,,,
28453,28453,2.535836935043335,,,,
28454,28454,2.5362818241119385,,,,
28455,28455,2.5362093448638916,,,,
28456,28456,2.5349714756011963,,,,
28457,28457,2.5363118648529053,,,,
28458,28458,2.537013053894043,,,,
28459,28459,,2.536078453063965,,,
28459,28459,2.536078453063965,,,,
28460,28460,2.529902458190918,,,,
28461,28461,2.5343313217163086,,,,
28462,28462,2.5344669818878174,,,,
28463,28463,2.5325891971588135,,,,
28464,28464,2.533203125,,,,
28465,28465,2.53334379196167,,,,
28466,28466,2.5330650806427,,,,
28467,28467,2.5326764583587646,,,,
28468,28468,2.5328452587127686,,,,
28469,28469,,2.530322790145874,,,
28469,28469,2.530322790145874,,,,
28470,28470,2.531190872192383,,,,
28471,28471,2.5304524898529053,,,,
28472,28472,2.530722141265869,,,,
28473,28473,2.5326685905456543,,,,
28474,28474,2.532217502593994,,,,
28475,28475,2.5322494506835938,,,,
28476,28476,2.5325117111206055,,,,
28477,28477,2.531646966934204,,,,
28478,28478,2.5319128036499023,,,,
28479,28479,,2.5321412086486816,,,
28479,28479,2.5321412086486816,,,,
28480,28480,2.531548261642456,,,,
28481,28481,2.534491539001465,,,,
28482,28482,2.534461736679077,,,,
28483,28483,2.533966064453125,,,,
28484,28484,2.5333542823791504,,,,
28485,28485,2.5327847003936768,,,,
28486,28486,2.533008575439453,,,,
28487,28487,2.534780502319336,,,,
28488,28488,2.5345818996429443,,,,
28489,28489,,2.533634662628174,,,
28489,28489,2.533634662628174,,,,
28490,28490,2.5334999561309814,,,,
28491,28491,2.5313806533813477,,,,
28492,28492,2.531611442565918,,,,
28493,28493,2.5333409309387207,,,,
28494,28494,2.532709836959839,,,,
28495,28495,2.5317254066467285,,,,
28496,28496,2.53078031539917,,,,
28497,28497,2.530488967895508,,,,
28498,28498,2.5315065383911133,,,,
28499,28499,,2.5328261852264404,,,
28499,28499,,,0.174277201294899,185.76869201660156,182.86378479003906
28499,28499,2.5328261852264404,,,,
28500,28500,2.5324337482452393,,,,
28501,28501,2.5338330268859863,,,,
28502,28502,2.5316555500030518,,,,
28503,28503,2.5329244136810303,,,,
28504,28504,2.5330753326416016,,,,
28505,28505,2.5331859588623047,,,,
28506,28506,2.5330312252044678,,,,
28507,28507,2.533111333847046,,,,
28508,28508,2.533057689666748,,,,
28509,28509,,2.5332655906677246,,,
28509,28509,2.5332655906677246,,,,
28510,28510,2.533010721206665,,,,
28511,28511,2.5307047367095947,,,,
28512,28512,2.530522584915161,,,,
28513,28513,2.530022382736206,,,,
28514,28514,2.5308666229248047,,,,
28515,28515,2.5308094024658203,,,,
28516,28516,2.529608726501465,,,,
28517,28517,2.5294198989868164,,,,
28518,28518,2.530215263366699,,,,
28519,28519,,2.5306191444396973,,,
28519,28519,2.5306191444396973,,,,
28520,28520,2.5308666229248047,,,,
28521,28521,2.5302581787109375,,,,
28522,28522,2.5295348167419434,,,,
28523,28523,2.5285754203796387,,,,
28524,28524,2.53011417388916,,,,
28525,28525,2.529536724090576,,,,
28526,28526,2.529799461364746,,,,
28527,28527,2.530796527862549,,,,
28528,28528,2.529252052307129,,,,
28529,28529,,2.529202938079834,,,
28529,28529,2.529202938079834,,,,
28530,28530,2.5296356678009033,,,,
28531,28531,2.5292227268218994,,,,
28532,28532,2.5293161869049072,,,,
28533,28533,2.5290472507476807,,,,
28534,28534,2.5303659439086914,,,,
28535,28535,2.5308074951171875,,,,
28536,28536,2.5301926136016846,,,,
28537,28537,2.5307908058166504,,,,
28538,28538,2.530318260192871,,,,
28539,28539,,2.530522584915161,,,
28539,28539,2.530522584915161,,,,
28540,28540,2.5302391052246094,,,,
28541,28541,2.528071641921997,,,,
28542,28542,2.5278375148773193,,,,
28543,28543,2.527320146560669,,,,
28544,28544,2.522052764892578,,,,
28545,28545,2.522138833999634,,,,
28546,28546,2.521761655807495,,,,
28547,28547,2.525700569152832,,,,
28548,28548,2.529306173324585,,,,
28549,28549,,2.520026206970215,,,
28549,28549,2.520026206970215,,,,
28550,28550,2.521104574203491,,,,
28551,28551,2.526280403137207,,,,
28552,28552,2.5302891731262207,,,,
28553,28553,2.52072811126709,,,,
28554,28554,2.524092435836792,,,,
28555,28555,2.523848533630371,,,,
28556,28556,2.5216541290283203,,,,
28557,28557,2.5255868434906006,,,,
28558,28558,2.5268802642822266,,,,
28559,28559,,2.527390718460083,,,
28559,28559,2.527390718460083,,,,
28560,28560,2.526930093765259,,,,
28561,28561,2.522120475769043,,,,
28562,28562,2.5214226245880127,,,,
28563,28563,2.522030830383301,,,,
28564,28564,2.5217700004577637,,,,
28565,28565,2.5248005390167236,,,,
28566,28566,2.5200915336608887,,,,
28567,28567,2.5282464027404785,,,,
28568,28568,2.528186559677124,,,,
28569,28569,,2.520995616912842,,,
28569,28569,2.520995616912842,,,,
28570,28570,2.520963668823242,,,,
28571,28571,2.520357370376587,,,,
28572,28572,2.5276615619659424,,,,
28573,28573,2.5204248428344727,,,,
28574,28574,2.519630193710327,,,,
28575,28575,2.5182812213897705,,,,
28576,28576,2.5196237564086914,,,,
28577,28577,2.520702362060547,,,,
28578,28578,2.520968198776245,,,,
28579,28579,,2.519772529602051,,,
28579,28579,2.519772529602051,,,,
28580,28580,2.5180680751800537,,,,
28581,28581,2.5180823802948,,,,
28582,28582,2.523218870162964,,,,
28583,28583,2.5234711170196533,,,,
28584,28584,2.5241711139678955,,,,
28585,28585,2.5217578411102295,,,,
28586,28586,2.5215682983398438,,,,
28587,28587,2.5216715335845947,,,,
28588,28588,2.5228235721588135,,,,
28589,28589,,2.5231573581695557,,,
28589,28589,2.5231573581695557,,,,
28590,28590,2.5225048065185547,,,,
28591,28591,2.5226244926452637,,,,
28592,28592,2.5251924991607666,,,,
28593,28593,2.527052164077759,,,,
28594,28594,2.5259907245635986,,,,
28595,28595,2.525614023208618,,,,
28596,28596,2.523597478866577,,,,
28597,28597,2.5236101150512695,,,,
28598,28598,2.5238723754882812,,,,
28599,28599,,2.5257580280303955,,,
28599,28599,2.5257580280303955,,,,
28600,28600,2.5251271724700928,,,,
28601,28601,2.523664951324463,,,,
28602,28602,2.530492067337036,,,,
28603,28603,2.5305747985839844,,,,
28604,28604,2.525355339050293,,,,
28605,28605,2.526007652282715,,,,
28606,28606,2.526657819747925,,,,
28607,28607,2.5237231254577637,,,,
28608,28608,2.5231211185455322,,,,
28609,28609,,2.5234999656677246,,,
28609,28609,2.5234999656677246,,,,
28610,28610,2.5209548473358154,,,,
28611,28611,2.5195441246032715,,,,
28612,28612,2.52047061920166,,,,
28613,28613,2.5189578533172607,,,,
28614,28614,2.519040107727051,,,,
28615,28615,2.522010326385498,,,,
28616,28616,2.521099090576172,,,,
28617,28617,2.521533489227295,,,,
28618,28618,2.5247159004211426,,,,
28619,28619,,2.5279154777526855,,,
28619,28619,2.5279154777526855,,,,
28620,28620,2.527517318725586,,,,
28621,28621,2.5279948711395264,,,,
28622,28622,2.527636766433716,,,,
28623,28623,2.532557487487793,,,,
28624,28624,2.532433032989502,,,,
28625,28625,2.530689239501953,,,,
28626,28626,2.5301907062530518,,,,
28627,28627,2.531125545501709,,,,
28628,28628,2.5253098011016846,,,,
28629,28629,,2.530177593231201,,,
28629,28629,2.530177593231201,,,,
28630,28630,2.5291190147399902,,,,
28631,28631,2.5231478214263916,,,,
28632,28632,2.520341157913208,,,,
28633,28633,2.518730640411377,,,,
28634,28634,2.5260391235351562,,,,
28635,28635,2.52551531791687,,,,
28636,28636,2.518785238265991,,,,
28637,28637,2.5187549591064453,,,,
28638,28638,2.5244202613830566,,,,
28639,28639,,2.52466082572937,,,
28639,28639,2.52466082572937,,,,
28640,28640,2.5279080867767334,,,,
28641,28641,2.528140068054199,,,,
28642,28642,2.5284101963043213,,,,
28643,28643,2.5259387493133545,,,,
28644,28644,2.526726007461548,,,,
28645,28645,2.5267069339752197,,,,
28646,28646,2.5238866806030273,,,,
28647,28647,2.5259592533111572,,,,
28648,28648,2.5239367485046387,,,,
28649,28649,,2.5253407955169678,,,
28649,28649,2.5253407955169678,,,,
28650,28650,2.5219333171844482,,,,
28651,28651,2.5206894874572754,,,,
28652,28652,2.525937557220459,,,,
28653,28653,2.5256075859069824,,,,
28654,28654,2.5188589096069336,,,,
28655,28655,2.5206234455108643,,,,
28656,28656,2.5201222896575928,,,,
28657,28657,2.519467353820801,,,,
28658,28658,2.519221067428589,,,,
28659,28659,,2.5207266807556152,,,
28659,28659,2.5207266807556152,,,,
28660,28660,2.5196359157562256,,,,
28661,28661,2.5199997425079346,,,,
28662,28662,2.521157741546631,,,,
28663,28663,2.5198843479156494,,,,
28664,28664,2.5204944610595703,,,,
28665,28665,2.5194363594055176,,,,
28666,28666,2.5205764770507812,,,,
28667,28667,2.520747184753418,,,,
28668,28668,2.5201313495635986,,,,
28669,28669,,2.5205414295196533,,,
28669,28669,2.5205414295196533,,,,
28670,28670,2.519979476928711,,,,
28671,28671,2.522059440612793,,,,
28672,28672,2.521193504333496,,,,
28673,28673,2.5199615955352783,,,,
28674,28674,2.519423484802246,,,,
28675,28675,2.5186944007873535,,,,
28676,28676,2.5188822746276855,,,,
28677,28677,2.519380807876587,,,,
28678,28678,2.518611431121826,,,,
28679,28679,,2.518146276473999,,,
28679,28679,2.518146276473999,,,,
28680,28680,2.519123077392578,,,,
28681,28681,2.518141031265259,,,,
28682,28682,2.51871919631958,,,,
28683,28683,2.5183184146881104,,,,
28684,28684,2.5171329975128174,,,,
28685,28685,2.5174856185913086,,,,
28686,28686,2.5154356956481934,,,,
28687,28687,2.5169265270233154,,,,
28688,28688,2.5145318508148193,,,,
28689,28689,,2.513662099838257,,,
28689,28689,2.513662099838257,,,,
28690,28690,2.5134825706481934,,,,
28691,28691,2.5157129764556885,,,,
28692,28692,2.5162675380706787,,,,
28693,28693,2.515409469604492,,,,
28694,28694,2.51480770111084,,,,
28695,28695,2.514301061630249,,,,
28696,28696,2.5161285400390625,,,,
28697,28697,2.5160162448883057,,,,
28698,28698,2.519834518432617,,,,
28699,28699,,2.51557993888855,,,
28699,28699,2.51557993888855,,,,
28700,28700,2.516263008117676,,,,
28701,28701,2.5194106101989746,,,,
28702,28702,2.5188446044921875,,,,
28703,28703,2.51491117477417,,,,
28704,28704,2.514268636703491,,,,
28705,28705,2.5137064456939697,,,,
28706,28706,2.519589900970459,,,,
28707,28707,2.513089895248413,,,,
28708,28708,2.5133252143859863,,,,
28709,28709,,2.512629985809326,,,
28709,28709,2.512629985809326,,,,
28710,28710,2.5130703449249268,,,,
28711,28711,2.5129175186157227,,,,
28712,28712,2.5145766735076904,,,,
28713,28713,2.5133659839630127,,,,
28714,28714,2.5130186080932617,,,,
28715,28715,2.51326060295105,,,,
28716,28716,2.511514902114868,,,,
28717,28717,2.513310194015503,,,,
28718,28718,2.514616012573242,,,,
28719,28719,,2.5148093700408936,,,
28719,28719,2.5148093700408936,,,,
28720,28720,2.513566255569458,,,,
28721,28721,2.508540391921997,,,,
28722,28722,2.511948585510254,,,,
28723,28723,2.5153825283050537,,,,
28724,28724,2.5117368698120117,,,,
28725,28725,2.51133131980896,,,,
28726,28726,2.512486457824707,,,,
28727,28727,2.5109546184539795,,,,
28728,28728,2.5121779441833496,,,,
28729,28729,,2.513089895248413,,,
28729,28729,2.513089895248413,,,,
28730,28730,2.5117135047912598,,,,
28731,28731,2.514923095703125,,,,
28732,28732,2.5165977478027344,,,,
28733,28733,2.514941453933716,,,,
28734,28734,2.515126943588257,,,,
28735,28735,2.510892391204834,,,,
28736,28736,2.512200355529785,,,,
28737,28737,2.5112879276275635,,,,
28738,28738,2.515202045440674,,,,
28739,28739,,2.5158169269561768,,,
28739,28739,2.5158169269561768,,,,
28740,28740,2.5113446712493896,,,,
28741,28741,2.508310079574585,,,,
28742,28742,2.5090107917785645,,,,
28743,28743,2.510049343109131,,,,
28744,28744,2.509746551513672,,,,
28745,28745,2.5079541206359863,,,,
28746,28746,2.5082273483276367,,,,
28747,28747,2.5082473754882812,,,,
28748,28748,2.507880210876465,,,,
28749,28749,,2.507553815841675,,,
28749,28749,2.507553815841675,,,,
28750,28750,2.512629985809326,,,,
28751,28751,2.507988929748535,,,,
28752,28752,2.508517265319824,,,,
28753,28753,2.50701904296875,,,,
28754,28754,2.5140798091888428,,,,
28755,28755,2.5066416263580322,,,,
28756,28756,2.509375810623169,,,,
28757,28757,2.508610248565674,,,,
28758,28758,2.513007879257202,,,,
28759,28759,,2.5133719444274902,,,
28759,28759,2.5133719444274902,,,,
28760,28760,2.508253574371338,,,,
28761,28761,2.5082197189331055,,,,
28762,28762,2.5097835063934326,,,,
28763,28763,2.510019540786743,,,,
28764,28764,2.510037422180176,,,,
28765,28765,2.5115036964416504,,,,
28766,28766,2.5101230144500732,,,,
28767,28767,2.5092897415161133,,,,
28768,28768,2.5086331367492676,,,,
28769,28769,,2.5103869438171387,,,
28769,28769,2.5103869438171387,,,,
28770,28770,2.5055439472198486,,,,
28771,28771,2.5070250034332275,,,,
28772,28772,2.510852575302124,,,,
28773,28773,2.5074093341827393,,,,
28774,28774,2.514881134033203,,,,
28775,28775,2.5156757831573486,,,,
28776,28776,2.508803367614746,,,,
28777,28777,2.5070691108703613,,,,
28778,28778,2.508965253829956,,,,
28779,28779,,2.5121850967407227,,,
28779,28779,2.5121850967407227,,,,
28780,28780,2.511927843093872,,,,
28781,28781,2.508878707885742,,,,
28782,28782,2.5029075145721436,,,,
28783,28783,2.506532669067383,,,,
28784,28784,2.51035213470459,,,,
28785,28785,2.5101680755615234,,,,
28786,28786,2.5068960189819336,,,,
28787,28787,2.5017716884613037,,,,
28788,28788,2.5015978813171387,,,,
28789,28789,,2.5113861560821533,,,
28789,28789,2.5113861560821533,,,,
28790,28790,2.511159658432007,,,,
28791,28791,2.5042474269866943,,,,
28792,28792,2.5049421787261963,,,,
28793,28793,2.5162057876586914,,,,
28794,28794,2.504878282546997,,,,
28795,28795,2.5038297176361084,,,,
28796,28796,2.5039801597595215,,,,
28797,28797,2.5048584938049316,,,,
28798,28798,2.503854513168335,,,,
28799,28799,,2.5043647289276123,,,
28799,28799,2.5043647289276123,,,,
28800,28800,2.5062830448150635,,,,
28801,28801,2.5062458515167236,,,,
28802,28802,2.5023679733276367,,,,
28803,28803,2.508234977722168,,,,
28804,28804,2.506387233734131,,,,
28805,28805,2.5067708492279053,,,,
28806,28806,2.50661039352417,,,,
28807,28807,2.5085675716400146,,,,
28808,28808,2.5086774826049805,,,,
28809,28809,,2.5026605129241943,,,
28809,28809,2.5026605129241943,,,,
28810,28810,2.5074753761291504,,,,
28811,28811,2.5012717247009277,,,,
28812,28812,2.5055973529815674,,,,
28813,28813,2.509326934814453,,,,
28814,28814,2.5059077739715576,,,,
28815,28815,2.501347303390503,,,,
28816,28816,2.5025975704193115,,,,
28817,28817,2.5042073726654053,,,,
28818,28818,2.503448486328125,,,,
28819,28819,,2.507075548171997,,,
28819,28819,2.507075548171997,,,,
28820,28820,2.506559371948242,,,,
28821,28821,2.5085980892181396,,,,
28822,28822,2.502318859100342,,,,
28823,28823,2.501512050628662,,,,
28824,28824,2.5039637088775635,,,,
28825,28825,2.5063130855560303,,,,
28826,28826,2.5056989192962646,,,,
28827,28827,2.5011520385742188,,,,
28828,28828,2.5058624744415283,,,,
28829,28829,,2.4992172718048096,,,
28829,28829,2.4992172718048096,,,,
28830,28830,2.499180793762207,,,,
28831,28831,2.504002809524536,,,,
28832,28832,2.5046072006225586,,,,
28833,28833,2.503627300262451,,,,
28834,28834,2.5034079551696777,,,,
28835,28835,2.503697156906128,,,,
28836,28836,2.5042591094970703,,,,
28837,28837,2.5056891441345215,,,,
28838,28838,2.5047855377197266,,,,
28839,28839,,2.511706590652466,,,
28839,28839,2.511706590652466,,,,
28840,28840,2.512923240661621,,,,
28841,28841,2.499004364013672,,,,
28842,28842,2.5074658393859863,,,,
28843,28843,2.5010604858398438,,,,
28844,28844,2.499054431915283,,,,
28845,28845,2.5125629901885986,,,,
28846,28846,2.4998693466186523,,,,
28847,28847,2.507206439971924,,,,
28848,28848,2.5003838539123535,,,,
28849,28849,,2.51090669631958,,,
28849,28849,2.51090669631958,,,,
28850,28850,2.513014316558838,,,,
28851,28851,2.5006701946258545,,,,
28852,28852,2.5097768306732178,,,,
28853,28853,2.506711721420288,,,,
28854,28854,2.5011448860168457,,,,
28855,28855,2.5085842609405518,,,,
28856,28856,2.5036847591400146,,,,
28857,28857,2.5069916248321533,,,,
28858,28858,2.5051698684692383,,,,
28859,28859,,2.5020620822906494,,,
28859,28859,2.5020620822906494,,,,
28860,28860,2.509310722351074,,,,
28861,28861,2.5028512477874756,,,,
28862,28862,2.5103557109832764,,,,
28863,28863,2.503007411956787,,,,
28864,28864,2.502229690551758,,,,
28865,28865,2.502562999725342,,,,
28866,28866,2.5025384426116943,,,,
28867,28867,2.5024147033691406,,,,
28868,28868,2.503329277038574,,,,
28869,28869,,2.5022027492523193,,,
28869,28869,2.5022027492523193,,,,
28870,28870,2.4988596439361572,,,,
28871,28871,2.496562957763672,,,,
28872,28872,2.500596046447754,,,,
28873,28873,2.496500253677368,,,,
28874,28874,2.4982388019561768,,,,
28875,28875,2.4973974227905273,,,,
28876,28876,2.4954755306243896,,,,
28877,28877,2.4951717853546143,,,,
28878,28878,2.494205951690674,,,,
28879,28879,,2.498756170272827,,,
28879,28879,2.498756170272827,,,,
28880,28880,2.4940693378448486,,,,
28881,28881,2.5008058547973633,,,,
28882,28882,2.501199960708618,,,,
28883,28883,2.4974472522735596,,,,
28884,28884,2.499145269393921,,,,
28885,28885,2.495123863220215,,,,
28886,28886,2.5025150775909424,,,,
28887,28887,2.5019400119781494,,,,
28888,28888,2.497657537460327,,,,
28889,28889,,2.501058340072632,,,
28889,28889,2.501058340072632,,,,
28890,28890,2.4957170486450195,,,,
28891,28891,2.503319025039673,,,,
28892,28892,2.4961209297180176,,,,
28893,28893,2.4990415573120117,,,,
28894,28894,2.500127077102661,,,,
28895,28895,2.4990320205688477,,,,
28896,28896,2.4987404346466064,,,,
28897,28897,2.49680757522583,,,,
28898,28898,2.4991581439971924,,,,
28899,28899,,2.499641180038452,,,
28899,28899,2.499641180038452,,,,
28900,28900,2.4993157386779785,,,,
28901,28901,2.5015182495117188,,,,
28902,28902,2.502358913421631,,,,
28903,28903,2.4963769912719727,,,,
28904,28904,2.499666690826416,,,,
28905,28905,2.49928617477417,,,,
28906,28906,2.4964630603790283,,,,
28907,28907,2.5018491744995117,,,,
28908,28908,2.5015077590942383,,,,
28909,28909,,2.4941136837005615,,,
28909,28909,2.4941136837005615,,,,
28910,28910,2.4968934059143066,,,,
28911,28911,2.496811628341675,,,,
28912,28912,2.4983417987823486,,,,
28913,28913,2.497863292694092,,,,
28914,28914,2.4982657432556152,,,,
28915,28915,2.4951586723327637,,,,
28916,28916,2.4947164058685303,,,,
28917,28917,2.4973762035369873,,,,
28918,28918,2.4982826709747314,,,,
28919,28919,,2.4989702701568604,,,
28919,28919,2.4989702701568604,,,,
28920,28920,2.499835968017578,,,,
28921,28921,2.4948785305023193,,,,
28922,28922,2.498265504837036,,,,
28923,28923,2.501025438308716,,,,
28924,28924,2.4997591972351074,,,,
28925,28925,2.5009069442749023,,,,
28926,28926,2.4971773624420166,,,,
28927,28927,2.4964852333068848,,,,
28928,28928,2.499518632888794,,,,
28929,28929,,2.4998621940612793,,,
28929,28929,2.4998621940612793,,,,
28930,28930,2.50022029876709,,,,
28931,28931,2.4951353073120117,,,,
28932,28932,2.495755434036255,,,,
28933,28933,2.500964403152466,,,,
28934,28934,2.5007712841033936,,,,
28935,28935,2.5003747940063477,,,,
28936,28936,2.500521183013916,,,,
28937,28937,2.4967458248138428,,,,
28938,28938,2.49576735496521,,,,
28939,28939,,2.4987008571624756,,,
28939,28939,2.4987008571624756,,,,
28940,28940,2.497677803039551,,,,
28941,28941,2.4944937229156494,,,,
28942,28942,2.4940147399902344,,,,
28943,28943,2.492872714996338,,,,
28944,28944,2.4932665824890137,,,,
28945,28945,2.497201681137085,,,,
28946,28946,2.492575168609619,,,,
28947,28947,2.4918346405029297,,,,
28948,28948,2.492987871170044,,,,
28949,28949,,2.492172956466675,,,
28949,28949,2.492172956466675,,,,
28950,28950,2.4933910369873047,,,,
28951,28951,2.4942309856414795,,,,
28952,28952,2.498290777206421,,,,
28953,28953,2.4975404739379883,,,,
28954,28954,2.4991581439971924,,,,
28955,28955,2.5014727115631104,,,,
28956,28956,2.501336097717285,,,,
28957,28957,2.4989309310913086,,,,
28958,28958,2.499389171600342,,,,
28959,28959,,2.4990172386169434,,,
28959,28959,2.4990172386169434,,,,
28960,28960,2.499211549758911,,,,
28961,28961,2.500136613845825,,,,
28962,28962,2.4984281063079834,,,,
28963,28963,2.498417615890503,,,,
28964,28964,2.4977829456329346,,,,
28965,28965,2.4975836277008057,,,,
28966,28966,2.4972918033599854,,,,
28967,28967,2.4978513717651367,,,,
28968,28968,2.497704029083252,,,,
28969,28969,,2.4980530738830566,,,
28969,28969,2.4980530738830566,,,,
28970,28970,2.499286651611328,,,,
28971,28971,2.499431848526001,,,,
28972,28972,2.497812032699585,,,,
28973,28973,2.498033285140991,,,,
28974,28974,2.499262809753418,,,,
28975,28975,2.4990897178649902,,,,
28976,28976,2.497882127761841,,,,
28977,28977,2.4981839656829834,,,,
28978,28978,2.4984946250915527,,,,
28979,28979,,2.497873306274414,,,
28979,28979,2.497873306274414,,,,
28980,28980,2.4968461990356445,,,,
28981,28981,2.497586965560913,,,,
28982,28982,2.496168851852417,,,,
28983,28983,2.4995105266571045,,,,
28984,28984,2.497014284133911,,,,
28985,28985,2.497802495956421,,,,
28986,28986,2.4977877140045166,,,,
28987,28987,2.497222661972046,,,,
28988,28988,2.500636577606201,,,,
28989,28989,,2.496697425842285,,,
28989,28989,2.496697425842285,,,,
28990,28990,2.4965007305145264,,,,
28991,28991,2.5012457370758057,,,,
28992,28992,2.499188184738159,,,,
28993,28993,2.5007402896881104,,,,
28994,28994,2.501413345336914,,,,
28995,28995,2.500093936920166,,,,
28996,28996,2.501488208770752,,,,
28997,28997,2.5021770000457764,,,,
28998,28998,2.5025737285614014,,,,
28999,28999,,2.5029468536376953,,,
28999,28999,,,0.17364691197872162,184.4274139404297,182.86378479003906
28999,28999,2.5029468536376953,,,,
29000,29000,2.502627372741699,,,,
29001,29001,2.4977614879608154,,,,
29002,29002,2.4974992275238037,,,,
29003,29003,2.498274326324463,,,,
29004,29004,2.503112316131592,,,,
29005,29005,2.5027730464935303,,,,
29006,29006,2.502150297164917,,,,
29007,29007,2.500264883041382,,,,
29008,29008,2.5004446506500244,,,,
29009,29009,,2.5006303787231445,,,
29009,29009,2.5006303787231445,,,,
29010,29010,2.500643253326416,,,,
29011,29011,2.500312089920044,,,,
29012,29012,2.500100612640381,,,,
29013,29013,2.4999399185180664,,,,
29014,29014,2.498912811279297,,,,
29015,29015,2.4920175075531006,,,,
29016,29016,2.492032051086426,,,,
29017,29017,2.49687123298645,,,,
29018,29018,2.497035503387451,,,,
29019,29019,,2.4913411140441895,,,
29019,29019,2.4913411140441895,,,,
29020,29020,2.482816457748413,,,,
29021,29021,2.4905567169189453,,,,
29022,29022,2.497555732727051,,,,
29023,29023,2.498438835144043,,,,
29024,29024,2.4928765296936035,,,,
29025,29025,2.492971658706665,,,,
29026,29026,2.4940617084503174,,,,
29027,29027,2.495842218399048,,,,
29028,29028,2.4963161945343018,,,,
29029,29029,,2.5023653507232666,,,
29029,29029,2.5023653507232666,,,,
29030,29030,2.4975438117980957,,,,
29031,29031,2.4929535388946533,,,,
29032,29032,2.492831230163574,,,,
29033,29033,2.4929049015045166,,,,
29034,29034,2.496779203414917,,,,
29035,29035,2.5064992904663086,,,,
29036,29036,2.4914586544036865,,,,
29037,29037,2.4851322174072266,,,,
29038,29038,2.492093324661255,,,,
29039,29039,,2.5035786628723145,,,
29039,29039,2.5035786628723145,,,,
29040,29040,2.496462345123291,,,,
29041,29041,2.4909491539001465,,,,
29042,29042,2.491931915283203,,,,
29043,29043,2.494375467300415,,,,
29044,29044,2.5020124912261963,,,,
29045,29045,2.489894390106201,,,,
29046,29046,2.490034818649292,,,,
29047,29047,2.4906506538391113,,,,
29048,29048,2.4905402660369873,,,,
29049,29049,,2.4914228916168213,,,
29049,29049,2.4914228916168213,,,,
29050,29050,2.503861427307129,,,,
29051,29051,2.4905192852020264,,,,
29052,29052,2.490333318710327,,,,
29053,29053,2.4905502796173096,,,,
29054,29054,2.4889092445373535,,,,
29055,29055,2.4887986183166504,,,,
29056,29056,2.4908676147460938,,,,
29057,29057,2.488921880722046,,,,
29058,29058,2.5040395259857178,,,,
29059,29059,,2.4889581203460693,,,
29059,29059,2.4889581203460693,,,,
29060,29060,2.483771562576294,,,,
29061,29061,2.489288330078125,,,,
29062,29062,2.4886889457702637,,,,
29063,29063,2.489413022994995,,,,
29064,29064,2.4833943843841553,,,,
29065,29065,2.4829652309417725,,,,
29066,29066,2.4893460273742676,,,,
29067,29067,2.4984965324401855,,,,
29068,29068,2.4894497394561768,,,,
29069,29069,,2.481633186340332,,,
29069,29069,2.481633186340332,,,,
29070,29070,2.4818854331970215,,,,
29071,29071,2.48915696144104,,,,
29072,29072,2.4985997676849365,,,,
29073,29073,2.489838123321533,,,,
29074,29074,2.4898877143859863,,,,
29075,29075,2.4810945987701416,,,,
29076,29076,2.489941358566284,,,,
29077,29077,2.490028142929077,,,,
29078,29078,2.489638328552246,,,,
29079,29079,,2.4804527759552,,,
29079,29079,2.4804527759552,,,,
29080,29080,2.482069253921509,,,,
29081,29081,2.479229211807251,,,,
29082,29082,2.4994020462036133,,,,
29083,29083,2.4806439876556396,,,,
29084,29084,2.4817490577697754,,,,
29085,29085,2.499037504196167,,,,
29086,29086,2.4980039596557617,,,,
29087,29087,2.48368501663208,,,,
29088,29088,2.4845147132873535,,,,
29089,29089,,2.499566078186035,,,
29089,29089,2.499566078186035,,,,
29090,29090,2.4798951148986816,,,,
29091,29091,2.483241558074951,,,,
29092,29092,2.4938173294067383,,,,
29093,29093,2.4979240894317627,,,,
29094,29094,2.4812896251678467,,,,
29095,29095,2.484928846359253,,,,
29096,29096,2.479728937149048,,,,
29097,29097,2.5018723011016846,,,,
29098,29098,2.486524820327759,,,,
29099,29099,,2.484266519546509,,,
29099,29099,2.484266519546509,,,,
29100,29100,2.4801223278045654,,,,
29101,29101,2.4870591163635254,,,,
29102,29102,2.4863839149475098,,,,
29103,29103,2.486912250518799,,,,
29104,29104,2.481997013092041,,,,
29105,29105,2.4830830097198486,,,,
29106,29106,2.494215965270996,,,,
29107,29107,2.497945547103882,,,,
29108,29108,2.4827139377593994,,,,
29109,29109,,2.4819862842559814,,,
29109,29109,2.4819862842559814,,,,
29110,29110,2.4874444007873535,,,,
29111,29111,2.4779012203216553,,,,
29112,29112,2.4806909561157227,,,,
29113,29113,2.479703664779663,,,,
29114,29114,2.484532594680786,,,,
29115,29115,2.4867544174194336,,,,
29116,29116,2.479924201965332,,,,
29117,29117,2.483250856399536,,,,
29118,29118,2.484711170196533,,,,
29119,29119,,2.485164165496826,,,
29119,29119,2.485164165496826,,,,
29120,29120,2.481416702270508,,,,
29121,29121,2.4846582412719727,,,,
29122,29122,2.4843289852142334,,,,
29123,29123,2.4792895317077637,,,,
29124,29124,2.479949712753296,,,,
29125,29125,2.4787192344665527,,,,
29126,29126,2.4781646728515625,,,,
29127,29127,2.4796266555786133,,,,
29128,29128,2.479677438735962,,,,
29129,29129,,2.4912333488464355,,,
29129,29129,2.4912333488464355,,,,
29130,29130,2.47739315032959,,,,
29131,29131,2.477849245071411,,,,
29132,29132,2.490438461303711,,,,
29133,29133,2.491394519805908,,,,
29134,29134,2.4771177768707275,,,,
29135,29135,2.4773261547088623,,,,
29136,29136,2.4898624420166016,,,,
29137,29137,2.476109027862549,,,,
29138,29138,2.4766125679016113,,,,
29139,29139,,2.4766640663146973,,,
29139,29139,2.4766640663146973,,,,
29140,29140,2.476370334625244,,,,
29141,29141,2.4775333404541016,,,,
29142,29142,2.482083797454834,,,,
29143,29143,2.4814376831054688,,,,
29144,29144,2.484255790710449,,,,
29145,29145,2.4815659523010254,,,,
29146,29146,2.4830482006073,,,,
29147,29147,2.4816956520080566,,,,
29148,29148,2.4955406188964844,,,,
29149,29149,,2.4925310611724854,,,
29149,29149,2.4925310611724854,,,,
29150,29150,2.488041400909424,,,,
29151,29151,2.4883456230163574,,,,
29152,29152,2.493279218673706,,,,
29153,29153,2.4932990074157715,,,,
29154,29154,2.4852118492126465,,,,
29155,29155,2.485368251800537,,,,
29156,29156,2.4894766807556152,,,,
29157,29157,2.482591152191162,,,,
29158,29158,2.4849860668182373,,,,
29159,29159,,2.481935501098633,,,
29159,29159,2.481935501098633,,,,
29160,29160,2.4817545413970947,,,,
29161,29161,2.4818217754364014,,,,
29162,29162,2.482896089553833,,,,
29163,29163,2.4818129539489746,,,,
29164,29164,2.482020854949951,,,,
29165,29165,2.480714797973633,,,,
29166,29166,2.488177537918091,,,,
29167,29167,2.480626344680786,,,,
29168,29168,2.486389636993408,,,,
29169,29169,,2.4866559505462646,,,
29169,29169,2.4866559505462646,,,,
29170,29170,2.487531900405884,,,,
29171,29171,2.4881136417388916,,,,
29172,29172,2.4877071380615234,,,,
29173,29173,2.4880759716033936,,,,
29174,29174,2.4909517765045166,,,,
29175,29175,2.492058038711548,,,,
29176,29176,2.4920754432678223,,,,
29177,29177,2.4903483390808105,,,,
29178,29178,2.4934160709381104,,,,
29179,29179,,2.502948760986328,,,
29179,29179,2.502948760986328,,,,
29180,29180,2.4988186359405518,,,,
29181,29181,2.4898593425750732,,,,
29182,29182,2.4884679317474365,,,,
29183,29183,2.489558696746826,,,,
29184,29184,2.487574338912964,,,,
29185,29185,2.480543613433838,,,,
29186,29186,2.480938673019409,,,,
29187,29187,2.489382266998291,,,,
29188,29188,2.4892609119415283,,,,
29189,29189,,2.489309072494507,,,
29189,29189,2.489309072494507,,,,
29190,29190,2.4890947341918945,,,,
29191,29191,2.4886982440948486,,,,
29192,29192,2.48907208442688,,,,
29193,29193,2.490567207336426,,,,
29194,29194,2.491065502166748,,,,
29195,29195,2.489881992340088,,,,
29196,29196,2.489163875579834,,,,
29197,29197,2.489164352416992,,,,
29198,29198,2.4878673553466797,,,,
29199,29199,,2.4881982803344727,,,
29199,29199,2.4881982803344727,,,,
29200,29200,2.4888575077056885,,,,
29201,29201,2.4873456954956055,,,,
29202,29202,2.4871938228607178,,,,
29203,29203,2.4880876541137695,,,,
29204,29204,2.4888880252838135,,,,
29205,29205,2.493938446044922,,,,
29206,29206,2.4927046298980713,,,,
29207,29207,2.4916653633117676,,,,
29208,29208,2.4925267696380615,,,,
29209,29209,,2.49289870262146,,,
29209,29209,2.49289870262146,,,,
29210,29210,2.4920663833618164,,,,
29211,29211,2.4929211139678955,,,,
29212,29212,2.4934487342834473,,,,
29213,29213,2.4933340549468994,,,,
29214,29214,2.4943454265594482,,,,
29215,29215,2.4948675632476807,,,,
29216,29216,2.492810010910034,,,,
29217,29217,2.4921252727508545,,,,
29218,29218,2.4888646602630615,,,,
29219,29219,,2.4929540157318115,,,
29219,29219,2.4929540157318115,,,,
29220,29220,2.4973843097686768,,,,
29221,29221,2.4928224086761475,,,,
29222,29222,2.488981246948242,,,,
29223,29223,2.4932212829589844,,,,
29224,29224,2.4933700561523438,,,,
29225,29225,2.4927432537078857,,,,
29226,29226,2.4874558448791504,,,,
29227,29227,2.491647720336914,,,,
29228,29228,2.4974205493927,,,,
29229,29229,,2.4913644790649414,,,
29229,29229,2.4913644790649414,,,,
29230,29230,2.488204002380371,,,,
29231,29231,2.4892897605895996,,,,
29232,29232,2.489595651626587,,,,
29233,29233,2.489858388900757,,,,
29234,29234,2.489835262298584,,,,
29235,29235,2.4900293350219727,,,,
29236,29236,2.4902780055999756,,,,
29237,29237,2.4950411319732666,,,,
29238,29238,2.4934003353118896,,,,
29239,29239,,2.502274990081787,,,
29239,29239,2.502274990081787,,,,
29240,29240,2.4949567317962646,,,,
29241,29241,2.492272138595581,,,,
29242,29242,2.498175859451294,,,,
29243,29243,2.4930405616760254,,,,
29244,29244,2.5015175342559814,,,,
29245,29245,2.494251012802124,,,,
29246,29246,2.49497652053833,,,,
29247,29247,2.499462842941284,,,,
29248,29248,2.4967353343963623,,,,
29249,29249,,2.5061228275299072,,,
29249,29249,2.5061228275299072,,,,
29250,29250,2.4936437606811523,,,,
29251,29251,2.4981164932250977,,,,
29252,29252,2.493727445602417,,,,
29253,29253,2.494959592819214,,,,
29254,29254,2.4951767921447754,,,,
29255,29255,2.4936580657958984,,,,
29256,29256,2.499735116958618,,,,
29257,29257,2.493410348892212,,,,
29258,29258,2.4968442916870117,,,,
29259,29259,,2.4929449558258057,,,
29259,29259,2.4929449558258057,,,,
29260,29260,2.4933581352233887,,,,
29261,29261,2.4952237606048584,,,,
29262,29262,2.495487928390503,,,,
29263,29263,2.494091033935547,,,,
29264,29264,2.4925456047058105,,,,
29265,29265,2.4915411472320557,,,,
29266,29266,2.4907259941101074,,,,
29267,29267,2.490445137023926,,,,
29268,29268,2.49173903465271,,,,
29269,29269,,2.4910826683044434,,,
29269,29269,2.4910826683044434,,,,
29270,29270,2.490628480911255,,,,
29271,29271,2.4907925128936768,,,,
29272,29272,2.490164041519165,,,,
29273,29273,2.490246534347534,,,,
29274,29274,2.4893858432769775,,,,
29275,29275,2.4898147583007812,,,,
29276,29276,2.488408088684082,,,,
29277,29277,2.491105556488037,,,,
29278,29278,2.491109848022461,,,,
29279,29279,,2.4886627197265625,,,
29279,29279,2.4886627197265625,,,,
29280,29280,2.489401340484619,,,,
29281,29281,2.4886016845703125,,,,
29282,29282,2.489936590194702,,,,
29283,29283,2.490720510482788,,,,
29284,29284,2.4909021854400635,,,,
29285,29285,2.4900894165039062,,,,
29286,29286,2.4882967472076416,,,,
29287,29287,2.4886856079101562,,,,
29288,29288,2.488218307495117,,,,
29289,29289,,2.4896483421325684,,,
29289,29289,2.4896483421325684,,,,
29290,29290,2.4887888431549072,,,,
29291,29291,2.4888787269592285,,,,
29292,29292,2.4888389110565186,,,,
29293,29293,2.4891340732574463,,,,
29294,29294,2.4880785942077637,,,,
29295,29295,2.487304449081421,,,,
29296,29296,2.4877121448516846,,,,
29297,29297,2.488640546798706,,,,
29298,29298,2.4889893531799316,,,,
29299,29299,,2.489145040512085,,,
29299,29299,2.489145040512085,,,,
29300,29300,2.487327814102173,,,,
29301,29301,2.486105442047119,,,,
29302,29302,2.485722780227661,,,,
29303,29303,2.4857983589172363,,,,
29304,29304,2.4860527515411377,,,,
29305,29305,2.4868311882019043,,,,
29306,29306,2.486286163330078,,,,
29307,29307,2.4857308864593506,,,,
29308,29308,2.485544204711914,,,,
29309,29309,,2.4852824211120605,,,
29309,29309,2.4852824211120605,,,,
29310,29310,2.4892265796661377,,,,
29311,29311,2.4889562129974365,,,,
29312,29312,2.4851763248443604,,,,
29313,29313,2.488776206970215,,,,
29314,29314,2.4853599071502686,,,,
29315,29315,2.4887566566467285,,,,
29316,29316,2.4863202571868896,,,,
29317,29317,2.48447322845459,,,,
29318,29318,2.486844778060913,,,,
29319,29319,,2.4847395420074463,,,
29319,29319,2.4847395420074463,,,,
29320,29320,2.486394166946411,,,,
29321,29321,2.4859588146209717,,,,
29322,29322,2.4856579303741455,,,,
29323,29323,2.487212657928467,,,,
29324,29324,2.4855008125305176,,,,
29325,29325,2.4870314598083496,,,,
29326,29326,2.4866559505462646,,,,
29327,29327,2.4863147735595703,,,,
29328,29328,2.4895923137664795,,,,
29329,29329,,2.4861223697662354,,,
29329,29329,2.4861223697662354,,,,
29330,29330,2.4870805740356445,,,,
29331,29331,2.486268997192383,,,,
29332,29332,2.489238739013672,,,,
29333,29333,2.4852452278137207,,,,
29334,29334,2.4852373600006104,,,,
29335,29335,2.48567795753479,,,,
29336,29336,2.485846519470215,,,,
29337,29337,2.490847587585449,,,,
29338,29338,2.485823392868042,,,,
29339,29339,,2.4869492053985596,,,
29339,29339,2.4869492053985596,,,,
29340,29340,2.4856653213500977,,,,
29341,29341,2.4848079681396484,,,,
29342,29342,2.4912028312683105,,,,
29343,29343,2.4858455657958984,,,,
29344,29344,2.4868574142456055,,,,
29345,29345,2.486396551132202,,,,
29346,29346,2.487946033477783,,,,
29347,29347,2.48541522026062,,,,
29348,29348,2.4855921268463135,,,,
29349,29349,,2.486605405807495,,,
29349,29349,2.486605405807495,,,,
29350,29350,2.4853177070617676,,,,
29351,29351,2.485424041748047,,,,
29352,29352,2.4888710975646973,,,,
29353,29353,2.48673677444458,,,,
29354,29354,2.4852452278137207,,,,
29355,29355,2.4847517013549805,,,,
29356,29356,2.4854018688201904,,,,
29357,29357,2.4940741062164307,,,,
29358,29358,2.4854307174682617,,,,
29359,29359,,2.48688006401062,,,
29359,29359,2.48688006401062,,,,
29360,29360,2.487281322479248,,,,
29361,29361,2.4866042137145996,,,,
29362,29362,2.4899964332580566,,,,
29363,29363,2.4939792156219482,,,,
29364,29364,2.4863317012786865,,,,
29365,29365,2.4886929988861084,,,,
29366,29366,2.4884753227233887,,,,
29367,29367,2.4861626625061035,,,,
29368,29368,2.487499713897705,,,,
29369,29369,,2.4955103397369385,,,
29369,29369,2.4955103397369385,,,,
29370,29370,2.4868030548095703,,,,
29371,29371,2.484963893890381,,,,
29372,29372,2.4849801063537598,,,,
29373,29373,2.487410068511963,,,,
29374,29374,2.4944448471069336,,,,
29375,29375,2.4866690635681152,,,,
29376,29376,2.4840941429138184,,,,
29377,29377,2.486579179763794,,,,
29378,29378,2.486339569091797,,,,
29379,29379,,2.486455202102661,,,
29379,29379,2.486455202102661,,,,
29380,29380,2.4889931678771973,,,,
29381,29381,2.486983299255371,,,,
29382,29382,2.485356330871582,,,,
29383,29383,2.4877586364746094,,,,
29384,29384,2.4892494678497314,,,,
29385,29385,2.4877769947052,,,,
29386,29386,2.4855401515960693,,,,
29387,29387,2.485522508621216,,,,
29388,29388,2.4845774173736572,,,,
29389,29389,,2.4841253757476807,,,
29389,29389,2.4841253757476807,,,,
29390,29390,2.484616994857788,,,,
29391,29391,2.484351873397827,,,,
29392,29392,2.485610008239746,,,,
29393,29393,2.48437237739563,,,,
29394,29394,2.4863622188568115,,,,
29395,29395,2.4863595962524414,,,,
29396,29396,2.4859910011291504,,,,
29397,29397,2.4874069690704346,,,,
29398,29398,2.4867725372314453,,,,
29399,29399,,2.48738694190979,,,
29399,29399,2.48738694190979,,,,
29400,29400,2.4870617389678955,,,,
29401,29401,2.4846932888031006,,,,
29402,29402,2.4848053455352783,,,,
29403,29403,2.4856784343719482,,,,
29404,29404,2.4852075576782227,,,,
29405,29405,2.4856274127960205,,,,
29406,29406,2.484218120574951,,,,
29407,29407,2.483093500137329,,,,
29408,29408,2.483076333999634,,,,
29409,29409,,2.4841411113739014,,,
29409,29409,2.4841411113739014,,,,
29410,29410,2.48486328125,,,,
29411,29411,2.484776020050049,,,,
29412,29412,2.4835445880889893,,,,
29413,29413,2.4860575199127197,,,,
29414,29414,2.4834775924682617,,,,
29415,29415,2.4844038486480713,,,,
29416,29416,2.4842028617858887,,,,
29417,29417,2.4830715656280518,,,,
29418,29418,2.4837543964385986,,,,
29419,29419,,2.4848320484161377,,,
29419,29419,2.4848320484161377,,,,
29420,29420,2.4818594455718994,,,,
29421,29421,2.4858553409576416,,,,
29422,29422,2.481644868850708,,,,
29423,29423,2.4821383953094482,,,,
29424,29424,2.480541467666626,,,,
29425,29425,2.483727216720581,,,,
29426,29426,2.481565475463867,,,,
29427,29427,2.483912467956543,,,,
29428,29428,2.482238531112671,,,,
29429,29429,,2.4875457286834717,,,
29429,29429,2.4875457286834717,,,,
29430,29430,2.48384952545166,,,,
29431,29431,2.4832377433776855,,,,
29432,29432,2.48366641998291,,,,
29433,29433,2.485792398452759,,,,
29434,29434,2.4886269569396973,,,,
29435,29435,2.484147071838379,,,,
29436,29436,2.4832568168640137,,,,
29437,29437,2.4839913845062256,,,,
29438,29438,2.487894296646118,,,,
29439,29439,,2.48321270942688,,,
29439,29439,2.48321270942688,,,,
29440,29440,2.484093427658081,,,,
29441,29441,2.4825239181518555,,,,
29442,29442,2.487799882888794,,,,
29443,29443,2.4820117950439453,,,,
29444,29444,2.481673240661621,,,,
29445,29445,2.481226921081543,,,,
29446,29446,2.4861514568328857,,,,
29447,29447,2.4812090396881104,,,,
29448,29448,2.4822938442230225,,,,
29449,29449,,2.4825453758239746,,,
29449,29449,2.4825453758239746,,,,
29450,29450,2.485344171524048,,,,
29451,29451,2.48299503326416,,,,
29452,29452,2.479764461517334,,,,
29453,29453,2.4801197052001953,,,,
29454,29454,2.4849796295166016,,,,
29455,29455,2.484649896621704,,,,
29456,29456,2.478415012359619,,,,
29457,29457,2.4785590171813965,,,,
29458,29458,2.4835598468780518,,,,
29459,29459,,2.483705997467041,,,
29459,29459,2.483705997467041,,,,
29460,29460,2.478893280029297,,,,
29461,29461,2.479344129562378,,,,
29462,29462,2.478363037109375,,,,
29463,29463,2.480856418609619,,,,
29464,29464,2.4804303646087646,,,,
29465,29465,2.479954719543457,,,,
29466,29466,2.4785850048065186,,,,
29467,29467,2.480292797088623,,,,
29468,29468,2.4804399013519287,,,,
29469,29469,,2.4804623126983643,,,
29469,29469,2.4804623126983643,,,,
29470,29470,2.478658676147461,,,,
29471,29471,2.480970621109009,,,,
29472,29472,2.4802279472351074,,,,
29473,29473,2.4810373783111572,,,,
29474,29474,2.481259822845459,,,,
29475,29475,2.4789140224456787,,,,
29476,29476,2.480252504348755,,,,
29477,29477,2.4799842834472656,,,,
29478,29478,2.4814493656158447,,,,
29479,29479,,2.4801104068756104,,,
29479,29479,2.4801104068756104,,,,
29480,29480,2.480245590209961,,,,
29481,29481,2.4789791107177734,,,,
29482,29482,2.4799325466156006,,,,
29483,29483,2.4795210361480713,,,,
29484,29484,2.4796924591064453,,,,
29485,29485,2.478102922439575,,,,
29486,29486,2.479428291320801,,,,
29487,29487,2.4771714210510254,,,,
29488,29488,2.476616621017456,,,,
29489,29489,,2.4803996086120605,,,
29489,29489,2.4803996086120605,,,,
29490,29490,2.4770314693450928,,,,
29491,29491,2.478101968765259,,,,
29492,29492,2.4762299060821533,,,,
29493,29493,2.477226495742798,,,,
29494,29494,2.476853609085083,,,,
29495,29495,2.476801633834839,,,,
29496,29496,2.476591110229492,,,,
29497,29497,2.475520133972168,,,,
29498,29498,2.4767162799835205,,,,
29499,29499,,2.477825880050659,,,
29499,29499,,,0.17324265837669373,183.56973266601562,182.86378479003906
29499,29499,2.477825880050659,,,,
29500,29500,2.4741222858428955,,,,
29501,29501,2.4742648601531982,,,,
29502,29502,2.473256826400757,,,,
29503,29503,2.4740476608276367,,,,
29504,29504,2.4741690158843994,,,,
29505,29505,2.4737706184387207,,,,
29506,29506,2.47275710105896,,,,
29507,29507,2.4724597930908203,,,,
29508,29508,2.471851348876953,,,,
29509,29509,,2.474416732788086,,,
29509,29509,2.474416732788086,,,,
29510,29510,2.4743380546569824,,,,
29511,29511,2.4742047786712646,,,,
29512,29512,2.4737234115600586,,,,
29513,29513,2.4746570587158203,,,,
29514,29514,2.474895477294922,,,,
29515,29515,2.4750797748565674,,,,
29516,29516,2.479208469390869,,,,
29517,29517,2.4776382446289062,,,,
29518,29518,2.47577166557312,,,,
29519,29519,,2.4764931201934814,,,
29519,29519,2.4764931201934814,,,,
29520,29520,2.4760594367980957,,,,
29521,29521,2.4754583835601807,,,,
29522,29522,2.475327491760254,,,,
29523,29523,2.47471284866333,,,,
29524,29524,2.4768855571746826,,,,
29525,29525,2.4749679565429688,,,,
29526,29526,2.474649667739868,,,,
29527,29527,2.4768497943878174,,,,
29528,29528,2.476881265640259,,,,
29529,29529,,2.4753873348236084,,,
29529,29529,2.4753873348236084,,,,
29530,29530,2.4754350185394287,,,,
29531,29531,2.475431442260742,,,,
29532,29532,2.4750306606292725,,,,
29533,29533,2.472947597503662,,,,
29534,29534,2.473361015319824,,,,
29535,29535,2.4740750789642334,,,,
29536,29536,2.4726717472076416,,,,
29537,29537,2.473629951477051,,,,
29538,29538,2.4708189964294434,,,,
29539,29539,,2.470855236053467,,,
29539,29539,2.470855236053467,,,,
29540,29540,2.4699621200561523,,,,
29541,29541,2.4691686630249023,,,,
29542,29542,2.4700987339019775,,,,
29543,29543,2.47062611579895,,,,
29544,29544,2.4708783626556396,,,,
29545,29545,2.4713311195373535,,,,
29546,29546,2.4700517654418945,,,,
29547,29547,2.470311164855957,,,,
29548,29548,2.470480442047119,,,,
29549,29549,,2.470036268234253,,,
29549,29549,2.470036268234253,,,,
29550,29550,2.470590829849243,,,,
29551,29551,2.4707465171813965,,,,
29552,29552,2.4712748527526855,,,,
29553,29553,2.47076416015625,,,,
29554,29554,2.470954656600952,,,,
29555,29555,2.47041654586792,,,,
29556,29556,2.4705095291137695,,,,
29557,29557,2.470654249191284,,,,
29558,29558,2.47105073928833,,,,
29559,29559,,2.472428321838379,,,
29559,29559,2.472428321838379,,,,
29560,29560,2.4720964431762695,,,,
29561,29561,2.4719910621643066,,,,
29562,29562,2.471615791320801,,,,
29563,29563,2.4707958698272705,,,,
29564,29564,2.471848487854004,,,,
29565,29565,2.4723169803619385,,,,
29566,29566,2.4704041481018066,,,,
29567,29567,2.469902753829956,,,,
29568,29568,2.4689218997955322,,,,
29569,29569,,2.4691529273986816,,,
29569,29569,2.4691529273986816,,,,
29570,29570,2.4688918590545654,,,,
29571,29571,2.4695043563842773,,,,
29572,29572,2.4689829349517822,,,,
29573,29573,2.467637777328491,,,,
29574,29574,2.4682464599609375,,,,
29575,29575,2.468949317932129,,,,
29576,29576,2.471940755844116,,,,
29577,29577,2.4722518920898438,,,,
29578,29578,2.4681241512298584,,,,
29579,29579,,2.466473340988159,,,
29579,29579,2.466473340988159,,,,
29580,29580,2.4671337604522705,,,,
29581,29581,2.472423553466797,,,,
29582,29582,2.473155975341797,,,,
29583,29583,2.468045234680176,,,,
29584,29584,2.467174768447876,,,,
29585,29585,2.467033624649048,,,,
29586,29586,2.4677743911743164,,,,
29587,29587,2.4685096740722656,,,,
29588,29588,2.4679999351501465,,,,
29589,29589,,2.4669508934020996,,,
29589,29589,2.4669508934020996,,,,
29590,29590,2.466808557510376,,,,
29591,29591,2.4692020416259766,,,,
29592,29592,2.472317695617676,,,,
29593,29593,2.4718024730682373,,,,
29594,29594,2.4667468070983887,,,,
29595,29595,2.46685791015625,,,,
29596,29596,2.4701480865478516,,,,
29597,29597,2.4703333377838135,,,,
29598,29598,2.4691641330718994,,,,
29599,29599,,2.4695677757263184,,,
29599,29599,2.4695677757263184,,,,
29600,29600,2.471303701400757,,,,
29601,29601,2.4708411693573,,,,
29602,29602,2.4698758125305176,,,,
29603,29603,2.4705114364624023,,,,
29604,29604,2.4712719917297363,,,,
29605,29605,2.4715609550476074,,,,
29606,29606,2.471935987472534,,,,
29607,29607,2.470271587371826,,,,
29608,29608,2.4706149101257324,,,,
29609,29609,,2.4706363677978516,,,
29609,29609,2.4706363677978516,,,,
29610,29610,2.472598075866699,,,,
29611,29611,2.4723308086395264,,,,
29612,29612,2.4700212478637695,,,,
29613,29613,2.4699819087982178,,,,
29614,29614,2.4723825454711914,,,,
29615,29615,2.4728245735168457,,,,
29616,29616,2.472205877304077,,,,
29617,29617,2.470102548599243,,,,
29618,29618,2.4726150035858154,,,,
29619,29619,,2.4715495109558105,,,
29619,29619,2.4715495109558105,,,,
29620,29620,2.471858501434326,,,,
29621,29621,2.472099781036377,,,,
29622,29622,2.471454620361328,,,,
29623,29623,2.4714760780334473,,,,
29624,29624,2.4709203243255615,,,,
29625,29625,2.4707305431365967,,,,
29626,29626,2.471461057662964,,,,
29627,29627,2.4689605236053467,,,,
29628,29628,2.4689042568206787,,,,
29629,29629,,2.468719959259033,,,
29629,29629,2.468719959259033,,,,
29630,29630,2.46879506111145,,,,
29631,29631,2.468701124191284,,,,
29632,29632,2.4695076942443848,,,,
29633,29633,2.4684338569641113,,,,
29634,29634,2.469883680343628,,,,
29635,29635,2.470602035522461,,,,
29636,29636,2.4703423976898193,,,,
29637,29637,2.4682304859161377,,,,
29638,29638,2.4677438735961914,,,,
29639,29639,,2.4667656421661377,,,
29639,29639,2.4667656421661377,,,,
29640,29640,2.4656591415405273,,,,
29641,29641,2.466073989868164,,,,
29642,29642,2.466033458709717,,,,
29643,29643,2.4648072719573975,,,,
29644,29644,2.464486837387085,,,,
29645,29645,2.4651973247528076,,,,
29646,29646,2.4659366607666016,,,,
29647,29647,2.466513156890869,,,,
29648,29648,2.46690034866333,,,,
29649,29649,,2.467024087905884,,,
29649,29649,2.467024087905884,,,,
29650,29650,2.467172622680664,,,,
29651,29651,2.466123342514038,,,,
29652,29652,2.4599595069885254,,,,
29653,29653,2.4602954387664795,,,,
29654,29654,2.4651052951812744,,,,
29655,29655,2.4662396907806396,,,,
29656,29656,2.4660825729370117,,,,
29657,29657,2.4643654823303223,,,,
29658,29658,2.4619216918945312,,,,
29659,29659,,2.4621198177337646,,,
29659,29659,2.4621198177337646,,,,
29660,29660,2.463346004486084,,,,
29661,29661,2.466015577316284,,,,
29662,29662,2.466221570968628,,,,
29663,29663,2.4644510746002197,,,,
29664,29664,2.463155746459961,,,,
29665,29665,2.4639222621917725,,,,
29666,29666,2.4638404846191406,,,,
29667,29667,2.4643077850341797,,,,
29668,29668,2.46630859375,,,,
29669,29669,,2.46468448638916,,,
29669,29669,2.46468448638916,,,,
29670,29670,2.4647345542907715,,,,
29671,29671,2.4644675254821777,,,,
29672,29672,2.4644887447357178,,,,
29673,29673,2.462348699569702,,,,
29674,29674,2.4617929458618164,,,,
29675,29675,2.4614014625549316,,,,
29676,29676,2.460803747177124,,,,
29677,29677,2.461845874786377,,,,
29678,29678,2.4598517417907715,,,,
29679,29679,,2.459498405456543,,,
29679,29679,2.459498405456543,,,,
29680,29680,2.4595093727111816,,,,
29681,29681,2.457989454269409,,,,
29682,29682,2.4575767517089844,,,,
29683,29683,2.4590930938720703,,,,
29684,29684,2.4594340324401855,,,,
29685,29685,2.4589061737060547,,,,
29686,29686,2.4588141441345215,,,,
29687,29687,2.458599090576172,,,,
29688,29688,2.458195209503174,,,,
29689,29689,,2.459050416946411,,,
29689,29689,2.459050416946411,,,,
29690,29690,2.458142042160034,,,,
29691,29691,2.4579806327819824,,,,
29692,29692,2.4577741622924805,,,,
29693,29693,2.457608938217163,,,,
29694,29694,2.457092046737671,,,,
29695,29695,2.4570353031158447,,,,
29696,29696,2.457789659500122,,,,
29697,29697,2.457494020462036,,,,
29698,29698,2.4574527740478516,,,,
29699,29699,,2.4576308727264404,,,
29699,29699,2.4576308727264404,,,,
29700,29700,2.456516981124878,,,,
29701,29701,2.4568111896514893,,,,
29702,29702,2.4569334983825684,,,,
29703,29703,2.4570209980010986,,,,
29704,29704,2.456362009048462,,,,
29705,29705,2.4556710720062256,,,,
29706,29706,2.456559658050537,,,,
29707,29707,2.4568567276000977,,,,
29708,29708,2.4560413360595703,,,,
29709,29709,,2.4566407203674316,,,
29709,29709,2.4566407203674316,,,,
29710,29710,2.4560487270355225,,,,
29711,29711,2.4544131755828857,,,,
29712,29712,2.4540610313415527,,,,
29713,29713,2.4540023803710938,,,,
29714,29714,2.45392107963562,,,,
29715,29715,2.4528470039367676,,,,
29716,29716,2.4527835845947266,,,,
29717,29717,2.4536752700805664,,,,
29718,29718,2.452840566635132,,,,
29719,29719,,2.4531044960021973,,,
29719,29719,2.4531044960021973,,,,
29720,29720,2.453094959259033,,,,
29721,29721,2.453122138977051,,,,
29722,29722,2.4529812335968018,,,,
29723,29723,2.453057050704956,,,,
29724,29724,2.45172381401062,,,,
29725,29725,2.4525697231292725,,,,
29726,29726,2.4522526264190674,,,,
29727,29727,2.451434850692749,,,,
29728,29728,2.4527673721313477,,,,
29729,29729,,2.4526455402374268,,,
29729,29729,2.4526455402374268,,,,
29730,29730,2.4525513648986816,,,,
29731,29731,2.4529175758361816,,,,
29732,29732,2.4523115158081055,,,,
29733,29733,2.4526078701019287,,,,
29734,29734,2.4522156715393066,,,,
29735,29735,2.4524903297424316,,,,
29736,29736,2.4522788524627686,,,,
29737,29737,2.451646566390991,,,,
29738,29738,2.4517433643341064,,,,
29739,29739,,2.451795816421509,,,
29739,29739,2.451795816421509,,,,
29740,29740,2.4523298740386963,,,,
29741,29741,2.4526121616363525,,,,
29742,29742,2.452608346939087,,,,
29743,29743,2.4528117179870605,,,,
29744,29744,2.4528114795684814,,,,
29745,29745,2.452461004257202,,,,
29746,29746,2.452129364013672,,,,
29747,29747,2.451977014541626,,,,
29748,29748,2.4516682624816895,,,,
29749,29749,,2.4519004821777344,,,
29749,29749,2.4519004821777344,,,,
29750,29750,2.451413154602051,,,,
29751,29751,2.4514706134796143,,,,
29752,29752,2.45267391204834,,,,
29753,29753,2.4522433280944824,,,,
29754,29754,2.452364683151245,,,,
29755,29755,2.452845811843872,,,,
29756,29756,2.4530341625213623,,,,
29757,29757,2.4524338245391846,,,,
29758,29758,2.452436923980713,,,,
29759,29759,,2.45263934135437,,,
29759,29759,2.45263934135437,,,,
29760,29760,2.452415704727173,,,,
29761,29761,2.452573776245117,,,,
29762,29762,2.452392816543579,,,,
29763,29763,2.4528398513793945,,,,
29764,29764,2.452469825744629,,,,
29765,29765,2.452363967895508,,,,
29766,29766,2.4519078731536865,,,,
29767,29767,2.451512336730957,,,,
29768,29768,2.4516427516937256,,,,
29769,29769,,2.453047513961792,,,
29769,29769,2.453047513961792,,,,
29770,29770,2.4536051750183105,,,,
29771,29771,2.4532854557037354,,,,
29772,29772,2.4529740810394287,,,,
29773,29773,2.453702211380005,,,,
29774,29774,2.4518067836761475,,,,
29775,29775,2.451643705368042,,,,
29776,29776,2.4515578746795654,,,,
29777,29777,2.4536542892456055,,,,
29778,29778,2.4535725116729736,,,,
29779,29779,,2.453418493270874,,,
29779,29779,2.453418493270874,,,,
29780,29780,2.453385353088379,,,,
29781,29781,2.4521803855895996,,,,
29782,29782,2.452160596847534,,,,
29783,29783,2.452207088470459,,,,
29784,29784,2.4523911476135254,,,,
29785,29785,2.452220916748047,,,,
29786,29786,2.4581825733184814,,,,
29787,29787,2.4578001499176025,,,,
29788,29788,2.4570844173431396,,,,
29789,29789,,2.451813220977783,,,
29789,29789,2.451813220977783,,,,
29790,29790,2.451744318008423,,,,
29791,29791,2.4573259353637695,,,,
29792,29792,2.4569454193115234,,,,
29793,29793,2.457085609436035,,,,
29794,29794,2.4572079181671143,,,,
29795,29795,2.4571614265441895,,,,
29796,29796,2.456890344619751,,,,
29797,29797,2.456584930419922,,,,
29798,29798,2.456634283065796,,,,
29799,29799,,2.4569599628448486,,,
29799,29799,2.4569599628448486,,,,
29800,29800,2.457059621810913,,,,
29801,29801,2.45367693901062,,,,
29802,29802,2.4532434940338135,,,,
29803,29803,2.4532806873321533,,,,
29804,29804,2.453622341156006,,,,
29805,29805,2.4551501274108887,,,,
29806,29806,2.4548094272613525,,,,
29807,29807,2.454639434814453,,,,
29808,29808,2.454989433288574,,,,
29809,29809,,2.455012083053589,,,
29809,29809,2.455012083053589,,,,
29810,29810,2.4545159339904785,,,,
29811,29811,2.455399990081787,,,,
29812,29812,2.4552478790283203,,,,
29813,29813,2.4540133476257324,,,,
29814,29814,2.454688549041748,,,,
29815,29815,2.454211950302124,,,,
29816,29816,2.4544131755828857,,,,
29817,29817,2.454533576965332,,,,
29818,29818,2.4539132118225098,,,,
29819,29819,,2.454331874847412,,,
29819,29819,2.454331874847412,,,,
29820,29820,2.4543368816375732,,,,
29821,29821,2.4548373222351074,,,,
29822,29822,2.4546029567718506,,,,
29823,29823,2.4523732662200928,,,,
29824,29824,2.4537456035614014,,,,
29825,29825,2.4535655975341797,,,,
29826,29826,2.454969644546509,,,,
29827,29827,2.4566822052001953,,,,
29828,29828,2.4567463397979736,,,,
29829,29829,,2.4573893547058105,,,
29829,29829,2.4573893547058105,,,,
29830,29830,2.4569485187530518,,,,
29831,29831,2.4562745094299316,,,,
29832,29832,2.45646333694458,,,,
29833,29833,2.4558753967285156,,,,
29834,29834,2.459408760070801,,,,
29835,29835,2.45994234085083,,,,
29836,29836,2.4594602584838867,,,,
29837,29837,2.45939040184021,,,,
29838,29838,2.459806203842163,,,,
29839,29839,,2.460528612136841,,,
29839,29839,2.460528612136841,,,,
29840,29840,2.459974765777588,,,,
29841,29841,2.4601590633392334,,,,
29842,29842,2.4601359367370605,,,,
29843,29843,2.4612152576446533,,,,
29844,29844,2.4611775875091553,,,,
29845,29845,2.461233139038086,,,,
29846,29846,2.463466167449951,,,,
29847,29847,2.4634599685668945,,,,
29848,29848,2.463449478149414,,,,
29849,29849,,2.4635448455810547,,,
29849,29849,2.4635448455810547,,,,
29850,29850,2.463134527206421,,,,
29851,29851,2.4633750915527344,,,,
29852,29852,2.4638428688049316,,,,
29853,29853,2.4639763832092285,,,,
29854,29854,2.46357798576355,,,,
29855,29855,2.4635541439056396,,,,
29856,29856,2.459547758102417,,,,
29857,29857,2.4593770503997803,,,,
29858,29858,2.45798659324646,,,,
29859,29859,,2.457167625427246,,,
29859,29859,2.457167625427246,,,,
29860,29860,2.4570255279541016,,,,
29861,29861,2.4588894844055176,,,,
29862,29862,2.4606733322143555,,,,
29863,29863,2.459733247756958,,,,
29864,29864,2.4599151611328125,,,,
29865,29865,2.46073579788208,,,,
29866,29866,2.4600353240966797,,,,
29867,29867,2.4593307971954346,,,,
29868,29868,2.4589450359344482,,,,
29869,29869,,2.4590556621551514,,,
29869,29869,2.4590556621551514,,,,
29870,29870,2.458622455596924,,,,
29871,29871,2.460167169570923,,,,
29872,29872,2.460721015930176,,,,
29873,29873,2.4605655670166016,,,,
29874,29874,2.4618608951568604,,,,
29875,29875,2.4618444442749023,,,,
29876,29876,2.461435317993164,,,,
29877,29877,2.459580183029175,,,,
29878,29878,2.4600272178649902,,,,
29879,29879,,2.46159029006958,,,
29879,29879,2.46159029006958,,,,
29880,29880,2.4600448608398438,,,,
29881,29881,2.459653854370117,,,,
29882,29882,2.457981586456299,,,,
29883,29883,2.458073139190674,,,,
29884,29884,2.459151029586792,,,,
29885,29885,2.4595067501068115,,,,
29886,29886,2.4594526290893555,,,,
29887,29887,2.4605414867401123,,,,
29888,29888,2.460904359817505,,,,
29889,29889,,2.460756301879883,,,
29889,29889,2.460756301879883,,,,
29890,29890,2.458956241607666,,,,
29891,29891,2.4590866565704346,,,,
29892,29892,2.459312915802002,,,,
29893,29893,2.4588253498077393,,,,
29894,29894,2.4609427452087402,,,,
29895,29895,2.459383487701416,,,,
29896,29896,2.4594948291778564,,,,
29897,29897,2.4600107669830322,,,,
29898,29898,2.460904598236084,,,,
29899,29899,,2.4568557739257812,,,
29899,29899,2.4568557739257812,,,,
29900,29900,2.45682692527771,,,,
29901,29901,2.4564194679260254,,,,
29902,29902,2.4560232162475586,,,,
29903,29903,2.4556000232696533,,,,
29904,29904,2.4601144790649414,,,,
29905,29905,2.460489511489868,,,,
29906,29906,2.455160140991211,,,,
29907,29907,2.454847574234009,,,,
29908,29908,2.4546427726745605,,,,
29909,29909,,2.4544570446014404,,,
29909,29909,2.4544570446014404,,,,
29910,29910,2.454063892364502,,,,
29911,29911,2.4535183906555176,,,,
29912,29912,2.4556329250335693,,,,
29913,29913,2.4576499462127686,,,,
29914,29914,2.4570329189300537,,,,
29915,29915,2.4544012546539307,,,,
29916,29916,2.4554169178009033,,,,
29917,29917,2.4550135135650635,,,,
29918,29918,2.454632520675659,,,,
29919,29919,,2.4589149951934814,,,
29919,29919,2.4589149951934814,,,,
29920,29920,2.4580814838409424,,,,
29921,29921,2.458102226257324,,,,
29922,29922,2.4589438438415527,,,,
29923,29923,2.454848051071167,,,,
29924,29924,2.455725908279419,,,,
29925,29925,2.458397626876831,,,,
29926,29926,2.458514928817749,,,,
29927,29927,2.458651304244995,,,,
29928,29928,2.458766460418701,,,,
29929,29929,,2.4587197303771973,,,
29929,29929,2.4587197303771973,,,,
29930,29930,2.4577574729919434,,,,
29931,29931,2.4531261920928955,,,,
29932,29932,2.4518473148345947,,,,
29933,29933,2.4558210372924805,,,,
29934,29934,2.4556593894958496,,,,
29935,29935,2.454838752746582,,,,
29936,29936,2.4547159671783447,,,,
29937,29937,2.457063674926758,,,,
29938,29938,2.4569809436798096,,,,
29939,29939,,2.4568793773651123,,,
29939,29939,2.4568793773651123,,,,
29940,29940,2.4529600143432617,,,,
29941,29941,2.4535629749298096,,,,
29942,29942,2.4551000595092773,,,,
29943,29943,2.4542715549468994,,,,
29944,29944,2.4529647827148438,,,,
29945,29945,2.452915906906128,,,,
29946,29946,2.4534707069396973,,,,
29947,29947,2.454077959060669,,,,
29948,29948,2.453636884689331,,,,
29949,29949,,2.453806161880493,,,
29949,29949,2.453806161880493,,,,
29950,29950,2.4537296295166016,,,,
29951,29951,2.4532763957977295,,,,
29952,29952,2.4525973796844482,,,,
29953,29953,2.453472852706909,,,,
29954,29954,2.453273057937622,,,,
29955,29955,2.453202724456787,,,,
29956,29956,2.452850103378296,,,,
29957,29957,2.453306198120117,,,,
29958,29958,2.45605731010437,,,,
29959,29959,,2.452113389968872,,,
29959,29959,2.452113389968872,,,,
29960,29960,2.4535176753997803,,,,
29961,29961,2.4536266326904297,,,,
29962,29962,2.454036235809326,,,,
29963,29963,2.454155445098877,,,,
29964,29964,2.454472303390503,,,,
29965,29965,2.4534411430358887,,,,
29966,29966,2.4536960124969482,,,,
29967,29967,2.4496521949768066,,,,
29968,29968,2.448698043823242,,,,
29969,29969,,2.449077606201172,,,
29969,29969,2.449077606201172,,,,
29970,29970,2.4497087001800537,,,,
29971,29971,2.45371413230896,,,,
29972,29972,2.4538986682891846,,,,
29973,29973,2.4544317722320557,,,,
29974,29974,2.4528286457061768,,,,
29975,29975,2.443480968475342,,,,
29976,29976,2.4519195556640625,,,,
29977,29977,2.4485042095184326,,,,
29978,29978,2.4503471851348877,,,,
29979,29979,,2.4538016319274902,,,
29979,29979,2.4538016319274902,,,,
29980,29980,2.4499120712280273,,,,
29981,29981,2.4504504203796387,,,,
29982,29982,2.4502809047698975,,,,
29983,29983,2.449836492538452,,,,
29984,29984,2.4496684074401855,,,,
29985,29985,2.4477739334106445,,,,
29986,29986,2.452920436859131,,,,
29987,29987,2.4531939029693604,,,,
29988,29988,2.4410576820373535,,,,
29989,29989,,2.441403865814209,,,
29989,29989,2.441403865814209,,,,
29990,29990,2.4406003952026367,,,,
29991,29991,2.447760581970215,,,,
29992,29992,2.447736978530884,,,,
29993,29993,2.447399377822876,,,,
29994,29994,2.4472978115081787,,,,
29995,29995,2.4441990852355957,,,,
29996,29996,2.441871404647827,,,,
29997,29997,2.447075366973877,,,,
29998,29998,2.449643611907959,,,,
29999,29999,,2.4471144676208496,,,
29999,29999,,,0.17293822765350342,182.9251251220703,182.86378479003906
29999,29999,2.4471144676208496,,,,
30000,30000,2.4459195137023926,,,,
30001,30001,2.4488320350646973,,,,
30002,30002,2.450026512145996,,,,
30003,30003,2.449640989303589,,,,
30004,30004,2.452608585357666,,,,
30005,30005,2.4514851570129395,,,,
30006,30006,2.451578378677368,,,,
30007,30007,2.449284076690674,,,,
30008,30008,2.4470291137695312,,,,
30009,30009,,2.446877956390381,,,
30009,30009,2.446877956390381,,,,
30010,30010,2.447190284729004,,,,
30011,30011,2.4468958377838135,,,,
30012,30012,2.444530725479126,,,,
30013,30013,2.4445180892944336,,,,
30014,30014,2.4446897506713867,,,,
30015,30015,2.444841146469116,,,,
30016,30016,2.4445641040802,,,,
30017,30017,2.4453539848327637,,,,
30018,30018,2.4416956901550293,,,,
30019,30019,,2.444244384765625,,,
30019,30019,2.444244384765625,,,,
30020,30020,2.443718671798706,,,,
30021,30021,2.4454257488250732,,,,
30022,30022,2.4451613426208496,,,,
30023,30023,2.445863723754883,,,,
30024,30024,2.4484105110168457,,,,
30025,30025,2.456700563430786,,,,
30026,30026,2.450570821762085,,,,
30027,30027,2.449826955795288,,,,
30028,30028,2.449256658554077,,,,
30029,30029,,2.449103355407715,,,
30029,30029,2.449103355407715,,,,
30030,30030,2.450859785079956,,,,
30031,30031,2.449812650680542,,,,
30032,30032,2.4495656490325928,,,,
30033,30033,2.449963331222534,,,,
30034,30034,2.449739694595337,,,,
30035,30035,2.449533700942993,,,,
30036,30036,2.449949026107788,,,,
30037,30037,2.4507863521575928,,,,
30038,30038,2.444615125656128,,,,
30039,30039,,2.4443492889404297,,,
30039,30039,2.4443492889404297,,,,
30040,30040,2.444507360458374,,,,
30041,30041,2.4405970573425293,,,,
30042,30042,2.440830945968628,,,,
30043,30043,2.4462244510650635,,,,
30044,30044,2.4471588134765625,,,,
30045,30045,2.447754144668579,,,,
30046,30046,2.441370964050293,,,,
30047,30047,2.4418702125549316,,,,
30048,30048,2.446906805038452,,,,
30049,30049,,2.4529521465301514,,,
30049,30049,2.4529521465301514,,,,
30050,30050,2.452939033508301,,,,
30051,30051,2.4437224864959717,,,,
30052,30052,2.4432644844055176,,,,
30053,30053,2.442962884902954,,,,
30054,30054,2.443387031555176,,,,
30055,30055,2.4504270553588867,,,,
30056,30056,2.454158306121826,,,,
30057,30057,2.451631546020508,,,,
30058,30058,2.452185869216919,,,,
30059,30059,,2.4448676109313965,,,
30059,30059,2.4448676109313965,,,,
30060,30060,2.4435763359069824,,,,
30061,30061,2.4499945640563965,,,,
30062,30062,2.4541351795196533,,,,
30063,30063,2.457700252532959,,,,
30064,30064,2.457634925842285,,,,
30065,30065,2.4538724422454834,,,,
30066,30066,2.439527750015259,,,,
30067,30067,2.440971612930298,,,,
30068,30068,2.440861940383911,,,,
30069,30069,,2.451207160949707,,,
30069,30069,2.451207160949707,,,,
30070,30070,2.4540657997131348,,,,
30071,30071,2.4544365406036377,,,,
30072,30072,2.4545440673828125,,,,
30073,30073,2.4523885250091553,,,,
30074,30074,2.444518804550171,,,,
30075,30075,2.444082021713257,,,,
30076,30076,2.443747043609619,,,,
30077,30077,2.4432499408721924,,,,
30078,30078,2.4529905319213867,,,,
30079,30079,,2.461182117462158,,,
30079,30079,2.461182117462158,,,,
30080,30080,2.460965156555176,,,,
30081,30081,2.4522039890289307,,,,
30082,30082,2.4520351886749268,,,,
30083,30083,2.444401264190674,,,,
30084,30084,2.442117214202881,,,,
30085,30085,2.452895402908325,,,,
30086,30086,2.452317714691162,,,,
30087,30087,2.4592554569244385,,,,
30088,30088,2.4500069618225098,,,,
30089,30089,,2.4429643154144287,,,
30089,30089,2.4429643154144287,,,,
30090,30090,2.443532705307007,,,,
30091,30091,2.438066005706787,,,,
30092,30092,2.4434878826141357,,,,
30093,30093,2.449514389038086,,,,
30094,30094,2.4592666625976562,,,,
30095,30095,2.460566282272339,,,,
30096,30096,2.449842929840088,,,,
30097,30097,2.4487764835357666,,,,
30098,30098,2.4418997764587402,,,,
30099,30099,,2.443258762359619,,,
30099,30099,2.443258762359619,,,,
30100,30100,2.442723035812378,,,,
30101,30101,2.444650411605835,,,,
30102,30102,2.4446423053741455,,,,
30103,30103,2.4505116939544678,,,,
30104,30104,2.449436664581299,,,,
30105,30105,2.4444284439086914,,,,
30106,30106,2.445803642272949,,,,
30107,30107,2.4464941024780273,,,,
30108,30108,2.4464879035949707,,,,
30109,30109,,2.449981212615967,,,
30109,30109,2.449981212615967,,,,
30110,30110,2.4503865242004395,,,,
30111,30111,2.4469313621520996,,,,
30112,30112,2.445847988128662,,,,
30113,30113,2.4490885734558105,,,,
30114,30114,2.4478862285614014,,,,
30115,30115,2.443075180053711,,,,
30116,30116,2.443248748779297,,,,
30117,30117,2.4462392330169678,,,,
30118,30118,2.4474973678588867,,,,
30119,30119,,2.446265459060669,,,
30119,30119,2.446265459060669,,,,
30120,30120,2.4458980560302734,,,,
30121,30121,2.4444992542266846,,,,
30122,30122,2.449240207672119,,,,
30123,30123,2.449713706970215,,,,
30124,30124,2.449697732925415,,,,
30125,30125,2.4474895000457764,,,,
30126,30126,2.448570966720581,,,,
30127,30127,2.447949171066284,,,,
30128,30128,2.4471678733825684,,,,
30129,30129,,2.4452121257781982,,,
30129,30129,2.4452121257781982,,,,
30130,30130,2.45408034324646,,,,
30131,30131,2.452425241470337,,,,
30132,30132,2.4623100757598877,,,,
30133,30133,2.4532549381256104,,,,
30134,30134,2.4452340602874756,,,,
30135,30135,2.4526689052581787,,,,
30136,30136,2.4445509910583496,,,,
30137,30137,2.4480795860290527,,,,
30138,30138,2.450885057449341,,,,
30139,30139,,2.448119878768921,,,
30139,30139,2.448119878768921,,,,
30140,30140,2.4433743953704834,,,,
30141,30141,2.441173553466797,,,,
30142,30142,2.4410743713378906,,,,
30143,30143,2.443687677383423,,,,
30144,30144,2.447711229324341,,,,
30145,30145,2.450753688812256,,,,
30146,30146,2.448633909225464,,,,
30147,30147,2.445960283279419,,,,
30148,30148,2.4556593894958496,,,,
30149,30149,,2.4508397579193115,,,
30149,30149,2.4508397579193115,,,,
30150,30150,2.4617841243743896,,,,
30151,30151,2.4518585205078125,,,,
30152,30152,2.4520103931427,,,,
30153,30153,2.445472240447998,,,,
30154,30154,2.4482147693634033,,,,
30155,30155,2.4498226642608643,,,,
30156,30156,2.4483883380889893,,,,
30157,30157,2.44069504737854,,,,
30158,30158,2.4495561122894287,,,,
30159,30159,,2.4495511054992676,,,
30159,30159,2.4495511054992676,,,,
30160,30160,2.4516196250915527,,,,
30161,30161,2.4497554302215576,,,,
30162,30162,2.4462034702301025,,,,
30163,30163,2.4569902420043945,,,,
30164,30164,2.4463376998901367,,,,
30165,30165,2.4504966735839844,,,,
30166,30166,2.450227737426758,,,,
30167,30167,2.447328805923462,,,,
30168,30168,2.4578945636749268,,,,
30169,30169,,2.4528393745422363,,,
30169,30169,2.4528393745422363,,,,
30170,30170,2.463996410369873,,,,
30171,30171,2.4652507305145264,,,,
30172,30172,2.4480161666870117,,,,
30173,30173,2.456439733505249,,,,
30174,30174,2.4554524421691895,,,,
30175,30175,2.4498865604400635,,,,
30176,30176,2.463183879852295,,,,
30177,30177,2.449077844619751,,,,
30178,30178,2.453212261199951,,,,
30179,30179,,2.4536986351013184,,,
30179,30179,2.4536986351013184,,,,
30180,30180,2.445105791091919,,,,
30181,30181,2.450315237045288,,,,
30182,30182,2.445906639099121,,,,
30183,30183,2.453007936477661,,,,
30184,30184,2.453787088394165,,,,
30185,30185,2.4481923580169678,,,,
30186,30186,2.4494316577911377,,,,
30187,30187,2.4452157020568848,,,,
30188,30188,2.4570605754852295,,,,
30189,30189,,2.4594202041625977,,,
30189,30189,2.4594202041625977,,,,
30190,30190,2.4489619731903076,,,,
30191,30191,2.452397584915161,,,,
30192,30192,2.4501852989196777,,,,
30193,30193,2.459376335144043,,,,
30194,30194,2.4563791751861572,,,,
30195,30195,2.451892614364624,,,,
30196,30196,2.4472782611846924,,,,
30197,30197,2.446247100830078,,,,
30198,30198,2.4578754901885986,,,,
30199,30199,,2.457512378692627,,,
30199,30199,2.457512378692627,,,,
30200,30200,2.44927716255188,,,,
30201,30201,2.446420907974243,,,,
30202,30202,2.4469704627990723,,,,
30203,30203,2.459484100341797,,,,
30204,30204,2.457064390182495,,,,
30205,30205,2.4476876258850098,,,,
30206,30206,2.4464595317840576,,,,
30207,30207,2.445932388305664,,,,
30208,30208,2.45782208442688,,,,
30209,30209,,2.4588623046875,,,
30209,30209,2.4588623046875,,,,
30210,30210,2.4494681358337402,,,,
30211,30211,2.448086738586426,,,,
30212,30212,2.449108839035034,,,,
30213,30213,2.4505844116210938,,,,
30214,30214,2.4462642669677734,,,,
30215,30215,2.4497687816619873,,,,
30216,30216,2.4476490020751953,,,,
30217,30217,2.4562036991119385,,,,
30218,30218,2.4511637687683105,,,,
30219,30219,,2.446154832839966,,,
30219,30219,2.446154832839966,,,,
30220,30220,2.445650815963745,,,,
30221,30221,2.4558565616607666,,,,
30222,30222,2.4557929039001465,,,,
30223,30223,2.449430465698242,,,,
30224,30224,2.4539718627929688,,,,
30225,30225,2.4525678157806396,,,,
30226,30226,2.454012870788574,,,,
30227,30227,2.4511334896087646,,,,
30228,30228,2.4510104656219482,,,,
30229,30229,,2.4433655738830566,,,
30229,30229,2.4433655738830566,,,,
30230,30230,2.443415641784668,,,,
30231,30231,2.452597141265869,,,,
30232,30232,2.452606439590454,,,,
30233,30233,2.4450409412384033,,,,
30234,30234,2.448812484741211,,,,
30235,30235,2.445094585418701,,,,
30236,30236,2.451847791671753,,,,
30237,30237,2.4577863216400146,,,,
30238,30238,2.4509620666503906,,,,
30239,30239,,2.4631991386413574,,,
30239,30239,2.4631991386413574,,,,
30240,30240,2.462772846221924,,,,
30241,30241,2.4499495029449463,,,,
30242,30242,2.4509334564208984,,,,
30243,30243,2.4501280784606934,,,,
30244,30244,2.4474146366119385,,,,
30245,30245,2.456350803375244,,,,
30246,30246,2.449568033218384,,,,
30247,30247,2.4518516063690186,,,,
30248,30248,2.4527902603149414,,,,
30249,30249,,2.4532272815704346,,,
30249,30249,2.4532272815704346,,,,
30250,30250,2.449963331222534,,,,
30251,30251,2.449995756149292,,,,
30252,30252,2.4531898498535156,,,,
30253,30253,2.4532268047332764,,,,
30254,30254,2.452814817428589,,,,
30255,30255,2.4484825134277344,,,,
30256,30256,2.4459993839263916,,,,
30257,30257,2.4462311267852783,,,,
30258,30258,2.4467921257019043,,,,
30259,30259,,2.445767879486084,,,
30259,30259,2.445767879486084,,,,
30260,30260,2.4506661891937256,,,,
30261,30261,2.451540231704712,,,,
30262,30262,2.4525532722473145,,,,
30263,30263,2.4532129764556885,,,,
30264,30264,2.445998430252075,,,,
30265,30265,2.4480092525482178,,,,
30266,30266,2.4486639499664307,,,,
30267,30267,2.4502174854278564,,,,
30268,30268,2.45151424407959,,,,
30269,30269,,2.449117660522461,,,
30269,30269,2.449117660522461,,,,
30270,30270,2.442695379257202,,,,
30271,30271,2.460203170776367,,,,
30272,30272,2.441993474960327,,,,
30273,30273,2.4492027759552,,,,
30274,30274,2.449625015258789,,,,
30275,30275,2.4510576725006104,,,,
30276,30276,2.442120313644409,,,,
30277,30277,2.456430673599243,,,,
30278,30278,2.4429984092712402,,,,
30279,30279,,2.4496047496795654,,,
30279,30279,2.4496047496795654,,,,
30280,30280,2.4489212036132812,,,,
30281,30281,2.446807622909546,,,,
30282,30282,2.4431655406951904,,,,
30283,30283,2.4682884216308594,,,,
30284,30284,2.4467813968658447,,,,
30285,30285,2.450157403945923,,,,
30286,30286,2.4498298168182373,,,,
30287,30287,2.4445934295654297,,,,
30288,30288,2.4523372650146484,,,,
30289,30289,,2.440448045730591,,,
30289,30289,2.440448045730591,,,,
30290,30290,2.447265148162842,,,,
30291,30291,2.449559211730957,,,,
30292,30292,2.4473772048950195,,,,
30293,30293,2.4429666996002197,,,,
30294,30294,2.4457123279571533,,,,
30295,30295,2.4464123249053955,,,,
30296,30296,2.445901870727539,,,,
30297,30297,2.4423482418060303,,,,
30298,30298,2.443382740020752,,,,
30299,30299,,2.4479198455810547,,,
30299,30299,2.4479198455810547,,,,
30300,30300,2.446852922439575,,,,
30301,30301,2.442246437072754,,,,
30302,30302,2.4413058757781982,,,,
30303,30303,2.4407215118408203,,,,
30304,30304,2.442878246307373,,,,
30305,30305,2.44195294380188,,,,
30306,30306,2.4455583095550537,,,,
30307,30307,2.447988271713257,,,,
30308,30308,2.4477198123931885,,,,
30309,30309,,2.4466116428375244,,,
30309,30309,2.4466116428375244,,,,
30310,30310,2.4432668685913086,,,,
30311,30311,2.4424092769622803,,,,
30312,30312,2.44553542137146,,,,
30313,30313,2.4456441402435303,,,,
30314,30314,2.4483721256256104,,,,
30315,30315,2.447556257247925,,,,
30316,30316,2.4477243423461914,,,,
30317,30317,2.4471921920776367,,,,
30318,30318,2.446244478225708,,,,
30319,30319,,2.447601318359375,,,
30319,30319,2.447601318359375,,,,
30320,30320,2.4485764503479004,,,,
30321,30321,2.4475629329681396,,,,
30322,30322,2.4479124546051025,,,,
30323,30323,2.4461252689361572,,,,
30324,30324,2.44553804397583,,,,
30325,30325,2.4562673568725586,,,,
30326,30326,2.4478347301483154,,,,
30327,30327,2.4484729766845703,,,,
30328,30328,2.448490619659424,,,,
30329,30329,,2.44844651222229,,,
30329,30329,2.44844651222229,,,,
30330,30330,2.44968581199646,,,,
30331,30331,2.449091911315918,,,,
30332,30332,2.450061559677124,,,,
30333,30333,2.4490456581115723,,,,
30334,30334,2.4490091800689697,,,,
30335,30335,2.448939800262451,,,,
30336,30336,2.453789472579956,,,,
30337,30337,2.4537670612335205,,,,
30338,30338,2.4523046016693115,,,,
30339,30339,,2.451995611190796,,,
30339,30339,2.451995611190796,,,,
30340,30340,2.451763391494751,,,,
30341,30341,2.4524738788604736,,,,
30342,30342,2.454127311706543,,,,
30343,30343,2.4487946033477783,,,,
30344,30344,2.4494760036468506,,,,
30345,30345,2.4522242546081543,,,,
30346,30346,2.453011989593506,,,,
30347,30347,2.453622579574585,,,,
30348,30348,2.453815221786499,,,,
30349,30349,,2.4552454948425293,,,
30349,30349,2.4552454948425293,,,,
30350,30350,2.452871322631836,,,,
30351,30351,2.4539029598236084,,,,
30352,30352,2.4542007446289062,,,,
30353,30353,2.4564871788024902,,,,
30354,30354,2.456557035446167,,,,
30355,30355,2.455697774887085,,,,
30356,30356,2.4547502994537354,,,,
30357,30357,2.454686164855957,,,,
30358,30358,2.4542956352233887,,,,
30359,30359,,2.4542782306671143,,,
30359,30359,2.4542782306671143,,,,
30360,30360,2.4541196823120117,,,,
30361,30361,2.45365047454834,,,,
30362,30362,2.4536571502685547,,,,
30363,30363,2.453799247741699,,,,
30364,30364,2.4559166431427,,,,
30365,30365,2.454392910003662,,,,
30366,30366,2.4538822174072266,,,,
30367,30367,2.452911376953125,,,,
30368,30368,2.452650308609009,,,,
30369,30369,,2.4543309211730957,,,
30369,30369,2.4543309211730957,,,,
30370,30370,2.454685688018799,,,,
30371,30371,2.454247236251831,,,,
30372,30372,2.453035593032837,,,,
30373,30373,2.4531562328338623,,,,
30374,30374,2.4528920650482178,,,,
30375,30375,2.45334792137146,,,,
30376,30376,2.4538114070892334,,,,
30377,30377,2.4539742469787598,,,,
30378,30378,2.453125238418579,,,,
30379,30379,,2.4504289627075195,,,
30379,30379,2.4504289627075195,,,,
30380,30380,2.4507641792297363,,,,
30381,30381,2.449885129928589,,,,
30382,30382,2.4518396854400635,,,,
30383,30383,2.452791929244995,,,,
30384,30384,2.4524552822113037,,,,
30385,30385,2.454575538635254,,,,
30386,30386,2.4521095752716064,,,,
30387,30387,2.450782060623169,,,,
30388,30388,2.4478914737701416,,,,
30389,30389,,2.4477193355560303,,,
30389,30389,2.4477193355560303,,,,
30390,30390,2.447124719619751,,,,
30391,30391,2.4476544857025146,,,,
30392,30392,2.4494385719299316,,,,
30393,30393,2.4494235515594482,,,,
30394,30394,2.447787284851074,,,,
30395,30395,2.4464008808135986,,,,
30396,30396,2.4464662075042725,,,,
30397,30397,2.4472382068634033,,,,
30398,30398,2.44770884513855,,,,
30399,30399,,2.4462122917175293,,,
30399,30399,2.4462122917175293,,,,
30400,30400,2.446317434310913,,,,
30401,30401,2.4469563961029053,,,,
30402,30402,2.4470012187957764,,,,
30403,30403,2.4457015991210938,,,,
30404,30404,2.445012331008911,,,,
30405,30405,2.4452366828918457,,,,
30406,30406,2.445772409439087,,,,
30407,30407,2.4437458515167236,,,,
30408,30408,2.445863962173462,,,,
30409,30409,,2.4456284046173096,,,
30409,30409,2.4456284046173096,,,,
30410,30410,2.446751117706299,,,,
30411,30411,2.446979284286499,,,,
30412,30412,2.446877956390381,,,,
30413,30413,2.4463820457458496,,,,
30414,30414,2.446751117706299,,,,
30415,30415,2.4456000328063965,,,,
30416,30416,2.444875955581665,,,,
30417,30417,2.444730758666992,,,,
30418,30418,2.444542407989502,,,,
30419,30419,,2.4447309970855713,,,
30419,30419,2.4447309970855713,,,,
30420,30420,2.4454073905944824,,,,
30421,30421,2.4454946517944336,,,,
30422,30422,2.4460134506225586,,,,
30423,30423,2.445997714996338,,,,
30424,30424,2.4454586505889893,,,,
30425,30425,2.4459612369537354,,,,
30426,30426,2.4448933601379395,,,,
30427,30427,2.444913625717163,,,,
30428,30428,2.4451730251312256,,,,
30429,30429,,2.4457192420959473,,,
30429,30429,2.4457192420959473,,,,
30430,30430,2.4454426765441895,,,,
30431,30431,2.4453375339508057,,,,
30432,30432,2.4451866149902344,,,,
30433,30433,2.4450771808624268,,,,
30434,30434,2.444582223892212,,,,
30435,30435,2.4448606967926025,,,,
30436,30436,2.4445056915283203,,,,
30437,30437,2.443709373474121,,,,
30438,30438,2.4436721801757812,,,,
30439,30439,,2.44842267036438,,,
30439,30439,2.44842267036438,,,,
30440,30440,2.44807767868042,,,,
30441,30441,2.447195291519165,,,,
30442,30442,2.4487380981445312,,,,
30443,30443,2.4467875957489014,,,,
30444,30444,2.446775197982788,,,,
30445,30445,2.440506935119629,,,,
30446,30446,2.4402964115142822,,,,
30447,30447,2.4403631687164307,,,,
30448,30448,2.4398372173309326,,,,
30449,30449,,2.440260887145996,,,
30449,30449,2.440260887145996,,,,
30450,30450,2.4423911571502686,,,,
30451,30451,2.442514657974243,,,,
30452,30452,2.4485390186309814,,,,
30453,30453,2.448444366455078,,,,
30454,30454,2.4482338428497314,,,,
30455,30455,2.4486920833587646,,,,
30456,30456,2.446920156478882,,,,
30457,30457,2.4470303058624268,,,,
30458,30458,2.4469897747039795,,,,
30459,30459,,2.447410821914673,,,
30459,30459,2.447410821914673,,,,
30460,30460,2.447557210922241,,,,
30461,30461,2.4470019340515137,,,,
30462,30462,2.447413444519043,,,,
30463,30463,2.4510581493377686,,,,
30464,30464,2.450594425201416,,,,
30465,30465,2.4498558044433594,,,,
30466,30466,2.452566623687744,,,,
30467,30467,2.4490256309509277,,,,
30468,30468,2.450610399246216,,,,
30469,30469,,2.449953079223633,,,
30469,30469,2.449953079223633,,,,
30470,30470,2.449908971786499,,,,
30471,30471,2.450711965560913,,,,
30472,30472,2.4516446590423584,,,,
30473,30473,2.4487709999084473,,,,
30474,30474,2.4492759704589844,,,,
30475,30475,2.451153039932251,,,,
30476,30476,2.453794479370117,,,,
30477,30477,2.4489939212799072,,,,
30478,30478,2.448854684829712,,,,
30479,30479,,2.4495184421539307,,,
30479,30479,2.4495184421539307,,,,
30480,30480,2.452589273452759,,,,
30481,30481,2.4474027156829834,,,,
30482,30482,2.448016405105591,,,,
30483,30483,2.4498889446258545,,,,
30484,30484,2.450681686401367,,,,
30485,30485,2.4495270252227783,,,,
30486,30486,2.4491658210754395,,,,
30487,30487,2.448706865310669,,,,
30488,30488,2.453505277633667,,,,
30489,30489,,2.445920467376709,,,
30489,30489,2.445920467376709,,,,
30490,30490,2.4476258754730225,,,,
30491,30491,2.4463484287261963,,,,
30492,30492,2.4527273178100586,,,,
30493,30493,2.4460599422454834,,,,
30494,30494,2.4477362632751465,,,,
30495,30495,2.4461703300476074,,,,
30496,30496,2.4520044326782227,,,,
30497,30497,2.4485011100769043,,,,
30498,30498,2.449512243270874,,,,
30499,30499,,2.4486711025238037,,,
30499,30499,,,0.17262478172779083,182.26263427734375,182.26263427734375
30499,30499,2.4486711025238037,,,,
30500,30500,2.4498322010040283,,,,
30501,30501,2.4515650272369385,,,,
30502,30502,2.4502789974212646,,,,
30503,30503,2.446579694747925,,,,
30504,30504,2.447061061859131,,,,
30505,30505,2.4466118812561035,,,,
30506,30506,2.4494261741638184,,,,
30507,30507,2.447288990020752,,,,
30508,30508,2.447096586227417,,,,
30509,30509,,2.4451470375061035,,,
30509,30509,2.4451470375061035,,,,
30510,30510,2.4424097537994385,,,,
30511,30511,2.4476358890533447,,,,
30512,30512,2.444211959838867,,,,
30513,30513,2.444149971008301,,,,
30514,30514,2.449016809463501,,,,
30515,30515,2.445970058441162,,,,
30516,30516,2.4501748085021973,,,,
30517,30517,2.4449424743652344,,,,
30518,30518,2.4488487243652344,,,,
30519,30519,,2.442516326904297,,,
30519,30519,2.442516326904297,,,,
30520,30520,2.4499332904815674,,,,
30521,30521,2.449089527130127,,,,
30522,30522,2.451822280883789,,,,
30523,30523,2.452979564666748,,,,
30524,30524,2.4519259929656982,,,,
30525,30525,2.4499423503875732,,,,
30526,30526,2.449700117111206,,,,
30527,30527,2.4540958404541016,,,,
30528,30528,2.450484037399292,,,,
30529,30529,,2.454984664916992,,,
30529,30529,2.454984664916992,,,,
30530,30530,2.4491405487060547,,,,
30531,30531,2.450148582458496,,,,
30532,30532,2.448676586151123,,,,
30533,30533,2.4513206481933594,,,,
30534,30534,2.44960355758667,,,,
30535,30535,2.447570323944092,,,,
30536,30536,2.448760986328125,,,,
30537,30537,2.448033094406128,,,,
30538,30538,2.4460337162017822,,,,
30539,30539,,2.4470272064208984,,,
30539,30539,2.4470272064208984,,,,
30540,30540,2.445789337158203,,,,
30541,30541,2.452237844467163,,,,
30542,30542,2.446741819381714,,,,
30543,30543,2.4448277950286865,,,,
30544,30544,2.4459924697875977,,,,
30545,30545,2.4534783363342285,,,,
30546,30546,2.448071241378784,,,,
30547,30547,2.444607734680176,,,,
30548,30548,2.447355031967163,,,,
30549,30549,,2.450472354888916,,,
30549,30549,2.450472354888916,,,,
30550,30550,2.446927070617676,,,,
30551,30551,2.4470748901367188,,,,
30552,30552,2.4461593627929688,,,,
30553,30553,2.4475533962249756,,,,
30554,30554,2.4466311931610107,,,,
30555,30555,2.445389986038208,,,,
30556,30556,2.446166515350342,,,,
30557,30557,2.446613073348999,,,,
30558,30558,2.447272300720215,,,,
30559,30559,,2.444577932357788,,,
30559,30559,2.444577932357788,,,,
30560,30560,2.4476258754730225,,,,
30561,30561,2.449686050415039,,,,
30562,30562,2.4443676471710205,,,,
30563,30563,2.4486308097839355,,,,
30564,30564,2.445389986038208,,,,
30565,30565,2.450091600418091,,,,
30566,30566,2.445420980453491,,,,
30567,30567,2.450148344039917,,,,
30568,30568,2.442582368850708,,,,
30569,30569,,2.4496676921844482,,,
30569,30569,2.4496676921844482,,,,
30570,30570,2.444319725036621,,,,
30571,30571,2.4476072788238525,,,,
30572,30572,2.4452459812164307,,,,
30573,30573,2.4456186294555664,,,,
30574,30574,2.441610813140869,,,,
30575,30575,2.445310354232788,,,,
30576,30576,2.445956230163574,,,,
30577,30577,2.443094253540039,,,,
30578,30578,2.444728374481201,,,,
30579,30579,,2.4512476921081543,,,
30579,30579,2.4512476921081543,,,,
30580,30580,2.4463248252868652,,,,
30581,30581,2.4486536979675293,,,,
30582,30582,2.442113161087036,,,,
30583,30583,2.4508469104766846,,,,
30584,30584,2.45668363571167,,,,
30585,30585,2.445305347442627,,,,
30586,30586,2.451516628265381,,,,
30587,30587,2.457206964492798,,,,
30588,30588,2.4597816467285156,,,,
30589,30589,,2.447308301925659,,,
30589,30589,2.447308301925659,,,,
30590,30590,2.4475996494293213,,,,
30591,30591,2.4515140056610107,,,,
30592,30592,2.4580061435699463,,,,
30593,30593,2.445946216583252,,,,
30594,30594,2.4467546939849854,,,,
30595,30595,2.4564311504364014,,,,
30596,30596,2.4501678943634033,,,,
30597,30597,2.450934410095215,,,,
30598,30598,2.4443929195404053,,,,
30599,30599,,2.4518074989318848,,,
30599,30599,2.4518074989318848,,,,
30600,30600,2.451162338256836,,,,
30601,30601,2.4437899589538574,,,,
30602,30602,2.4440760612487793,,,,
30603,30603,2.4483680725097656,,,,
30604,30604,2.4506852626800537,,,,
30605,30605,2.4450037479400635,,,,
30606,30606,2.445030927658081,,,,
30607,30607,2.446009635925293,,,,
30608,30608,2.4498016834259033,,,,
30609,30609,,2.4448177814483643,,,
30609,30609,2.4448177814483643,,,,
30610,30610,2.445768117904663,,,,
30611,30611,2.458103895187378,,,,
30612,30612,2.4581639766693115,,,,
30613,30613,2.458249092102051,,,,
30614,30614,2.4501049518585205,,,,
30615,30615,2.451125144958496,,,,
30616,30616,2.458883047103882,,,,
30617,30617,2.4595611095428467,,,,
30618,30618,2.4494833946228027,,,,
30619,30619,,2.4506702423095703,,,
30619,30619,2.4506702423095703,,,,
30620,30620,2.4569180011749268,,,,
30621,30621,2.4576475620269775,,,,
30622,30622,2.4570083618164062,,,,
30623,30623,2.4514853954315186,,,,
30624,30624,2.454108715057373,,,,
30625,30625,2.4538698196411133,,,,
30626,30626,2.4531280994415283,,,,
30627,30627,2.4505438804626465,,,,
30628,30628,2.4533841609954834,,,,
30629,30629,,2.453625440597534,,,
30629,30629,2.453625440597534,,,,
30630,30630,2.446876287460327,,,,
30631,30631,2.4534943103790283,,,,
30632,30632,2.452443838119507,,,,
30633,30633,2.4579222202301025,,,,
30634,30634,2.4584810733795166,,,,
30635,30635,2.4597573280334473,,,,
30636,30636,2.4525368213653564,,,,
30637,30637,2.458622932434082,,,,
30638,30638,2.4584641456604004,,,,
30639,30639,,2.457199811935425,,,
30639,30639,2.457199811935425,,,,
30640,30640,2.457521438598633,,,,
30641,30641,2.4589221477508545,,,,
30642,30642,2.4583888053894043,,,,
30643,30643,2.458540201187134,,,,
30644,30644,2.455707311630249,,,,
30645,30645,2.4556546211242676,,,,
30646,30646,2.455439805984497,,,,
30647,30647,2.4567196369171143,,,,
30648,30648,2.4475016593933105,,,,
30649,30649,,2.4503586292266846,,,
30649,30649,2.4503586292266846,,,,
30650,30650,2.4474446773529053,,,,
30651,30651,2.447939157485962,,,,
30652,30652,2.4489006996154785,,,,
30653,30653,2.450129985809326,,,,
30654,30654,2.4503769874572754,,,,
30655,30655,2.454294443130493,,,,
30656,30656,2.454592704772949,,,,
30657,30657,2.4524166584014893,,,,
30658,30658,2.4527370929718018,,,,
30659,30659,,2.4530856609344482,,,
30659,30659,2.4530856609344482,,,,
30660,30660,2.4528281688690186,,,,
30661,30661,2.4535348415374756,,,,
30662,30662,2.454211711883545,,,,
30663,30663,2.4539341926574707,,,,
30664,30664,2.451641082763672,,,,
30665,30665,2.451505422592163,,,,
30666,30666,2.446415424346924,,,,
30667,30667,2.4466166496276855,,,,
30668,30668,2.445868730545044,,,,
30669,30669,,2.4467029571533203,,,
30669,30669,2.4467029571533203,,,,
30670,30670,2.4454405307769775,,,,
30671,30671,2.442312717437744,,,,
30672,30672,2.4420480728149414,,,,
30673,30673,2.4494869709014893,,,,
30674,30674,2.4486539363861084,,,,
30675,30675,2.4490928649902344,,,,
30676,30676,2.4539504051208496,,,,
30677,30677,2.4521403312683105,,,,
30678,30678,2.4533097743988037,,,,
30679,30679,,2.4532155990600586,,,
30679,30679,2.4532155990600586,,,,
30680,30680,2.452895164489746,,,,
30681,30681,2.452958345413208,,,,
30682,30682,2.4570231437683105,,,,
30683,30683,2.4554636478424072,,,,
30684,30684,2.456117868423462,,,,
30685,30685,2.4501614570617676,,,,
30686,30686,2.451706647872925,,,,
30687,30687,2.451889753341675,,,,
30688,30688,2.4525296688079834,,,,
30689,30689,,2.4563896656036377,,,
30689,30689,2.4563896656036377,,,,
30690,30690,2.4553887844085693,,,,
30691,30691,2.4562795162200928,,,,
30692,30692,2.456403970718384,,,,
30693,30693,2.445923328399658,,,,
30694,30694,2.4507479667663574,,,,
30695,30695,2.4506218433380127,,,,
30696,30696,2.455791711807251,,,,
30697,30697,2.455298900604248,,,,
30698,30698,2.459230899810791,,,,
30699,30699,,2.4502739906311035,,,
30699,30699,2.4502739906311035,,,,
30700,30700,2.4498279094696045,,,,
30701,30701,2.449383020401001,,,,
30702,30702,2.455428123474121,,,,
30703,30703,2.455169677734375,,,,
30704,30704,2.449085235595703,,,,
30705,30705,2.4475932121276855,,,,
30706,30706,2.449814796447754,,,,
30707,30707,2.454552173614502,,,,
30708,30708,2.4542760848999023,,,,
30709,30709,,2.4536166191101074,,,
30709,30709,2.4536166191101074,,,,
30710,30710,2.448106527328491,,,,
30711,30711,2.4454751014709473,,,,
30712,30712,2.448129892349243,,,,
30713,30713,2.454453706741333,,,,
30714,30714,2.452956199645996,,,,
30715,30715,2.4527587890625,,,,
30716,30716,2.447427749633789,,,,
30717,30717,2.4431304931640625,,,,
30718,30718,2.4477994441986084,,,,
30719,30719,,2.4499564170837402,,,
30719,30719,2.4499564170837402,,,,
30720,30720,2.4497973918914795,,,,
30721,30721,2.445035934448242,,,,
30722,30722,2.446227550506592,,,,
30723,30723,2.4441092014312744,,,,
30724,30724,2.4504785537719727,,,,
30725,30725,2.452591896057129,,,,
30726,30726,2.447584390640259,,,,
30727,30727,2.4421138763427734,,,,
30728,30728,2.4423561096191406,,,,
30729,30729,,2.444352865219116,,,
30729,30729,2.444352865219116,,,,
30730,30730,2.4471240043640137,,,,
30731,30731,2.4471466541290283,,,,
30732,30732,2.4449057579040527,,,,
30733,30733,2.4468159675598145,,,,
30734,30734,2.445493221282959,,,,
30735,30735,2.4476282596588135,,,,
30736,30736,2.446409225463867,,,,
30737,30737,2.4464919567108154,,,,
30738,30738,2.4486591815948486,,,,
30739,30739,,2.446817398071289,,,
30739,30739,2.446817398071289,,,,
30740,30740,2.451213836669922,,,,
30741,30741,2.4471609592437744,,,,
30742,30742,2.4526162147521973,,,,
30743,30743,2.446855306625366,,,,
30744,30744,2.4468657970428467,,,,
30745,30745,2.4523000717163086,,,,
30746,30746,2.446453332901001,,,,
30747,30747,2.4449636936187744,,,,
30748,30748,2.4432501792907715,,,,
30749,30749,,2.445645332336426,,,
30749,30749,2.445645332336426,,,,
30750,30750,2.446044683456421,,,,
30751,30751,2.4467694759368896,,,,
30752,30752,2.440534830093384,,,,
30753,30753,2.4407060146331787,,,,
30754,30754,2.4405646324157715,,,,
30755,30755,2.445749282836914,,,,
30756,30756,2.4457437992095947,,,,
30757,30757,2.4445152282714844,,,,
30758,30758,2.4450597763061523,,,,
30759,30759,,2.444694995880127,,,
30759,30759,2.444694995880127,,,,
30760,30760,2.444941759109497,,,,
30761,30761,2.445560932159424,,,,
30762,30762,2.440425395965576,,,,
30763,30763,2.43904447555542,,,,
30764,30764,2.442929983139038,,,,
30765,30765,2.4395382404327393,,,,
30766,30766,2.438406229019165,,,,
30767,30767,2.445742607116699,,,,
30768,30768,2.4403765201568604,,,,
30769,30769,,2.4385769367218018,,,
30769,30769,2.4385769367218018,,,,
30770,30770,2.4405524730682373,,,,
30771,30771,2.440185546875,,,,
30772,30772,2.439619541168213,,,,
30773,30773,2.4397218227386475,,,,
30774,30774,2.444355010986328,,,,
30775,30775,2.4419455528259277,,,,
30776,30776,2.4408702850341797,,,,
30777,30777,2.4433791637420654,,,,
30778,30778,2.4443933963775635,,,,
30779,30779,,2.4449524879455566,,,
30779,30779,2.4449524879455566,,,,
30780,30780,2.442718267440796,,,,
30781,30781,2.4430017471313477,,,,
30782,30782,2.4449303150177,,,,
30783,30783,2.444533109664917,,,,
30784,30784,2.4433093070983887,,,,
30785,30785,2.442290782928467,,,,
30786,30786,2.4423327445983887,,,,
30787,30787,2.444429397583008,,,,
30788,30788,2.445302724838257,,,,
30789,30789,,2.44441556930542,,,
30789,30789,2.44441556930542,,,,
30790,30790,2.443877696990967,,,,
30791,30791,2.4442973136901855,,,,
30792,30792,2.4464104175567627,,,,
30793,30793,2.446592330932617,,,,
30794,30794,2.4450316429138184,,,,
30795,30795,2.449953317642212,,,,
30796,30796,2.4474167823791504,,,,
30797,30797,2.4474692344665527,,,,
30798,30798,2.448533535003662,,,,
30799,30799,,2.4464879035949707,,,
30799,30799,2.4464879035949707,,,,
30800,30800,2.445734739303589,,,,
30801,30801,2.446545124053955,,,,
30802,30802,2.446312189102173,,,,
30803,30803,2.4453444480895996,,,,
30804,30804,2.445631742477417,,,,
30805,30805,2.446643352508545,,,,
30806,30806,2.4445769786834717,,,,
30807,30807,2.441931962966919,,,,
30808,30808,2.4403574466705322,,,,
30809,30809,,2.440565586090088,,,
30809,30809,2.440565586090088,,,,
30810,30810,2.4445512294769287,,,,
30811,30811,2.443922281265259,,,,
30812,30812,2.4443840980529785,,,,
30813,30813,2.4444360733032227,,,,
30814,30814,2.444880962371826,,,,
30815,30815,2.4440040588378906,,,,
30816,30816,2.4437005519866943,,,,
30817,30817,2.4433388710021973,,,,
30818,30818,2.4433233737945557,,,,
30819,30819,,2.447315216064453,,,
30819,30819,2.447315216064453,,,,
30820,30820,2.4498133659362793,,,,
30821,30821,2.4458892345428467,,,,
30822,30822,2.4472408294677734,,,,
30823,30823,2.450066089630127,,,,
30824,30824,2.454280138015747,,,,
30825,30825,2.450573205947876,,,,
30826,30826,2.450849771499634,,,,
30827,30827,2.4504289627075195,,,,
30828,30828,2.4515509605407715,,,,
30829,30829,,2.4474666118621826,,,
30829,30829,2.4474666118621826,,,,
30830,30830,2.446068525314331,,,,
30831,30831,2.4501094818115234,,,,
30832,30832,2.4463889598846436,,,,
30833,30833,2.4463353157043457,,,,
30834,30834,2.442763090133667,,,,
30835,30835,2.4466567039489746,,,,
30836,30836,2.445939779281616,,,,
30837,30837,2.44331955909729,,,,
30838,30838,2.446016550064087,,,,
30839,30839,,2.446977138519287,,,
30839,30839,2.446977138519287,,,,
30840,30840,2.450594425201416,,,,
30841,30841,2.4457993507385254,,,,
30842,30842,2.4449379444122314,,,,
30843,30843,2.4444735050201416,,,,
30844,30844,2.447579860687256,,,,
30845,30845,2.4461441040039062,,,,
30846,30846,2.4448153972625732,,,,
30847,30847,2.4455668926239014,,,,
30848,30848,2.445629358291626,,,,
30849,30849,,2.4463250637054443,,,
30849,30849,2.4463250637054443,,,,
30850,30850,2.4456193447113037,,,,
30851,30851,2.45054292678833,,,,
30852,30852,2.4501426219940186,,,,
30853,30853,2.4535129070281982,,,,
30854,30854,2.45176362991333,,,,
30855,30855,2.4536592960357666,,,,
30856,30856,2.452751636505127,,,,
30857,30857,2.451167583465576,,,,
30858,30858,2.4519450664520264,,,,
30859,30859,,2.4554219245910645,,,
30859,30859,2.4554219245910645,,,,
30860,30860,2.4526922702789307,,,,
30861,30861,2.4530296325683594,,,,
30862,30862,2.451127052307129,,,,
30863,30863,2.445780038833618,,,,
30864,30864,2.4427731037139893,,,,
30865,30865,2.441981077194214,,,,
30866,30866,2.4432873725891113,,,,
30867,30867,2.4437785148620605,,,,
30868,30868,2.441664934158325,,,,
30869,30869,,2.44657826423645,,,
30869,30869,2.44657826423645,,,,
30870,30870,2.4472403526306152,,,,
30871,30871,2.4511375427246094,,,,
30872,30872,2.4516007900238037,,,,
30873,30873,2.457237482070923,,,,
30874,30874,2.4572091102600098,,,,
30875,30875,2.453258991241455,,,,
30876,30876,2.4476706981658936,,,,
30877,30877,2.4494388103485107,,,,
30878,30878,2.449502944946289,,,,
30879,30879,,2.4504165649414062,,,
30879,30879,2.4504165649414062,,,,
30880,30880,2.4535257816314697,,,,
30881,30881,2.449777603149414,,,,
30882,30882,2.450003147125244,,,,
30883,30883,2.447857141494751,,,,
30884,30884,2.4450485706329346,,,,
30885,30885,2.4412643909454346,,,,
30886,30886,2.4391798973083496,,,,
30887,30887,2.441312551498413,,,,
30888,30888,2.444044589996338,,,,
30889,30889,,2.4512386322021484,,,
30889,30889,2.4512386322021484,,,,
30890,30890,2.457049608230591,,,,
30891,30891,2.4509329795837402,,,,
30892,30892,2.4504342079162598,,,,
30893,30893,2.4469854831695557,,,,
30894,30894,2.4505248069763184,,,,
30895,30895,2.4475622177124023,,,,
30896,30896,2.4510276317596436,,,,
30897,30897,2.449085235595703,,,,
30898,30898,2.452024221420288,,,,
30899,30899,,2.4500644207000732,,,
30899,30899,2.4500644207000732,,,,
30900,30900,2.4514546394348145,,,,
30901,30901,2.4513607025146484,,,,
30902,30902,2.4496560096740723,,,,
30903,30903,2.452597141265869,,,,
30904,30904,2.4521706104278564,,,,
30905,30905,2.4521749019622803,,,,
30906,30906,2.4520015716552734,,,,
30907,30907,2.451925039291382,,,,
30908,30908,2.4507644176483154,,,,
30909,30909,,2.4478931427001953,,,
30909,30909,2.4478931427001953,,,,
30910,30910,2.4465837478637695,,,,
30911,30911,2.451756000518799,,,,
30912,30912,2.4514434337615967,,,,
30913,30913,2.4517059326171875,,,,
30914,30914,2.4514029026031494,,,,
30915,30915,2.4535574913024902,,,,
30916,30916,2.453312397003174,,,,
30917,30917,2.4507274627685547,,,,
30918,30918,2.4529805183410645,,,,
30919,30919,,2.4517085552215576,,,
30919,30919,2.4517085552215576,,,,
30920,30920,2.452843427658081,,,,
30921,30921,2.4521753787994385,,,,
30922,30922,2.4524037837982178,,,,
30923,30923,2.4525225162506104,,,,
30924,30924,2.4555270671844482,,,,
30925,30925,2.4583537578582764,,,,
30926,30926,2.4503512382507324,,,,
30927,30927,2.4507758617401123,,,,
30928,30928,2.45115065574646,,,,
30929,30929,,2.4502227306365967,,,
30929,30929,2.4502227306365967,,,,
30930,30930,2.4474120140075684,,,,
30931,30931,2.450620412826538,,,,
30932,30932,2.4469451904296875,,,,
30933,30933,2.4465646743774414,,,,
30934,30934,2.4597413539886475,,,,
30935,30935,2.459463596343994,,,,
30936,30936,2.448984146118164,,,,
30937,30937,2.4511849880218506,,,,
30938,30938,2.453946352005005,,,,
30939,30939,,2.463083028793335,,,
30939,30939,2.463083028793335,,,,
30940,30940,2.4629790782928467,,,,
30941,30941,2.453965663909912,,,,
30942,30942,2.453951358795166,,,,
30943,30943,2.452357769012451,,,,
30944,30944,2.456204414367676,,,,
30945,30945,2.4524636268615723,,,,
30946,30946,2.4604952335357666,,,,
30947,30947,2.452363967895508,,,,
30948,30948,2.451775074005127,,,,
30949,30949,,2.4493682384490967,,,
30949,30949,2.4493682384490967,,,,
30950,30950,2.4566447734832764,,,,
30951,30951,2.450160503387451,,,,
30952,30952,2.451871395111084,,,,
30953,30953,2.4499175548553467,,,,
30954,30954,2.450247287750244,,,,
30955,30955,2.449819326400757,,,,
30956,30956,2.452340841293335,,,,
30957,30957,2.4521243572235107,,,,
30958,30958,2.4512171745300293,,,,
30959,30959,,2.455664873123169,,,
30959,30959,2.455664873123169,,,,
30960,30960,2.455410957336426,,,,
30961,30961,2.450920820236206,,,,
30962,30962,2.45137357711792,,,,
30963,30963,2.4583771228790283,,,,
30964,30964,2.4557383060455322,,,,
30965,30965,2.455953598022461,,,,
30966,30966,2.45120906829834,,,,
30967,30967,2.451605796813965,,,,
30968,30968,2.4561126232147217,,,,
30969,30969,,2.458653450012207,,,
30969,30969,2.458653450012207,,,,
30970,30970,2.4504971504211426,,,,
30971,30971,2.4589645862579346,,,,
30972,30972,2.457326650619507,,,,
30973,30973,2.4494693279266357,,,,
30974,30974,2.4495675563812256,,,,
30975,30975,2.4557852745056152,,,,
30976,30976,2.455440044403076,,,,
30977,30977,2.454680919647217,,,,
30978,30978,2.4524497985839844,,,,
30979,30979,,2.451798915863037,,,
30979,30979,2.451798915863037,,,,
30980,30980,2.4547085762023926,,,,
30981,30981,2.454515218734741,,,,
30982,30982,2.453005313873291,,,,
30983,30983,2.460660219192505,,,,
30984,30984,2.4544308185577393,,,,
30985,30985,2.453507423400879,,,,
30986,30986,2.4569084644317627,,,,
30987,30987,2.4502904415130615,,,,
30988,30988,2.4535107612609863,,,,
30989,30989,,2.458022356033325,,,
30989,30989,2.458022356033325,,,,
30990,30990,2.4507784843444824,,,,
30991,30991,2.4543375968933105,,,,
30992,30992,2.459514617919922,,,,
30993,30993,2.448984146118164,,,,
30994,30994,2.4602627754211426,,,,
30995,30995,2.4579644203186035,,,,
30996,30996,2.451514720916748,,,,
30997,30997,2.4606425762176514,,,,
30998,30998,2.462960958480835,,,,
30999,30999,,2.4495909214019775,,,
30999,30999,,,0.17205609381198883,181.06373596191406,181.06373596191406
30999,30999,2.4495909214019775,,,,
31000,31000,2.4517879486083984,,,,
31001,31001,2.461048126220703,,,,
31002,31002,2.460601568222046,,,,
31003,31003,2.4468462467193604,,,,
31004,31004,2.457369327545166,,,,
31005,31005,2.459301233291626,,,,
31006,31006,2.442664623260498,,,,
31007,31007,2.457976818084717,,,,
31008,31008,2.446906328201294,,,,
31009,31009,,2.460939645767212,,,
31009,31009,2.460939645767212,,,,
31010,31010,2.458136558532715,,,,
31011,31011,2.4491896629333496,,,,
31012,31012,2.460391044616699,,,,
31013,31013,2.460706949234009,,,,
31014,31014,2.451395273208618,,,,
31015,31015,2.447680950164795,,,,
31016,31016,2.4610848426818848,,,,
31017,31017,2.458021879196167,,,,
31018,31018,2.452040910720825,,,,
31019,31019,,2.458315849304199,,,
31019,31019,2.458315849304199,,,,
31020,31020,2.4595701694488525,,,,
31021,31021,2.44287109375,,,,
31022,31022,2.44094181060791,,,,
31023,31023,2.4626288414001465,,,,
31024,31024,2.446077823638916,,,,
31025,31025,2.452082395553589,,,,
31026,31026,2.4472899436950684,,,,
31027,31027,2.4597437381744385,,,,
31028,31028,2.4444611072540283,,,,
31029,31029,,2.439927816390991,,,
31029,31029,2.439927816390991,,,,
31030,31030,2.4591612815856934,,,,
31031,31031,2.450047731399536,,,,
31032,31032,2.441420078277588,,,,
31033,31033,2.4602367877960205,,,,
31034,31034,2.451322078704834,,,,
31035,31035,2.4440550804138184,,,,
31036,31036,2.4523534774780273,,,,
31037,31037,2.451068639755249,,,,
31038,31038,2.4435980319976807,,,,
31039,31039,,2.4504497051239014,,,
31039,31039,2.4504497051239014,,,,
31040,31040,2.457796096801758,,,,
31041,31041,2.442542552947998,,,,
31042,31042,2.4510648250579834,,,,
31043,31043,2.4583358764648438,,,,
31044,31044,2.4449667930603027,,,,
31045,31045,2.438007354736328,,,,
31046,31046,2.458601236343384,,,,
31047,31047,2.450533866882324,,,,
31048,31048,2.4410457611083984,,,,
31049,31049,,2.4501962661743164,,,
31049,31049,2.4501962661743164,,,,
31050,31050,2.456136703491211,,,,
31051,31051,2.448310136795044,,,,
31052,31052,2.4476325511932373,,,,
31053,31053,2.446653127670288,,,,
31054,31054,2.444854497909546,,,,
31055,31055,2.44698429107666,,,,
31056,31056,2.4479098320007324,,,,
31057,31057,2.446702241897583,,,,
31058,31058,2.443971872329712,,,,
31059,31059,,2.444502115249634,,,
31059,31059,2.444502115249634,,,,
31060,31060,2.4432098865509033,,,,
31061,31061,2.4442574977874756,,,,
31062,31062,2.4414663314819336,,,,
31063,31063,2.445197582244873,,,,
31064,31064,2.4439265727996826,,,,
31065,31065,2.449756145477295,,,,
31066,31066,2.4505465030670166,,,,
31067,31067,2.448582172393799,,,,
31068,31068,2.4441423416137695,,,,
31069,31069,,2.442112445831299,,,
31069,31069,2.442112445831299,,,,
31070,31070,2.4405159950256348,,,,
31071,31071,2.4400084018707275,,,,
31072,31072,2.441495895385742,,,,
31073,31073,2.441009759902954,,,,
31074,31074,2.44003963470459,,,,
31075,31075,2.443514585494995,,,,
31076,31076,2.4441404342651367,,,,
31077,31077,2.448681354522705,,,,
31078,31078,2.450401782989502,,,,
31079,31079,,2.4476418495178223,,,
31079,31079,2.4476418495178223,,,,
31080,31080,2.4472551345825195,,,,
31081,31081,2.4473390579223633,,,,
31082,31082,2.44802188873291,,,,
31083,31083,2.4478304386138916,,,,
31084,31084,2.446822166442871,,,,
31085,31085,2.4471960067749023,,,,
31086,31086,2.4472832679748535,,,,
31087,31087,2.447314500808716,,,,
31088,31088,2.449126958847046,,,,
31089,31089,,2.4510726928710938,,,
31089,31089,2.4510726928710938,,,,
31090,31090,2.447262763977051,,,,
31091,31091,2.4458727836608887,,,,
31092,31092,2.4504854679107666,,,,
31093,31093,2.4477994441986084,,,,
31094,31094,2.4489052295684814,,,,
31095,31095,2.449404001235962,,,,
31096,31096,2.451249837875366,,,,
31097,31097,2.448154926300049,,,,
31098,31098,2.44978404045105,,,,
31099,31099,,2.45041561126709,,,
31099,31099,2.45041561126709,,,,
31100,31100,2.45530366897583,,,,
31101,31101,2.4472103118896484,,,,
31102,31102,2.451401710510254,,,,
31103,31103,2.4530868530273438,,,,
31104,31104,2.44889235496521,,,,
31105,31105,2.4518065452575684,,,,
31106,31106,2.44637131690979,,,,
31107,31107,2.441892623901367,,,,
31108,31108,2.4408624172210693,,,,
31109,31109,,2.444078207015991,,,
31109,31109,2.444078207015991,,,,
31110,31110,2.443777322769165,,,,
31111,31111,2.4425764083862305,,,,
31112,31112,2.444437265396118,,,,
31113,31113,2.449110746383667,,,,
31114,31114,2.447517156600952,,,,
31115,31115,2.4515140056610107,,,,
31116,31116,2.4573395252227783,,,,
31117,31117,2.4403128623962402,,,,
31118,31118,2.446784734725952,,,,
31119,31119,,2.447211980819702,,,
31119,31119,2.447211980819702,,,,
31120,31120,2.446138620376587,,,,
31121,31121,2.449798107147217,,,,
31122,31122,2.4429538249969482,,,,
31123,31123,2.451862096786499,,,,
31124,31124,2.445286750793457,,,,
31125,31125,2.4482688903808594,,,,
31126,31126,2.4469008445739746,,,,
31127,31127,2.446812152862549,,,,
31128,31128,2.447190761566162,,,,
31129,31129,,2.4462876319885254,,,
31129,31129,2.4462876319885254,,,,
31130,31130,2.4514052867889404,,,,
31131,31131,2.446265697479248,,,,
31132,31132,2.4478700160980225,,,,
31133,31133,2.451160192489624,,,,
31134,31134,2.4467251300811768,,,,
31135,31135,2.443563222885132,,,,
31136,31136,2.450040578842163,,,,
31137,31137,2.4507412910461426,,,,
31138,31138,2.443103790283203,,,,
31139,31139,,2.4510600566864014,,,
31139,31139,2.4510600566864014,,,,
31140,31140,2.446606159210205,,,,
31141,31141,2.4506704807281494,,,,
31142,31142,2.4412496089935303,,,,
31143,31143,2.4397284984588623,,,,
31144,31144,2.4491138458251953,,,,
31145,31145,2.443972110748291,,,,
31146,31146,2.4456121921539307,,,,
31147,31147,2.4432690143585205,,,,
31148,31148,2.4522716999053955,,,,
31149,31149,,2.4471185207366943,,,
31149,31149,2.4471185207366943,,,,
31150,31150,2.4553158283233643,,,,
31151,31151,2.4507386684417725,,,,
31152,31152,2.4455947875976562,,,,
31153,31153,2.4394729137420654,,,,
31154,31154,2.430509328842163,,,,
31155,31155,2.441465139389038,,,,
31156,31156,2.4403247833251953,,,,
31157,31157,2.4415414333343506,,,,
31158,31158,2.4516589641571045,,,,
31159,31159,,2.43993878364563,,,
31159,31159,2.43993878364563,,,,
31160,31160,2.4518067836761475,,,,
31161,31161,2.4512577056884766,,,,
31162,31162,2.438967227935791,,,,
31163,31163,2.455076217651367,,,,
31164,31164,2.4466981887817383,,,,
31165,31165,2.445765495300293,,,,
31166,31166,2.4556214809417725,,,,
31167,31167,2.440366268157959,,,,
31168,31168,2.4489285945892334,,,,
31169,31169,,2.45100736618042,,,
31169,31169,2.45100736618042,,,,
31170,31170,2.4540863037109375,,,,
31171,31171,2.456496477127075,,,,
31172,31172,2.441776752471924,,,,
31173,31173,2.461195707321167,,,,
31174,31174,2.456085205078125,,,,
31175,31175,2.4433529376983643,,,,
31176,31176,2.4655580520629883,,,,
31177,31177,2.455733299255371,,,,
31178,31178,2.4477646350860596,,,,
31179,31179,,2.4744551181793213,,,
31179,31179,2.4744551181793213,,,,
31180,31180,2.4503138065338135,,,,
31181,31181,2.4571685791015625,,,,
31182,31182,2.447843313217163,,,,
31183,31183,2.4451887607574463,,,,
31184,31184,2.4545514583587646,,,,
31185,31185,2.4478254318237305,,,,
31186,31186,2.47192120552063,,,,
31187,31187,2.4423110485076904,,,,
31188,31188,2.4424166679382324,,,,
31189,31189,,2.4727914333343506,,,
31189,31189,2.4727914333343506,,,,
31190,31190,2.449474811553955,,,,
31191,31191,2.450119972229004,,,,
31192,31192,2.4716341495513916,,,,
31193,31193,2.4442615509033203,,,,
31194,31194,2.449030876159668,,,,
31195,31195,2.4453418254852295,,,,
31196,31196,2.440387010574341,,,,
31197,31197,2.443110942840576,,,,
31198,31198,2.4451849460601807,,,,
31199,31199,,2.4385626316070557,,,
31199,31199,2.4385626316070557,,,,
31200,31200,2.457387924194336,,,,
31201,31201,2.4349167346954346,,,,
31202,31202,2.4346156120300293,,,,
31203,31203,2.447571277618408,,,,
31204,31204,2.459366798400879,,,,
31205,31205,2.4504733085632324,,,,
31206,31206,2.448826313018799,,,,
31207,31207,2.4421701431274414,,,,
31208,31208,2.4498817920684814,,,,
31209,31209,,2.4502527713775635,,,
31209,31209,2.4502527713775635,,,,
31210,31210,2.442789077758789,,,,
31211,31211,2.4440715312957764,,,,
31212,31212,2.4388256072998047,,,,
31213,31213,2.4417049884796143,,,,
31214,31214,2.438610553741455,,,,
31215,31215,2.445253372192383,,,,
31216,31216,2.444434881210327,,,,
31217,31217,2.442253589630127,,,,
31218,31218,2.438429355621338,,,,
31219,31219,,2.442164659500122,,,
31219,31219,2.442164659500122,,,,
31220,31220,2.440277099609375,,,,
31221,31221,2.438331127166748,,,,
31222,31222,2.438382625579834,,,,
31223,31223,2.4369397163391113,,,,
31224,31224,2.4367213249206543,,,,
31225,31225,2.4359185695648193,,,,
31226,31226,2.4365639686584473,,,,
31227,31227,2.434211015701294,,,,
31228,31228,2.439255475997925,,,,
31229,31229,,2.439812183380127,,,
31229,31229,2.439812183380127,,,,
31230,31230,2.439136266708374,,,,
31231,31231,2.4413063526153564,,,,
31232,31232,2.4402642250061035,,,,
31233,31233,2.4438297748565674,,,,
31234,31234,2.4371120929718018,,,,
31235,31235,2.4406578540802,,,,
31236,31236,2.4389467239379883,,,,
31237,31237,2.4437742233276367,,,,
31238,31238,2.433743715286255,,,,
31239,31239,,2.4415783882141113,,,
31239,31239,2.4415783882141113,,,,
31240,31240,2.4377963542938232,,,,
31241,31241,2.4429333209991455,,,,
31242,31242,2.436621904373169,,,,
31243,31243,2.4407479763031006,,,,
31244,31244,2.437263011932373,,,,
31245,31245,2.437458038330078,,,,
31246,31246,2.4404654502868652,,,,
31247,31247,2.4371304512023926,,,,
31248,31248,2.437699317932129,,,,
31249,31249,,2.4312853813171387,,,
31249,31249,2.4312853813171387,,,,
31250,31250,2.433631420135498,,,,
31251,31251,2.4317312240600586,,,,
31252,31252,2.4348082542419434,,,,
31253,31253,2.435321807861328,,,,
31254,31254,2.434946298599243,,,,
31255,31255,2.438621997833252,,,,
31256,31256,2.4380428791046143,,,,
31257,31257,2.4373116493225098,,,,
31258,31258,2.4407498836517334,,,,
31259,31259,,2.4415335655212402,,,
31259,31259,2.4415335655212402,,,,
31260,31260,2.4355101585388184,,,,
31261,31261,2.4350874423980713,,,,
31262,31262,2.435117721557617,,,,
31263,31263,2.434161901473999,,,,
31264,31264,2.4353437423706055,,,,
31265,31265,2.4350063800811768,,,,
31266,31266,2.4364588260650635,,,,
31267,31267,2.4339308738708496,,,,
31268,31268,2.434701442718506,,,,
31269,31269,,2.432199478149414,,,
31269,31269,2.432199478149414,,,,
31270,31270,2.432609796524048,,,,
31271,31271,2.4377825260162354,,,,
31272,31272,2.436060667037964,,,,
31273,31273,2.43510365486145,,,,
31274,31274,2.435260534286499,,,,
31275,31275,2.437671184539795,,,,
31276,31276,2.4379241466522217,,,,
31277,31277,2.43774151802063,,,,
31278,31278,2.4355249404907227,,,,
31279,31279,,2.435910940170288,,,
31279,31279,2.435910940170288,,,,
31280,31280,2.439723491668701,,,,
31281,31281,2.439232587814331,,,,
31282,31282,2.437847137451172,,,,
31283,31283,2.4407176971435547,,,,
31284,31284,2.438147783279419,,,,
31285,31285,2.4394567012786865,,,,
31286,31286,2.4310901165008545,,,,
31287,31287,2.446868896484375,,,,
31288,31288,2.444070339202881,,,,
31289,31289,,2.4340708255767822,,,
31289,31289,2.4340708255767822,,,,
31290,31290,2.453685760498047,,,,
31291,31291,2.437272787094116,,,,
31292,31292,2.4439821243286133,,,,
31293,31293,2.439121961593628,,,,
31294,31294,2.441657781600952,,,,
31295,31295,2.440232753753662,,,,
31296,31296,2.4326419830322266,,,,
31297,31297,2.4548752307891846,,,,
31298,31298,2.4398579597473145,,,,
31299,31299,,2.443162202835083,,,
31299,31299,2.443162202835083,,,,
31300,31300,2.4447617530822754,,,,
31301,31301,2.433671712875366,,,,
31302,31302,2.4344472885131836,,,,
31303,31303,2.4422178268432617,,,,
31304,31304,2.436345338821411,,,,
31305,31305,2.4361190795898438,,,,
31306,31306,2.4455301761627197,,,,
31307,31307,2.443241834640503,,,,
31308,31308,2.437013864517212,,,,
31309,31309,,2.45808482170105,,,
31309,31309,2.45808482170105,,,,
31310,31310,2.4372310638427734,,,,
31311,31311,2.4374196529388428,,,,
31312,31312,2.4523072242736816,,,,
31313,31313,2.4366543292999268,,,,
31314,31314,2.4370992183685303,,,,
31315,31315,2.450599431991577,,,,
31316,31316,2.4375674724578857,,,,
31317,31317,2.437227249145508,,,,
31318,31318,2.4529621601104736,,,,
31319,31319,,2.4424386024475098,,,
31319,31319,2.4424386024475098,,,,
31320,31320,2.4421639442443848,,,,
31321,31321,2.457894802093506,,,,
31322,31322,2.4405415058135986,,,,
31323,31323,2.4369795322418213,,,,
31324,31324,2.4428579807281494,,,,
31325,31325,2.4424808025360107,,,,
31326,31326,2.438711643218994,,,,
31327,31327,2.452518939971924,,,,
31328,31328,2.459188938140869,,,,
31329,31329,,2.439326763153076,,,
31329,31329,2.439326763153076,,,,
31330,31330,2.4671578407287598,,,,
31331,31331,2.4586479663848877,,,,
31332,31332,2.4604928493499756,,,,
31333,31333,2.4513185024261475,,,,
31334,31334,2.440183639526367,,,,
31335,31335,2.437990665435791,,,,
31336,31336,2.438570976257324,,,,
31337,31337,2.436551094055176,,,,
31338,31338,2.450867176055908,,,,
31339,31339,,2.4457268714904785,,,
31339,31339,2.4457268714904785,,,,
31340,31340,2.4409019947052,,,,
31341,31341,2.471397876739502,,,,
31342,31342,2.459688425064087,,,,
31343,31343,2.45159912109375,,,,
31344,31344,2.460967779159546,,,,
31345,31345,2.4350314140319824,,,,
31346,31346,2.445316791534424,,,,
31347,31347,2.450857162475586,,,,
31348,31348,2.4458537101745605,,,,
31349,31349,,2.440706253051758,,,
31349,31349,2.440706253051758,,,,
31350,31350,2.434485673904419,,,,
31351,31351,2.434398889541626,,,,
31352,31352,2.4371113777160645,,,,
31353,31353,2.441195249557495,,,,
31354,31354,2.443134069442749,,,,
31355,31355,2.438096761703491,,,,
31356,31356,2.441796064376831,,,,
31357,31357,2.4425578117370605,,,,
31358,31358,2.4430298805236816,,,,
31359,31359,,2.4459197521209717,,,
31359,31359,2.4459197521209717,,,,
31360,31360,2.4496707916259766,,,,
31361,31361,2.4451377391815186,,,,
31362,31362,2.4461476802825928,,,,
31363,31363,2.44901180267334,,,,
31364,31364,2.4473421573638916,,,,
31365,31365,2.444089889526367,,,,
31366,31366,2.440962791442871,,,,
31367,31367,2.4426310062408447,,,,
31368,31368,2.4408369064331055,,,,
31369,31369,,2.4365670680999756,,,
31369,31369,2.4365670680999756,,,,
31370,31370,2.4420316219329834,,,,
31371,31371,2.444563865661621,,,,
31372,31372,2.4457945823669434,,,,
31373,31373,2.454465389251709,,,,
31374,31374,2.453113317489624,,,,
31375,31375,2.445915460586548,,,,
31376,31376,2.4620587825775146,,,,
31377,31377,2.4503908157348633,,,,
31378,31378,2.447471857070923,,,,
31379,31379,,2.448657274246216,,,
31379,31379,2.448657274246216,,,,
31380,31380,2.440077066421509,,,,
31381,31381,2.447338104248047,,,,
31382,31382,2.445899724960327,,,,
31383,31383,2.4412221908569336,,,,
31384,31384,2.4396438598632812,,,,
31385,31385,2.4471442699432373,,,,
31386,31386,2.4496545791625977,,,,
31387,31387,2.4396727085113525,,,,
31388,31388,2.450396776199341,,,,
31389,31389,,2.4462552070617676,,,
31389,31389,2.4462552070617676,,,,
31390,31390,2.4423084259033203,,,,
31391,31391,2.448434352874756,,,,
31392,31392,2.4410152435302734,,,,
31393,31393,2.4451942443847656,,,,
31394,31394,2.4416370391845703,,,,
31395,31395,2.445988893508911,,,,
31396,31396,2.447657823562622,,,,
31397,31397,2.444780111312866,,,,
31398,31398,2.449554443359375,,,,
31399,31399,,2.453768253326416,,,
31399,31399,2.453768253326416,,,,
31400,31400,2.4500937461853027,,,,
31401,31401,2.4438300132751465,,,,
31402,31402,2.4479730129241943,,,,
31403,31403,2.438859462738037,,,,
31404,31404,2.4392216205596924,,,,
31405,31405,2.443150043487549,,,,
31406,31406,2.444594144821167,,,,
31407,31407,2.454045534133911,,,,
31408,31408,2.447713613510132,,,,
31409,31409,,2.4557175636291504,,,
31409,31409,2.4557175636291504,,,,
31410,31410,2.4477412700653076,,,,
31411,31411,2.4514801502227783,,,,
31412,31412,2.4522087574005127,,,,
31413,31413,2.4497759342193604,,,,
31414,31414,2.4490435123443604,,,,
31415,31415,2.447018623352051,,,,
31416,31416,2.4510669708251953,,,,
31417,31417,2.4491074085235596,,,,
31418,31418,2.4444382190704346,,,,
31419,31419,,2.4440999031066895,,,
31419,31419,2.4440999031066895,,,,
31420,31420,2.454617977142334,,,,
31421,31421,2.4437315464019775,,,,
31422,31422,2.4458556175231934,,,,
31423,31423,2.4495997428894043,,,,
31424,31424,2.4494504928588867,,,,
31425,31425,2.4487979412078857,,,,
31426,31426,2.4499621391296387,,,,
31427,31427,2.448305606842041,,,,
31428,31428,2.449655771255493,,,,
31429,31429,,2.451000928878784,,,
31429,31429,2.451000928878784,,,,
31430,31430,2.4416043758392334,,,,
31431,31431,2.4436488151550293,,,,
31432,31432,2.4525668621063232,,,,
31433,31433,2.4425241947174072,,,,
31434,31434,2.447706699371338,,,,
31435,31435,2.4522852897644043,,,,
31436,31436,2.440065860748291,,,,
31437,31437,2.440537929534912,,,,
31438,31438,2.445557117462158,,,,
31439,31439,,2.447951555252075,,,
31439,31439,2.447951555252075,,,,
31440,31440,2.4472646713256836,,,,
31441,31441,2.4399616718292236,,,,
31442,31442,2.451200246810913,,,,
31443,31443,2.441962242126465,,,,
31444,31444,2.4422144889831543,,,,
31445,31445,2.4438233375549316,,,,
31446,31446,2.4445042610168457,,,,
31447,31447,2.4429214000701904,,,,
31448,31448,2.4401285648345947,,,,
31449,31449,,2.443408489227295,,,
31449,31449,2.443408489227295,,,,
31450,31450,2.430642604827881,,,,
31451,31451,2.435870885848999,,,,
31452,31452,2.434903860092163,,,,
31453,31453,2.44757342338562,,,,
31454,31454,2.437671184539795,,,,
31455,31455,2.431281328201294,,,,
31456,31456,2.441798210144043,,,,
31457,31457,2.4432201385498047,,,,
31458,31458,2.4418234825134277,,,,
31459,31459,,2.4350967407226562,,,
31459,31459,2.4350967407226562,,,,
31460,31460,2.4420671463012695,,,,
31461,31461,2.44201922416687,,,,
31462,31462,2.4366915225982666,,,,
31463,31463,2.4324395656585693,,,,
31464,31464,2.433897018432617,,,,
31465,31465,2.4468612670898438,,,,
31466,31466,2.438577890396118,,,,
31467,31467,2.4361796379089355,,,,
31468,31468,2.44775390625,,,,
31469,31469,,2.436807870864868,,,
31469,31469,2.436807870864868,,,,
31470,31470,2.4375905990600586,,,,
31471,31471,2.437197208404541,,,,
31472,31472,2.440570831298828,,,,
31473,31473,2.4334261417388916,,,,
31474,31474,2.4355218410491943,,,,
31475,31475,2.4301114082336426,,,,
31476,31476,2.446518898010254,,,,
31477,31477,2.434824228286743,,,,
31478,31478,2.435086250305176,,,,
31479,31479,,2.4389984607696533,,,
31479,31479,2.4389984607696533,,,,
31480,31480,2.446166515350342,,,,
31481,31481,2.4392497539520264,,,,
31482,31482,2.436596632003784,,,,
31483,31483,2.43646240234375,,,,
31484,31484,2.449413537979126,,,,
31485,31485,2.4427502155303955,,,,
31486,31486,2.444075345993042,,,,
31487,31487,2.4549648761749268,,,,
31488,31488,2.439387559890747,,,,
31489,31489,,2.436405897140503,,,
31489,31489,2.436405897140503,,,,
31490,31490,2.434166193008423,,,,
31491,31491,2.4476990699768066,,,,
31492,31492,2.4282991886138916,,,,
31493,31493,2.434173345565796,,,,
31494,31494,2.4299941062927246,,,,
31495,31495,2.4380953311920166,,,,
31496,31496,2.4330756664276123,,,,
31497,31497,2.4386088848114014,,,,
31498,31498,2.428201675415039,,,,
31499,31499,,2.440413236618042,,,
31499,31499,,,0.17116588354110718,179.1949462890625,179.1949462890625
31499,31499,2.440413236618042,,,,
31500,31500,2.4306886196136475,,,,
31501,31501,2.433417558670044,,,,
31502,31502,2.4281792640686035,,,,
31503,31503,2.444413185119629,,,,
31504,31504,2.4341940879821777,,,,
31505,31505,2.4328384399414062,,,,
31506,31506,2.4322102069854736,,,,
31507,31507,2.440434217453003,,,,
31508,31508,2.4372398853302,,,,
31509,31509,,2.4357564449310303,,,
31509,31509,2.4357564449310303,,,,
31510,31510,2.4369723796844482,,,,
31511,31511,2.437054395675659,,,,
31512,31512,2.4386966228485107,,,,
31513,31513,2.4372732639312744,,,,
31514,31514,2.437513828277588,,,,
31515,31515,2.433741807937622,,,,
31516,31516,2.4334049224853516,,,,
31517,31517,2.430119752883911,,,,
31518,31518,2.4334542751312256,,,,
31519,31519,,2.4258108139038086,,,
31519,31519,2.4258108139038086,,,,
31520,31520,2.432420015335083,,,,
31521,31521,2.431272029876709,,,,
31522,31522,2.4351770877838135,,,,
31523,31523,2.4308226108551025,,,,
31524,31524,2.4394514560699463,,,,
31525,31525,2.439168930053711,,,,
31526,31526,2.4335989952087402,,,,
31527,31527,2.42948579788208,,,,
31528,31528,2.433915138244629,,,,
31529,31529,,2.428147077560425,,,
31529,31529,2.428147077560425,,,,
31530,31530,2.4288814067840576,,,,
31531,31531,2.428143262863159,,,,
31532,31532,2.434943437576294,,,,
31533,31533,2.4296813011169434,,,,
31534,31534,2.430633544921875,,,,
31535,31535,2.4336493015289307,,,,
31536,31536,2.4378156661987305,,,,
31537,31537,2.431765556335449,,,,
31538,31538,2.4331531524658203,,,,
31539,31539,,2.4335477352142334,,,
31539,31539,2.4335477352142334,,,,
31540,31540,2.4362471103668213,,,,
31541,31541,2.427762746810913,,,,
31542,31542,2.4352872371673584,,,,
31543,31543,2.4282071590423584,,,,
31544,31544,2.4299750328063965,,,,
31545,31545,2.429011583328247,,,,
31546,31546,2.4288241863250732,,,,
31547,31547,2.428168773651123,,,,
31548,31548,2.4327728748321533,,,,
31549,31549,,2.4379825592041016,,,
31549,31549,2.4379825592041016,,,,
31550,31550,2.4305758476257324,,,,
31551,31551,2.430145263671875,,,,
31552,31552,2.433119535446167,,,,
31553,31553,2.427608013153076,,,,
31554,31554,2.4238879680633545,,,,
31555,31555,2.4221832752227783,,,,
31556,31556,2.4268369674682617,,,,
31557,31557,2.4268136024475098,,,,
31558,31558,2.4264233112335205,,,,
31559,31559,,2.4268579483032227,,,
31559,31559,2.4268579483032227,,,,
31560,31560,2.433215856552124,,,,
31561,31561,2.430375337600708,,,,
31562,31562,2.4259753227233887,,,,
31563,31563,2.4264116287231445,,,,
31564,31564,2.4296188354492188,,,,
31565,31565,2.429173231124878,,,,
31566,31566,2.4251840114593506,,,,
31567,31567,2.426450252532959,,,,
31568,31568,2.4251105785369873,,,,
31569,31569,,2.4291200637817383,,,
31569,31569,2.4291200637817383,,,,
31570,31570,2.4243829250335693,,,,
31571,31571,2.4248547554016113,,,,
31572,31572,2.4298501014709473,,,,
31573,31573,2.427724599838257,,,,
31574,31574,2.425373077392578,,,,
31575,31575,2.4281060695648193,,,,
31576,31576,2.4222395420074463,,,,
31577,31577,2.427203893661499,,,,
31578,31578,2.4225144386291504,,,,
31579,31579,,2.428400993347168,,,
31579,31579,2.428400993347168,,,,
31580,31580,2.4235079288482666,,,,
31581,31581,2.4295542240142822,,,,
31582,31582,2.4263756275177,,,,
31583,31583,2.4327666759490967,,,,
31584,31584,2.425973892211914,,,,
31585,31585,2.427724838256836,,,,
31586,31586,2.428359270095825,,,,
31587,31587,2.4305946826934814,,,,
31588,31588,2.4245102405548096,,,,
31589,31589,,2.428534984588623,,,
31589,31589,2.428534984588623,,,,
31590,31590,2.4290032386779785,,,,
31591,31591,2.428509473800659,,,,
31592,31592,2.4308950901031494,,,,
31593,31593,2.4277446269989014,,,,
31594,31594,2.425340414047241,,,,
31595,31595,2.425421953201294,,,,
31596,31596,2.424067974090576,,,,
31597,31597,2.4257113933563232,,,,
31598,31598,2.42905330657959,,,,
31599,31599,,2.4202003479003906,,,
31599,31599,2.4202003479003906,,,,
31600,31600,2.4212472438812256,,,,
31601,31601,2.423832654953003,,,,
31602,31602,2.426159381866455,,,,
31603,31603,2.422299861907959,,,,
31604,31604,2.42331600189209,,,,
31605,31605,2.4350874423980713,,,,
31606,31606,2.428781509399414,,,,
31607,31607,2.425156593322754,,,,
31608,31608,2.4279327392578125,,,,
31609,31609,,2.4347784519195557,,,
31609,31609,2.4347784519195557,,,,
31610,31610,2.425380229949951,,,,
31611,31611,2.4265811443328857,,,,
31612,31612,2.427888870239258,,,,
31613,31613,2.417564868927002,,,,
31614,31614,2.4157910346984863,,,,
31615,31615,2.419618844985962,,,,
31616,31616,2.426870107650757,,,,
31617,31617,2.422825336456299,,,,
31618,31618,2.4155161380767822,,,,
31619,31619,,2.4255404472351074,,,
31619,31619,2.4255404472351074,,,,
31620,31620,2.4173407554626465,,,,
31621,31621,2.407054901123047,,,,
31622,31622,2.4227395057678223,,,,
31623,31623,2.4145233631134033,,,,
31624,31624,2.41391921043396,,,,
31625,31625,2.424417495727539,,,,
31626,31626,2.4193122386932373,,,,
31627,31627,2.4175662994384766,,,,
31628,31628,2.4288320541381836,,,,
31629,31629,,2.412517786026001,,,
31629,31629,2.412517786026001,,,,
31630,31630,2.414931058883667,,,,
31631,31631,2.421003818511963,,,,
31632,31632,2.4200875759124756,,,,
31633,31633,2.4286067485809326,,,,
31634,31634,2.4190244674682617,,,,
31635,31635,2.418841600418091,,,,
31636,31636,2.4202656745910645,,,,
31637,31637,2.4143226146698,,,,
31638,31638,2.429480791091919,,,,
31639,31639,,2.414971113204956,,,
31639,31639,2.414971113204956,,,,
31640,31640,2.4117071628570557,,,,
31641,31641,2.4280340671539307,,,,
31642,31642,2.412456512451172,,,,
31643,31643,2.4150044918060303,,,,
31644,31644,2.4168388843536377,,,,
31645,31645,2.42101788520813,,,,
31646,31646,2.4154648780822754,,,,
31647,31647,2.4197418689727783,,,,
31648,31648,2.4170665740966797,,,,
31649,31649,,2.4247050285339355,,,
31649,31649,2.4247050285339355,,,,
31650,31650,2.4271082878112793,,,,
31651,31651,2.4188828468322754,,,,
31652,31652,2.4283013343811035,,,,
31653,31653,2.418348550796509,,,,
31654,31654,2.4300153255462646,,,,
31655,31655,2.4111363887786865,,,,
31656,31656,2.412184000015259,,,,
31657,31657,2.435243844985962,,,,
31658,31658,2.4206652641296387,,,,
31659,31659,,2.4083170890808105,,,
31659,31659,2.4083170890808105,,,,
31660,31660,2.424609899520874,,,,
31661,31661,2.409081220626831,,,,
31662,31662,2.407696485519409,,,,
31663,31663,2.4158360958099365,,,,
31664,31664,2.4086873531341553,,,,
31665,31665,2.411404609680176,,,,
31666,31666,2.4096877574920654,,,,
31667,31667,2.4091546535491943,,,,
31668,31668,2.4075121879577637,,,,
31669,31669,,2.418954849243164,,,
31669,31669,2.418954849243164,,,,
31670,31670,2.407742977142334,,,,
31671,31671,2.4039363861083984,,,,
31672,31672,2.4054503440856934,,,,
31673,31673,2.4044103622436523,,,,
31674,31674,2.41011118888855,,,,
31675,31675,2.4085185527801514,,,,
31676,31676,2.4093220233917236,,,,
31677,31677,2.411522626876831,,,,
31678,31678,2.41397762298584,,,,
31679,31679,,2.408125638961792,,,
31679,31679,2.408125638961792,,,,
31680,31680,2.411958694458008,,,,
31681,31681,2.414726495742798,,,,
31682,31682,2.409938097000122,,,,
31683,31683,2.413611650466919,,,,
31684,31684,2.4011080265045166,,,,
31685,31685,2.4060564041137695,,,,
31686,31686,2.4156277179718018,,,,
31687,31687,2.4071044921875,,,,
31688,31688,2.4144127368927,,,,
31689,31689,,2.4148430824279785,,,
31689,31689,2.4148430824279785,,,,
31690,31690,2.410011053085327,,,,
31691,31691,2.423067569732666,,,,
31692,31692,2.409639358520508,,,,
31693,31693,2.410651206970215,,,,
31694,31694,2.424314022064209,,,,
31695,31695,2.4121198654174805,,,,
31696,31696,2.4125428199768066,,,,
31697,31697,2.4261674880981445,,,,
31698,31698,2.4106204509735107,,,,
31699,31699,,2.413635730743408,,,
31699,31699,2.413635730743408,,,,
31700,31700,2.4165704250335693,,,,
31701,31701,2.414315938949585,,,,
31702,31702,2.4163012504577637,,,,
31703,31703,2.417018175125122,,,,
31704,31704,2.415334701538086,,,,
31705,31705,2.408911943435669,,,,
31706,31706,2.4121463298797607,,,,
31707,31707,2.4069223403930664,,,,
31708,31708,2.4142251014709473,,,,
31709,31709,,2.4092187881469727,,,
31709,31709,2.4092187881469727,,,,
31710,31710,2.4091029167175293,,,,
31711,31711,2.4060120582580566,,,,
31712,31712,2.406432867050171,,,,
31713,31713,2.411487102508545,,,,
31714,31714,2.4089150428771973,,,,
31715,31715,2.400521755218506,,,,
31716,31716,2.399747848510742,,,,
31717,31717,2.405073881149292,,,,
31718,31718,2.4044528007507324,,,,
31719,31719,,2.4008469581604004,,,
31719,31719,2.4008469581604004,,,,
31720,31720,2.4041099548339844,,,,
31721,31721,2.4125020503997803,,,,
31722,31722,2.4042367935180664,,,,
31723,31723,2.4005305767059326,,,,
31724,31724,2.4069273471832275,,,,
31725,31725,2.4013798236846924,,,,
31726,31726,2.396078109741211,,,,
31727,31727,2.4043526649475098,,,,
31728,31728,2.4096570014953613,,,,
31729,31729,,2.4075183868408203,,,
31729,31729,2.4075183868408203,,,,
31730,31730,2.4077250957489014,,,,
31731,31731,2.4072349071502686,,,,
31732,31732,2.403557538986206,,,,
31733,31733,2.401366710662842,,,,
31734,31734,2.399616241455078,,,,
31735,31735,2.4000322818756104,,,,
31736,31736,2.4020464420318604,,,,
31737,31737,2.4013290405273438,,,,
31738,31738,2.4017527103424072,,,,
31739,31739,,2.404059648513794,,,
31739,31739,2.404059648513794,,,,
31740,31740,2.4042861461639404,,,,
31741,31741,2.403459072113037,,,,
31742,31742,2.4018685817718506,,,,
31743,31743,2.402466058731079,,,,
31744,31744,2.4018008708953857,,,,
31745,31745,2.4026875495910645,,,,
31746,31746,2.401946783065796,,,,
31747,31747,2.4014768600463867,,,,
31748,31748,2.401402711868286,,,,
31749,31749,,2.403775453567505,,,
31749,31749,2.403775453567505,,,,
31750,31750,2.404046058654785,,,,
31751,31751,2.402353286743164,,,,
31752,31752,2.3995842933654785,,,,
31753,31753,2.4017415046691895,,,,
31754,31754,2.4052677154541016,,,,
31755,31755,2.4019272327423096,,,,
31756,31756,2.3999149799346924,,,,
31757,31757,2.402994394302368,,,,
31758,31758,2.4022603034973145,,,,
31759,31759,,2.39884877204895,,,
31759,31759,2.39884877204895,,,,
31760,31760,2.3979389667510986,,,,
31761,31761,2.3968448638916016,,,,
31762,31762,2.394859790802002,,,,
31763,31763,2.395430088043213,,,,
31764,31764,2.4044713973999023,,,,
31765,31765,2.4135451316833496,,,,
31766,31766,2.397270917892456,,,,
31767,31767,2.4280505180358887,,,,
31768,31768,2.457761526107788,,,,
31769,31769,,2.403310537338257,,,
31769,31769,2.403310537338257,,,,
31770,31770,2.4977283477783203,,,,
31771,31771,2.493009090423584,,,,
31772,31772,2.43932843208313,,,,
31773,31773,2.601961135864258,,,,
31774,31774,2.457463502883911,,,,
31775,31775,2.544382095336914,,,,
31776,31776,2.533140182495117,,,,
31777,31777,2.39788818359375,,,,
31778,31778,2.4959347248077393,,,,
31779,31779,,2.4093475341796875,,,
31779,31779,2.4093475341796875,,,,
31780,31780,2.496464729309082,,,,
31781,31781,2.4219398498535156,,,,
31782,31782,2.468083381652832,,,,
31783,31783,2.420562267303467,,,,
31784,31784,2.4342315196990967,,,,
31785,31785,2.4485607147216797,,,,
31786,31786,2.4300825595855713,,,,
31787,31787,2.4501142501831055,,,,
31788,31788,2.4015414714813232,,,,
31789,31789,,2.4378116130828857,,,
31789,31789,2.4378116130828857,,,,
31790,31790,2.39383602142334,,,,
31791,31791,2.4505720138549805,,,,
31792,31792,2.400949001312256,,,,
31793,31793,2.432466983795166,,,,
31794,31794,2.4006128311157227,,,,
31795,31795,2.4339540004730225,,,,
31796,31796,2.434969902038574,,,,
31797,31797,2.4284021854400635,,,,
31798,31798,2.440131664276123,,,,
31799,31799,,2.3995604515075684,,,
31799,31799,2.3995604515075684,,,,
31800,31800,2.4096977710723877,,,,
31801,31801,2.3948333263397217,,,,
31802,31802,2.4093072414398193,,,,
31803,31803,2.3971352577209473,,,,
31804,31804,2.4036202430725098,,,,
31805,31805,2.403273582458496,,,,
31806,31806,2.3965020179748535,,,,
31807,31807,2.397871494293213,,,,
31808,31808,2.398491621017456,,,,
31809,31809,,2.3991568088531494,,,
31809,31809,2.3991568088531494,,,,
31810,31810,2.3977930545806885,,,,
31811,31811,2.3975343704223633,,,,
31812,31812,2.3968496322631836,,,,
31813,31813,2.405686140060425,,,,
31814,31814,2.398615837097168,,,,
31815,31815,2.400766134262085,,,,
31816,31816,2.402771472930908,,,,
31817,31817,2.3966546058654785,,,,
31818,31818,2.3987843990325928,,,,
31819,31819,,2.3990464210510254,,,
31819,31819,2.3990464210510254,,,,
31820,31820,2.397409677505493,,,,
31821,31821,2.397212266921997,,,,
31822,31822,2.401378631591797,,,,
31823,31823,2.39892578125,,,,
31824,31824,2.401273727416992,,,,
31825,31825,2.400683879852295,,,,
31826,31826,2.4013705253601074,,,,
31827,31827,2.3963563442230225,,,,
31828,31828,2.4032161235809326,,,,
31829,31829,,2.4002199172973633,,,
31829,31829,2.4002199172973633,,,,
31830,31830,2.398054361343384,,,,
31831,31831,2.39935564994812,,,,
31832,31832,2.399075984954834,,,,
31833,31833,2.4000730514526367,,,,
31834,31834,2.4131734371185303,,,,
31835,31835,2.4028964042663574,,,,
31836,31836,2.3996598720550537,,,,
31837,31837,2.4102001190185547,,,,
31838,31838,2.4020590782165527,,,,
31839,31839,,2.398263692855835,,,
31839,31839,2.398263692855835,,,,
31840,31840,2.4011073112487793,,,,
31841,31841,2.4030673503875732,,,,
31842,31842,2.4000754356384277,,,,
31843,31843,2.405548334121704,,,,
31844,31844,2.405705451965332,,,,
31845,31845,2.399137020111084,,,,
31846,31846,2.406489849090576,,,,
31847,31847,2.398850202560425,,,,
31848,31848,2.399630069732666,,,,
31849,31849,,2.404773473739624,,,
31849,31849,2.404773473739624,,,,
31850,31850,2.4012932777404785,,,,
31851,31851,2.3999176025390625,,,,
31852,31852,2.400869607925415,,,,
31853,31853,2.3980445861816406,,,,
31854,31854,2.3981761932373047,,,,
31855,31855,2.3973677158355713,,,,
31856,31856,2.3986639976501465,,,,
31857,31857,2.3963027000427246,,,,
31858,31858,2.4042952060699463,,,,
31859,31859,,2.395876884460449,,,
31859,31859,2.395876884460449,,,,
31860,31860,2.399003267288208,,,,
31861,31861,2.4324464797973633,,,,
31862,31862,2.418426990509033,,,,
31863,31863,2.398850917816162,,,,
31864,31864,2.4566447734832764,,,,
31865,31865,2.403383731842041,,,,
31866,31866,2.4152016639709473,,,,
31867,31867,2.4035112857818604,,,,
31868,31868,2.4047529697418213,,,,
31869,31869,,2.396143913269043,,,
31869,31869,2.396143913269043,,,,
31870,31870,2.393369436264038,,,,
31871,31871,2.430129051208496,,,,
31872,31872,2.39367413520813,,,,
31873,31873,2.395967960357666,,,,
31874,31874,2.4313840866088867,,,,
31875,31875,2.402387857437134,,,,
31876,31876,2.399966239929199,,,,
31877,31877,2.4568450450897217,,,,
31878,31878,2.4092857837677,,,,
31879,31879,,2.4077048301696777,,,
31879,31879,2.4077048301696777,,,,
31880,31880,2.406320810317993,,,,
31881,31881,2.403090238571167,,,,
31882,31882,2.405914306640625,,,,
31883,31883,2.396423816680908,,,,
31884,31884,2.443948745727539,,,,
31885,31885,2.3956613540649414,,,,
31886,31886,2.4099960327148438,,,,
31887,31887,2.412224054336548,,,,
31888,31888,2.390838623046875,,,,
31889,31889,,2.392221689224243,,,
31889,31889,2.392221689224243,,,,
31890,31890,2.3893489837646484,,,,
31891,31891,2.3980724811553955,,,,
31892,31892,2.3869564533233643,,,,
31893,31893,2.390162706375122,,,,
31894,31894,2.408590793609619,,,,
31895,31895,2.391387462615967,,,,
31896,31896,2.391103506088257,,,,
31897,31897,2.3977084159851074,,,,
31898,31898,2.3844387531280518,,,,
31899,31899,,2.3918333053588867,,,
31899,31899,2.3918333053588867,,,,
31900,31900,2.396383762359619,,,,
31901,31901,2.384889602661133,,,,
31902,31902,2.3923490047454834,,,,
31903,31903,2.3969228267669678,,,,
31904,31904,2.3834550380706787,,,,
31905,31905,2.3883044719696045,,,,
31906,31906,2.3938047885894775,,,,
31907,31907,2.3846373558044434,,,,
31908,31908,2.3921151161193848,,,,
31909,31909,,2.385336399078369,,,
31909,31909,2.385336399078369,,,,
31910,31910,2.384896993637085,,,,
31911,31911,2.3964030742645264,,,,
31912,31912,2.384946823120117,,,,
31913,31913,2.415236473083496,,,,
31914,31914,2.3954219818115234,,,,
31915,31915,2.3897342681884766,,,,
31916,31916,2.41597318649292,,,,
31917,31917,2.3854525089263916,,,,
31918,31918,2.3961777687072754,,,,
31919,31919,,2.386418581008911,,,
31919,31919,2.386418581008911,,,,
31920,31920,2.3834757804870605,,,,
31921,31921,2.3966379165649414,,,,
31922,31922,2.3842875957489014,,,,
31923,31923,2.3908586502075195,,,,
31924,31924,2.3894100189208984,,,,
31925,31925,2.380523920059204,,,,
31926,31926,2.3920650482177734,,,,
31927,31927,2.3802807331085205,,,,
31928,31928,2.3784546852111816,,,,
31929,31929,,2.3915834426879883,,,
31929,31929,2.3915834426879883,,,,
31930,31930,2.378700017929077,,,,
31931,31931,2.3837668895721436,,,,
31932,31932,2.3855020999908447,,,,
31933,31933,2.3849198818206787,,,,
31934,31934,2.385432243347168,,,,
31935,31935,2.3829498291015625,,,,
31936,31936,2.3771328926086426,,,,
31937,31937,2.3761775493621826,,,,
31938,31938,2.372364044189453,,,,
31939,31939,,2.370968818664551,,,
31939,31939,2.370968818664551,,,,
31940,31940,2.3748385906219482,,,,
31941,31941,2.375580072402954,,,,
31942,31942,2.3698172569274902,,,,
31943,31943,2.3758153915405273,,,,
31944,31944,2.373319149017334,,,,
31945,31945,2.3743040561676025,,,,
31946,31946,2.375448226928711,,,,
31947,31947,2.374384880065918,,,,
31948,31948,2.374763011932373,,,,
31949,31949,,2.371472120285034,,,
31949,31949,2.371472120285034,,,,
31950,31950,2.3772482872009277,,,,
31951,31951,2.370570182800293,,,,
31952,31952,2.370532274246216,,,,
31953,31953,2.370946168899536,,,,
31954,31954,2.3770346641540527,,,,
31955,31955,2.3731539249420166,,,,
31956,31956,2.375779628753662,,,,
31957,31957,2.3764662742614746,,,,
31958,31958,2.3712480068206787,,,,
31959,31959,,2.3745617866516113,,,
31959,31959,2.3745617866516113,,,,
31960,31960,2.37385892868042,,,,
31961,31961,2.3732147216796875,,,,
31962,31962,2.3704421520233154,,,,
31963,31963,2.3730313777923584,,,,
31964,31964,2.37506103515625,,,,
31965,31965,2.369504928588867,,,,
31966,31966,2.3752527236938477,,,,
31967,31967,2.375385284423828,,,,
31968,31968,2.373832941055298,,,,
31969,31969,,2.383727550506592,,,
31969,31969,2.383727550506592,,,,
31970,31970,2.3823401927948,,,,
31971,31971,2.3679027557373047,,,,
31972,31972,2.3899853229522705,,,,
31973,31973,2.387040138244629,,,,
31974,31974,2.3693161010742188,,,,
31975,31975,2.387197732925415,,,,
31976,31976,2.3831708431243896,,,,
31977,31977,2.3688101768493652,,,,
31978,31978,2.4062259197235107,,,,
31979,31979,,2.386603832244873,,,
31979,31979,2.386603832244873,,,,
31980,31980,2.369070291519165,,,,
31981,31981,2.415432929992676,,,,
31982,31982,2.3826167583465576,,,,
31983,31983,2.369406223297119,,,,
31984,31984,2.413877010345459,,,,
31985,31985,2.374206781387329,,,,
31986,31986,2.3748607635498047,,,,
31987,31987,2.4114131927490234,,,,
31988,31988,2.3748390674591064,,,,
31989,31989,,2.373814105987549,,,
31989,31989,2.373814105987549,,,,
31990,31990,2.409245252609253,,,,
31991,31991,2.3785858154296875,,,,
31992,31992,2.3718528747558594,,,,
31993,31993,2.413808822631836,,,,
31994,31994,2.3884193897247314,,,,
31995,31995,2.3677847385406494,,,,
31996,31996,2.418205499649048,,,,
31997,31997,2.380612850189209,,,,
31998,31998,2.3729805946350098,,,,
31999,31999,,2.4231045246124268,,,
31999,31999,,,0.17010851204395294,176.98785400390625,176.98785400390625
31999,31999,2.4231045246124268,,,,
32000,32000,2.378157615661621,,,,
32001,32001,2.377140760421753,,,,
32002,32002,2.4228713512420654,,,,
32003,32003,2.3747613430023193,,,,
32004,32004,2.374399423599243,,,,
32005,32005,2.421671152114868,,,,
32006,32006,2.3709964752197266,,,,
32007,32007,2.375077724456787,,,,
32008,32008,2.4233500957489014,,,,
32009,32009,,2.3918282985687256,,,
32009,32009,2.3918282985687256,,,,
32010,32010,2.386382579803467,,,,
32011,32011,2.426382303237915,,,,
32012,32012,2.3830549716949463,,,,
32013,32013,2.3781869411468506,,,,
32014,32014,2.4222395420074463,,,,
32015,32015,2.3732810020446777,,,,
32016,32016,2.3713619709014893,,,,
32017,32017,2.41271710395813,,,,
32018,32018,2.3728952407836914,,,,
32019,32019,,2.371037244796753,,,
32019,32019,2.371037244796753,,,,
32020,32020,2.4158806800842285,,,,
32021,32021,2.373436450958252,,,,
32022,32022,2.3710594177246094,,,,
32023,32023,2.4100310802459717,,,,
32024,32024,2.4038078784942627,,,,
32025,32025,2.3819308280944824,,,,
32026,32026,2.4080610275268555,,,,
32027,32027,2.4069721698760986,,,,
32028,32028,2.377615451812744,,,,
32029,32029,,2.394562244415283,,,
32029,32029,2.394562244415283,,,,
32030,32030,2.4031927585601807,,,,
32031,32031,2.3791251182556152,,,,
32032,32032,2.400996446609497,,,,
32033,32033,2.4020156860351562,,,,
32034,32034,2.3802552223205566,,,,
32035,32035,2.4043612480163574,,,,
32036,32036,2.396545171737671,,,,
32037,32037,2.396787166595459,,,,
32038,32038,2.3971550464630127,,,,
32039,32039,,2.397167682647705,,,
32039,32039,2.397167682647705,,,,
32040,32040,2.374807357788086,,,,
32041,32041,2.3977103233337402,,,,
32042,32042,2.3971354961395264,,,,
32043,32043,2.4025306701660156,,,,
32044,32044,2.3993782997131348,,,,
32045,32045,2.3986074924468994,,,,
32046,32046,2.397414445877075,,,,
32047,32047,2.397844076156616,,,,
32048,32048,2.39433217048645,,,,
32049,32049,,2.394655227661133,,,
32049,32049,2.394655227661133,,,,
32050,32050,2.3936538696289062,,,,
32051,32051,2.3959145545959473,,,,
32052,32052,2.3965494632720947,,,,
32053,32053,2.3950893878936768,,,,
32054,32054,2.399181604385376,,,,
32055,32055,2.4010350704193115,,,,
32056,32056,2.394395351409912,,,,
32057,32057,2.397650957107544,,,,
32058,32058,2.396008253097534,,,,
32059,32059,,2.3977715969085693,,,
32059,32059,2.3977715969085693,,,,
32060,32060,2.405190944671631,,,,
32061,32061,2.4109272956848145,,,,
32062,32062,2.3936915397644043,,,,
32063,32063,2.3834266662597656,,,,
32064,32064,2.4101336002349854,,,,
32065,32065,2.396209716796875,,,,
32066,32066,2.3877532482147217,,,,
32067,32067,2.4088566303253174,,,,
32068,32068,2.39088773727417,,,,
32069,32069,,2.3893508911132812,,,
32069,32069,2.3893508911132812,,,,
32070,32070,2.4046638011932373,,,,
32071,32071,2.3919825553894043,,,,
32072,32072,2.3952443599700928,,,,
32073,32073,2.396972179412842,,,,
32074,32074,2.4001660346984863,,,,
32075,32075,2.386889696121216,,,,
32076,32076,2.3963894844055176,,,,
32077,32077,2.392878293991089,,,,
32078,32078,2.39693546295166,,,,
32079,32079,,2.3983383178710938,,,
32079,32079,2.3983383178710938,,,,
32080,32080,2.3939998149871826,,,,
32081,32081,2.3945603370666504,,,,
32082,32082,2.39223051071167,,,,
32083,32083,2.394310712814331,,,,
32084,32084,2.3939764499664307,,,,
32085,32085,2.3943185806274414,,,,
32086,32086,2.3939530849456787,,,,
32087,32087,2.392589807510376,,,,
32088,32088,2.395426034927368,,,,
32089,32089,,2.3914284706115723,,,
32089,32089,2.3914284706115723,,,,
32090,32090,2.3903603553771973,,,,
32091,32091,2.4031126499176025,,,,
32092,32092,2.392608404159546,,,,
32093,32093,2.390104055404663,,,,
32094,32094,2.3967206478118896,,,,
32095,32095,2.3919601440429688,,,,
32096,32096,2.398014545440674,,,,
32097,32097,2.3996565341949463,,,,
32098,32098,2.3872578144073486,,,,
32099,32099,,2.39197039604187,,,
32099,32099,2.39197039604187,,,,
32100,32100,2.414383888244629,,,,
32101,32101,2.404275417327881,,,,
32102,32102,2.395476818084717,,,,
32103,32103,2.4128215312957764,,,,
32104,32104,2.4141039848327637,,,,
32105,32105,2.3963608741760254,,,,
32106,32106,2.4061591625213623,,,,
32107,32107,2.40674090385437,,,,
32108,32108,2.3930790424346924,,,,
32109,32109,,2.4108293056488037,,,
32109,32109,2.4108293056488037,,,,
32110,32110,2.4156339168548584,,,,
32111,32111,2.396880865097046,,,,
32112,32112,2.415898084640503,,,,
32113,32113,2.4253082275390625,,,,
32114,32114,2.394725799560547,,,,
32115,32115,2.408324718475342,,,,
32116,32116,2.400885820388794,,,,
32117,32117,2.3960723876953125,,,,
32118,32118,2.4204530715942383,,,,
32119,32119,,2.4104537963867188,,,
32119,32119,2.4104537963867188,,,,
32120,32120,2.406322956085205,,,,
32121,32121,2.4188551902770996,,,,
32122,32122,2.3907151222229004,,,,
32123,32123,2.405245780944824,,,,
32124,32124,2.4310572147369385,,,,
32125,32125,2.397998094558716,,,,
32126,32126,2.4224109649658203,,,,
32127,32127,2.4240951538085938,,,,
32128,32128,2.389469623565674,,,,
32129,32129,,2.406120777130127,,,
32129,32129,2.406120777130127,,,,
32130,32130,2.3998799324035645,,,,
32131,32131,2.399817943572998,,,,
32132,32132,2.412931203842163,,,,
32133,32133,2.4005963802337646,,,,
32134,32134,2.3973965644836426,,,,
32135,32135,2.406811475753784,,,,
32136,32136,2.3960745334625244,,,,
32137,32137,2.402085304260254,,,,
32138,32138,2.3955821990966797,,,,
32139,32139,,2.3929197788238525,,,
32139,32139,2.3929197788238525,,,,
32140,32140,2.3965213298797607,,,,
32141,32141,2.396820545196533,,,,
32142,32142,2.3877861499786377,,,,
32143,32143,2.3911516666412354,,,,
32144,32144,2.3949975967407227,,,,
32145,32145,2.3868491649627686,,,,
32146,32146,2.3916690349578857,,,,
32147,32147,2.3954155445098877,,,,
32148,32148,2.3867008686065674,,,,
32149,32149,,2.3894128799438477,,,
32149,32149,2.3894128799438477,,,,
32150,32150,2.3884856700897217,,,,
32151,32151,2.387174606323242,,,,
32152,32152,2.38371205329895,,,,
32153,32153,2.385404586791992,,,,
32154,32154,2.3877296447753906,,,,
32155,32155,2.3846662044525146,,,,
32156,32156,2.3862390518188477,,,,
32157,32157,2.384082794189453,,,,
32158,32158,2.3852343559265137,,,,
32159,32159,,2.383639335632324,,,
32159,32159,2.383639335632324,,,,
32160,32160,2.382338523864746,,,,
32161,32161,2.383937120437622,,,,
32162,32162,2.3827648162841797,,,,
32163,32163,2.3854029178619385,,,,
32164,32164,2.3836982250213623,,,,
32165,32165,2.382716178894043,,,,
32166,32166,2.384430408477783,,,,
32167,32167,2.3810267448425293,,,,
32168,32168,2.385913133621216,,,,
32169,32169,,2.3845932483673096,,,
32169,32169,2.3845932483673096,,,,
32170,32170,2.383201837539673,,,,
32171,32171,2.383209228515625,,,,
32172,32172,2.3815176486968994,,,,
32173,32173,2.3822021484375,,,,
32174,32174,2.381885051727295,,,,
32175,32175,2.381600856781006,,,,
32176,32176,2.3815879821777344,,,,
32177,32177,2.381422758102417,,,,
32178,32178,2.3799374103546143,,,,
32179,32179,,2.3775548934936523,,,
32179,32179,2.3775548934936523,,,,
32180,32180,2.3846347332000732,,,,
32181,32181,2.3783669471740723,,,,
32182,32182,2.383226156234741,,,,
32183,32183,2.380389928817749,,,,
32184,32184,2.3849096298217773,,,,
32185,32185,2.3901710510253906,,,,
32186,32186,2.3836894035339355,,,,
32187,32187,2.393993616104126,,,,
32188,32188,2.384491443634033,,,,
32189,32189,,2.3793559074401855,,,
32189,32189,2.3793559074401855,,,,
32190,32190,2.3889777660369873,,,,
32191,32191,2.3792355060577393,,,,
32192,32192,2.3805887699127197,,,,
32193,32193,2.3863725662231445,,,,
32194,32194,2.3786258697509766,,,,
32195,32195,2.379793882369995,,,,
32196,32196,2.3836779594421387,,,,
32197,32197,2.380439519882202,,,,
32198,32198,2.3827731609344482,,,,
32199,32199,,2.3810296058654785,,,
32199,32199,2.3810296058654785,,,,
32200,32200,2.3863422870635986,,,,
32201,32201,2.3798365592956543,,,,
32202,32202,2.3793039321899414,,,,
32203,32203,2.3771090507507324,,,,
32204,32204,2.3742430210113525,,,,
32205,32205,2.375555992126465,,,,
32206,32206,2.3825721740722656,,,,
32207,32207,2.380323886871338,,,,
32208,32208,2.378939628601074,,,,
32209,32209,,2.3782787322998047,,,
32209,32209,2.3782787322998047,,,,
32210,32210,2.3795855045318604,,,,
32211,32211,2.3781895637512207,,,,
32212,32212,2.377265691757202,,,,
32213,32213,2.3759467601776123,,,,
32214,32214,2.3785719871520996,,,,
32215,32215,2.380567789077759,,,,
32216,32216,2.378296375274658,,,,
32217,32217,2.379610300064087,,,,
32218,32218,2.375157594680786,,,,
32219,32219,,2.3794915676116943,,,
32219,32219,2.3794915676116943,,,,
32220,32220,2.3778183460235596,,,,
32221,32221,2.3755557537078857,,,,
32222,32222,2.381838083267212,,,,
32223,32223,2.376779794692993,,,,
32224,32224,2.3765623569488525,,,,
32225,32225,2.37689471244812,,,,
32226,32226,2.376598834991455,,,,
32227,32227,2.3744049072265625,,,,
32228,32228,2.380646228790283,,,,
32229,32229,,2.375401735305786,,,
32229,32229,2.375401735305786,,,,
32230,32230,2.376791477203369,,,,
32231,32231,2.3771402835845947,,,,
32232,32232,2.37457537651062,,,,
32233,32233,2.373947858810425,,,,
32234,32234,2.372962713241577,,,,
32235,32235,2.3756422996520996,,,,
32236,32236,2.3760569095611572,,,,
32237,32237,2.375847339630127,,,,
32238,32238,2.3742623329162598,,,,
32239,32239,,2.3754897117614746,,,
32239,32239,2.3754897117614746,,,,
32240,32240,2.375828981399536,,,,
32241,32241,2.3804004192352295,,,,
32242,32242,2.377593517303467,,,,
32243,32243,2.379312753677368,,,,
32244,32244,2.3855204582214355,,,,
32245,32245,2.378838300704956,,,,
32246,32246,2.3787577152252197,,,,
32247,32247,2.38181471824646,,,,
32248,32248,2.3804314136505127,,,,
32249,32249,,2.380197525024414,,,
32249,32249,2.380197525024414,,,,
32250,32250,2.379446268081665,,,,
32251,32251,2.380063533782959,,,,
32252,32252,2.379659652709961,,,,
32253,32253,2.3813376426696777,,,,
32254,32254,2.3781211376190186,,,,
32255,32255,2.3786377906799316,,,,
32256,32256,2.37408185005188,,,,
32257,32257,2.3779821395874023,,,,
32258,32258,2.3793203830718994,,,,
32259,32259,,2.3790712356567383,,,
32259,32259,2.3790712356567383,,,,
32260,32260,2.372103214263916,,,,
32261,32261,2.3740217685699463,,,,
32262,32262,2.3832080364227295,,,,
32263,32263,2.3793208599090576,,,,
32264,32264,2.3779540061950684,,,,
32265,32265,2.375687599182129,,,,
32266,32266,2.3840577602386475,,,,
32267,32267,2.37390398979187,,,,
32268,32268,2.3765487670898438,,,,
32269,32269,,2.3746349811553955,,,
32269,32269,2.3746349811553955,,,,
32270,32270,2.3792500495910645,,,,
32271,32271,2.3760907649993896,,,,
32272,32272,2.378657817840576,,,,
32273,32273,2.3765149116516113,,,,
32274,32274,2.3876793384552,,,,
32275,32275,2.3738341331481934,,,,
32276,32276,2.3746254444122314,,,,
32277,32277,2.3851675987243652,,,,
32278,32278,2.373903512954712,,,,
32279,32279,,2.3726966381073,,,
32279,32279,2.3726966381073,,,,
32280,32280,2.3791425228118896,,,,
32281,32281,2.3774826526641846,,,,
32282,32282,2.375322103500366,,,,
32283,32283,2.3759326934814453,,,,
32284,32284,2.3766441345214844,,,,
32285,32285,2.3753204345703125,,,,
32286,32286,2.372161388397217,,,,
32287,32287,2.3718111515045166,,,,
32288,32288,2.370445489883423,,,,
32289,32289,,2.3753976821899414,,,
32289,32289,2.3753976821899414,,,,
32290,32290,2.3687546253204346,,,,
32291,32291,2.3705711364746094,,,,
32292,32292,2.3692104816436768,,,,
32293,32293,2.3742690086364746,,,,
32294,32294,2.373387098312378,,,,
32295,32295,2.3668107986450195,,,,
32296,32296,2.3678689002990723,,,,
32297,32297,2.3671200275421143,,,,
32298,32298,2.3675053119659424,,,,
32299,32299,,2.3697006702423096,,,
32299,32299,2.3697006702423096,,,,
32300,32300,2.364751100540161,,,,
32301,32301,2.3614494800567627,,,,
32302,32302,2.3662607669830322,,,,
32303,32303,2.36142635345459,,,,
32304,32304,2.365649700164795,,,,
32305,32305,2.3642683029174805,,,,
32306,32306,2.36506724357605,,,,
32307,32307,2.361929416656494,,,,
32308,32308,2.3688783645629883,,,,
32309,32309,,2.3710594177246094,,,
32309,32309,2.3710594177246094,,,,
32310,32310,2.360720157623291,,,,
32311,32311,2.366011142730713,,,,
32312,32312,2.375246286392212,,,,
32313,32313,2.395480155944824,,,,
32314,32314,2.3707761764526367,,,,
32315,32315,2.3857102394104004,,,,
32316,32316,2.4045724868774414,,,,
32317,32317,2.366929769515991,,,,
32318,32318,2.3772284984588623,,,,
32319,32319,,2.4052467346191406,,,
32319,32319,2.4052467346191406,,,,
32320,32320,2.378878116607666,,,,
32321,32321,2.370405673980713,,,,
32322,32322,2.381535291671753,,,,
32323,32323,2.3683762550354004,,,,
32324,32324,2.3680317401885986,,,,
32325,32325,2.3841240406036377,,,,
32326,32326,2.359499454498291,,,,
32327,32327,2.371879816055298,,,,
32328,32328,2.3844757080078125,,,,
32329,32329,,2.359210729598999,,,
32329,32329,2.359210729598999,,,,
32330,32330,2.371272325515747,,,,
32331,32331,2.3635008335113525,,,,
32332,32332,2.3663973808288574,,,,
32333,32333,2.3657238483428955,,,,
32334,32334,2.3603663444519043,,,,
32335,32335,2.358142375946045,,,,
32336,32336,2.366077184677124,,,,
32337,32337,2.3642570972442627,,,,
32338,32338,2.36366605758667,,,,
32339,32339,,2.359255790710449,,,
32339,32339,2.359255790710449,,,,
32340,32340,2.3591747283935547,,,,
32341,32341,2.361088514328003,,,,
32342,32342,2.3629422187805176,,,,
32343,32343,2.3623666763305664,,,,
32344,32344,2.3643035888671875,,,,
32345,32345,2.359485387802124,,,,
32346,32346,2.3694450855255127,,,,
32347,32347,2.361384630203247,,,,
32348,32348,2.359551191329956,,,,
32349,32349,,2.3604092597961426,,,
32349,32349,2.3604092597961426,,,,
32350,32350,2.3586769104003906,,,,
32351,32351,2.3582615852355957,,,,
32352,32352,2.3629162311553955,,,,
32353,32353,2.360917806625366,,,,
32354,32354,2.362969160079956,,,,
32355,32355,2.356908082962036,,,,
32356,32356,2.355060338973999,,,,
32357,32357,2.3611016273498535,,,,
32358,32358,2.3526432514190674,,,,
32359,32359,,2.3542449474334717,,,
32359,32359,2.3542449474334717,,,,
32360,32360,2.358898639678955,,,,
32361,32361,2.359687566757202,,,,
32362,32362,2.357930898666382,,,,
32363,32363,2.3704683780670166,,,,
32364,32364,2.3544650077819824,,,,
32365,32365,2.355961561203003,,,,
32366,32366,2.353658676147461,,,,
32367,32367,2.359591007232666,,,,
32368,32368,2.3584437370300293,,,,
32369,32369,,2.3547847270965576,,,
32369,32369,2.3547847270965576,,,,
32370,32370,2.35186505317688,,,,
32371,32371,2.3531014919281006,,,,
32372,32372,2.356722831726074,,,,
32373,32373,2.3542256355285645,,,,
32374,32374,2.360950231552124,,,,
32375,32375,2.358212471008301,,,,
32376,32376,2.3579206466674805,,,,
32377,32377,2.363612413406372,,,,
32378,32378,2.3537864685058594,,,,
32379,32379,,2.355304479598999,,,
32379,32379,2.355304479598999,,,,
32380,32380,2.3595330715179443,,,,
32381,32381,2.351977825164795,,,,
32382,32382,2.3528473377227783,,,,
32383,32383,2.351346969604492,,,,
32384,32384,2.3437082767486572,,,,
32385,32385,2.3483338356018066,,,,
32386,32386,2.3459689617156982,,,,
32387,32387,2.3438405990600586,,,,
32388,32388,2.3530688285827637,,,,
32389,32389,,2.3463492393493652,,,
32389,32389,2.3463492393493652,,,,
32390,32390,2.3461084365844727,,,,
32391,32391,2.3440051078796387,,,,
32392,32392,2.3527889251708984,,,,
32393,32393,2.352806329727173,,,,
32394,32394,2.350583791732788,,,,
32395,32395,2.3500094413757324,,,,
32396,32396,2.3481030464172363,,,,
32397,32397,2.345064878463745,,,,
32398,32398,2.347123861312866,,,,
32399,32399,,2.345491886138916,,,
32399,32399,2.345491886138916,,,,
32400,32400,2.344877243041992,,,,
32401,32401,2.3418829441070557,,,,
32402,32402,2.3431732654571533,,,,
32403,32403,2.3461151123046875,,,,
32404,32404,2.343367099761963,,,,
32405,32405,2.3454275131225586,,,,
32406,32406,2.3687803745269775,,,,
32407,32407,2.3519339561462402,,,,
32408,32408,2.3422999382019043,,,,
32409,32409,,2.3633131980895996,,,
32409,32409,2.3633131980895996,,,,
32410,32410,2.3506383895874023,,,,
32411,32411,2.3404040336608887,,,,
32412,32412,2.3661513328552246,,,,
32413,32413,2.3516507148742676,,,,
32414,32414,2.3408749103546143,,,,
32415,32415,2.3614931106567383,,,,
32416,32416,2.358753204345703,,,,
32417,32417,2.3696224689483643,,,,
32418,32418,2.3397929668426514,,,,
32419,32419,,2.342644214630127,,,
32419,32419,2.342644214630127,,,,
32420,32420,2.339675188064575,,,,
32421,32421,2.3603429794311523,,,,
32422,32422,2.3548941612243652,,,,
32423,32423,2.381901979446411,,,,
32424,32424,2.3400866985321045,,,,
32425,32425,2.339948892593384,,,,
32426,32426,2.373615264892578,,,,
32427,32427,2.3384602069854736,,,,
32428,32428,2.336876392364502,,,,
32429,32429,,2.377915859222412,,,
32429,32429,2.377915859222412,,,,
32430,32430,2.3493597507476807,,,,
32431,32431,2.3543200492858887,,,,
32432,32432,2.3344919681549072,,,,
32433,32433,2.333747386932373,,,,
32434,32434,2.341444730758667,,,,
32435,32435,2.340332269668579,,,,
32436,32436,2.3403565883636475,,,,
32437,32437,2.341108560562134,,,,
32438,32438,2.3380544185638428,,,,
32439,32439,,2.3404221534729004,,,
32439,32439,2.3404221534729004,,,,
32440,32440,2.3399267196655273,,,,
32441,32441,2.338263750076294,,,,
32442,32442,2.338693618774414,,,,
32443,32443,2.3403337001800537,,,,
32444,32444,2.3399665355682373,,,,
32445,32445,2.3398776054382324,,,,
32446,32446,2.3576302528381348,,,,
32447,32447,2.3403725624084473,,,,
32448,32448,2.3458666801452637,,,,
32449,32449,,2.358731746673584,,,
32449,32449,2.358731746673584,,,,
32450,32450,2.35798978805542,,,,
32451,32451,2.34359073638916,,,,
32452,32452,2.3582804203033447,,,,
32453,32453,2.359504222869873,,,,
32454,32454,2.345640182495117,,,,
32455,32455,2.3576581478118896,,,,
32456,32456,2.3567988872528076,,,,
32457,32457,2.3407678604125977,,,,
32458,32458,2.3545351028442383,,,,
32459,32459,,2.3545949459075928,,,
32459,32459,2.3545949459075928,,,,
32460,32460,2.3428211212158203,,,,
32461,32461,2.338881731033325,,,,
32462,32462,2.3845889568328857,,,,
32463,32463,2.3787691593170166,,,,
32464,32464,2.4280242919921875,,,,
32465,32465,2.3647801876068115,,,,
32466,32466,2.3859519958496094,,,,
32467,32467,2.3410472869873047,,,,
32468,32468,2.351685047149658,,,,
32469,32469,,2.3492515087127686,,,
32469,32469,2.3492515087127686,,,,
32470,32470,2.335865020751953,,,,
32471,32471,2.346029043197632,,,,
32472,32472,2.346217632293701,,,,
32473,32473,2.333778142929077,,,,
32474,32474,2.3442091941833496,,,,
32475,32475,2.3433990478515625,,,,
32476,32476,2.3341901302337646,,,,
32477,32477,2.345921039581299,,,,
32478,32478,2.3478970527648926,,,,
32479,32479,,2.331685781478882,,,
32479,32479,2.331685781478882,,,,
32480,32480,2.334695816040039,,,,
32481,32481,2.347069263458252,,,,
32482,32482,2.336923599243164,,,,
32483,32483,2.341242551803589,,,,
32484,32484,2.3303792476654053,,,,
32485,32485,2.334143877029419,,,,
32486,32486,2.371345281600952,,,,
32487,32487,2.3477838039398193,,,,
32488,32488,2.3908116817474365,,,,
32489,32489,,2.360826253890991,,,
32489,32489,2.360826253890991,,,,
32490,32490,2.4033138751983643,,,,
32491,32491,2.3401498794555664,,,,
32492,32492,2.3283936977386475,,,,
32493,32493,2.3628711700439453,,,,
32494,32494,2.3409039974212646,,,,
32495,32495,2.3794355392456055,,,,
32496,32496,2.336660623550415,,,,
32497,32497,2.3312246799468994,,,,
32498,32498,2.353412628173828,,,,
32499,32499,,2.338306427001953,,,
32499,32499,,,0.1688002645969391,174.2760009765625,174.2760009765625
32499,32499,2.338306427001953,,,,
32500,32500,2.366909980773926,,,,
32501,32501,2.3383853435516357,,,,
32502,32502,2.3651070594787598,,,,
32503,32503,2.3352911472320557,,,,
32504,32504,2.3488502502441406,,,,
32505,32505,2.342690944671631,,,,
32506,32506,2.332237482070923,,,,
32507,32507,2.329824447631836,,,,
32508,32508,2.3623745441436768,,,,
32509,32509,,2.3474957942962646,,,
32509,32509,2.3474957942962646,,,,
32510,32510,2.3982443809509277,,,,
32511,32511,2.3800652027130127,,,,
32512,32512,2.3889265060424805,,,,
32513,32513,2.3312926292419434,,,,
32514,32514,2.3716838359832764,,,,
32515,32515,2.4858169555664062,,,,
32516,32516,2.405247449874878,,,,
32517,32517,2.3411173820495605,,,,
32518,32518,2.4055233001708984,,,,
32519,32519,,2.4061403274536133,,,
32519,32519,2.4061403274536133,,,,
32520,32520,2.4123871326446533,,,,
32521,32521,2.325239419937134,,,,
32522,32522,2.3899621963500977,,,,
32523,32523,2.5515191555023193,,,,
32524,32524,2.4143311977386475,,,,
32525,32525,2.3674747943878174,,,,
32526,32526,2.401287317276001,,,,
32527,32527,2.43019962310791,,,,
32528,32528,2.449402332305908,,,,
32529,32529,,2.344723701477051,,,
32529,32529,2.344723701477051,,,,
32530,32530,2.4515886306762695,,,,
32531,32531,2.6169655323028564,,,,
32532,32532,2.3541183471679688,,,,
32533,32533,2.3914389610290527,,,,
32534,32534,2.6009933948516846,,,,
32535,32535,2.3588457107543945,,,,
32536,32536,2.3922781944274902,,,,
32537,32537,2.5581371784210205,,,,
32538,32538,2.3334197998046875,,,,
32539,32539,,2.453648328781128,,,
32539,32539,2.453648328781128,,,,
32540,32540,2.57905912399292,,,,
32541,32541,2.343989610671997,,,,
32542,32542,2.6237239837646484,,,,
32543,32543,2.8791418075561523,,,,
32544,32544,2.354229211807251,,,,
32545,32545,2.909309148788452,,,,
32546,32546,2.9529874324798584,,,,
32547,32547,2.6117007732391357,,,,
32548,32548,2.9445841312408447,,,,
32549,32549,,2.4056739807128906,,,
32549,32549,2.4056739807128906,,,,
32550,32550,2.808549165725708,,,,
32551,32551,2.3849589824676514,,,,
32552,32552,2.7762091159820557,,,,
32553,32553,2.4847495555877686,,,,
32554,32554,2.727957010269165,,,,
32555,32555,2.395751953125,,,,
32556,32556,2.6809468269348145,,,,
32557,32557,2.5826292037963867,,,,
32558,32558,2.655869960784912,,,,
32559,32559,,2.474921941757202,,,
32559,32559,2.474921941757202,,,,
32560,32560,2.4649908542633057,,,,
32561,32561,2.608490467071533,,,,
32562,32562,2.5017998218536377,,,,
32563,32563,2.513547658920288,,,,
32564,32564,2.3612353801727295,,,,
32565,32565,2.4869778156280518,,,,
32566,32566,2.4203848838806152,,,,
32567,32567,2.433422565460205,,,,
32568,32568,2.3524813652038574,,,,
32569,32569,,2.4362361431121826,,,
32569,32569,2.4362361431121826,,,,
32570,32570,2.3744025230407715,,,,
32571,32571,2.3872251510620117,,,,
32572,32572,2.339845657348633,,,,
32573,32573,2.404364824295044,,,,
32574,32574,2.3574769496917725,,,,
32575,32575,2.38372540473938,,,,
32576,32576,2.3070425987243652,,,,
32577,32577,2.397808074951172,,,,
32578,32578,2.3335320949554443,,,,
32579,32579,,2.3730955123901367,,,
32579,32579,2.3730955123901367,,,,
32580,32580,2.323862314224243,,,,
32581,32581,2.355837106704712,,,,
32582,32582,2.3275277614593506,,,,
32583,32583,2.3414151668548584,,,,
32584,32584,2.3101837635040283,,,,
32585,32585,2.350578546524048,,,,
32586,32586,2.3272018432617188,,,,
32587,32587,2.33673357963562,,,,
32588,32588,2.3153388500213623,,,,
32589,32589,,2.3469972610473633,,,
32589,32589,2.3469972610473633,,,,
32590,32590,2.326484203338623,,,,
32591,32591,2.3434786796569824,,,,
32592,32592,2.308454751968384,,,,
32593,32593,2.3509624004364014,,,,
32594,32594,2.3278186321258545,,,,
32595,32595,2.363975763320923,,,,
32596,32596,2.3239362239837646,,,,
32597,32597,2.341489315032959,,,,
32598,32598,2.317148447036743,,,,
32599,32599,,2.3075499534606934,,,
32599,32599,2.3075499534606934,,,,
32600,32600,2.3271195888519287,,,,
32601,32601,2.3265182971954346,,,,
32602,32602,2.3065106868743896,,,,
32603,32603,2.3126823902130127,,,,
32604,32604,2.32759690284729,,,,
32605,32605,2.321296453475952,,,,
32606,32606,2.316152334213257,,,,
32607,32607,2.3209495544433594,,,,
32608,32608,2.3312485218048096,,,,
32609,32609,,2.3050076961517334,,,
32609,32609,2.3050076961517334,,,,
32610,32610,2.3050103187561035,,,,
32611,32611,2.329526424407959,,,,
32612,32612,2.320250988006592,,,,
32613,32613,2.312600612640381,,,,
32614,32614,2.3264248371124268,,,,
32615,32615,2.3256285190582275,,,,
32616,32616,2.32143497467041,,,,
32617,32617,2.3236243724823,,,,
32618,32618,2.3274075984954834,,,,
32619,32619,,2.3078227043151855,,,
32619,32619,2.3078227043151855,,,,
32620,32620,2.3093786239624023,,,,
32621,32621,2.3253884315490723,,,,
32622,32622,2.3089425563812256,,,,
32623,32623,2.3052456378936768,,,,
32624,32624,2.3227875232696533,,,,
32625,32625,2.323077440261841,,,,
32626,32626,2.3126213550567627,,,,
32627,32627,2.310602903366089,,,,
32628,32628,2.3312461376190186,,,,
32629,32629,,2.3050737380981445,,,
32629,32629,2.3050737380981445,,,,
32630,32630,2.3145389556884766,,,,
32631,32631,2.3301820755004883,,,,
32632,32632,2.3283867835998535,,,,
32633,32633,2.3126864433288574,,,,
32634,32634,2.325087308883667,,,,
32635,32635,2.3258144855499268,,,,
32636,32636,2.306572437286377,,,,
32637,32637,2.324146270751953,,,,
32638,32638,2.3229777812957764,,,,
32639,32639,,2.3096938133239746,,,
32639,32639,2.3096938133239746,,,,
32640,32640,2.3067593574523926,,,,
32641,32641,2.3267133235931396,,,,
32642,32642,2.3084466457366943,,,,
32643,32643,2.309109926223755,,,,
32644,32644,2.3075003623962402,,,,
32645,32645,2.30861759185791,,,,
32646,32646,2.311067819595337,,,,
32647,32647,2.3272738456726074,,,,
32648,32648,2.307488441467285,,,,
32649,32649,,2.322876214981079,,,
32649,32649,2.322876214981079,,,,
32650,32650,2.352959394454956,,,,
32651,32651,2.3075947761535645,,,,
32652,32652,2.3273351192474365,,,,
32653,32653,2.340909719467163,,,,
32654,32654,2.3420255184173584,,,,
32655,32655,2.325193405151367,,,,
32656,32656,2.310851573944092,,,,
32657,32657,2.3349721431732178,,,,
32658,32658,2.3201682567596436,,,,
32659,32659,,2.3327231407165527,,,
32659,32659,2.3327231407165527,,,,
32660,32660,2.3180429935455322,,,,
32661,32661,2.3466084003448486,,,,
32662,32662,2.308854341506958,,,,
32663,32663,2.3111112117767334,,,,
32664,32664,2.3425917625427246,,,,
32665,32665,2.2966411113739014,,,,
32666,32666,2.306631326675415,,,,
32667,32667,2.338183641433716,,,,
32668,32668,2.31689190864563,,,,
32669,32669,,2.315092086791992,,,
32669,32669,2.315092086791992,,,,
32670,32670,2.337466239929199,,,,
32671,32671,2.322446823120117,,,,
32672,32672,2.3167190551757812,,,,
32673,32673,2.297056198120117,,,,
32674,32674,2.3386456966400146,,,,
32675,32675,2.320408821105957,,,,
32676,32676,2.3238465785980225,,,,
32677,32677,2.3398609161376953,,,,
32678,32678,2.340791702270508,,,,
32679,32679,,2.321381092071533,,,
32679,32679,2.321381092071533,,,,
32680,32680,2.315920352935791,,,,
32681,32681,2.340935230255127,,,,
32682,32682,2.3104724884033203,,,,
32683,32683,2.3094322681427,,,,
32684,32684,2.317592144012451,,,,
32685,32685,2.311042308807373,,,,
32686,32686,2.3051745891571045,,,,
32687,32687,2.333798408508301,,,,
32688,32688,2.3198747634887695,,,,
32689,32689,,2.310269594192505,,,
32689,32689,2.310269594192505,,,,
32690,32690,2.319373369216919,,,,
32691,32691,2.319425344467163,,,,
32692,32692,2.3031105995178223,,,,
32693,32693,2.3172688484191895,,,,
32694,32694,2.3182384967803955,,,,
32695,32695,2.310861110687256,,,,
32696,32696,2.3207638263702393,,,,
32697,32697,2.3214285373687744,,,,
32698,32698,2.3028271198272705,,,,
32699,32699,,2.319450855255127,,,
32699,32699,2.319450855255127,,,,
32700,32700,2.3191192150115967,,,,
32701,32701,2.31649112701416,,,,
32702,32702,2.3193697929382324,,,,
32703,32703,2.3172171115875244,,,,
32704,32704,2.3146986961364746,,,,
32705,32705,2.3316125869750977,,,,
32706,32706,2.3116090297698975,,,,
32707,32707,2.3117587566375732,,,,
32708,32708,2.332618474960327,,,,
32709,32709,,2.3187873363494873,,,
32709,32709,2.3187873363494873,,,,
32710,32710,2.3134806156158447,,,,
32711,32711,2.320504665374756,,,,
32712,32712,2.318286180496216,,,,
32713,32713,2.2998921871185303,,,,
32714,32714,2.319871187210083,,,,
32715,32715,2.320371389389038,,,,
32716,32716,2.3038434982299805,,,,
32717,32717,2.3203747272491455,,,,
32718,32718,2.3182179927825928,,,,
32719,32719,,2.302060127258301,,,
32719,32719,2.302060127258301,,,,
32720,32720,2.3157997131347656,,,,
32721,32721,2.326856851577759,,,,
32722,32722,2.3110005855560303,,,,
32723,32723,2.302295684814453,,,,
32724,32724,2.330819606781006,,,,
32725,32725,2.320134162902832,,,,
32726,32726,2.3141276836395264,,,,
32727,32727,2.3218610286712646,,,,
32728,32728,2.3200109004974365,,,,
32729,32729,,2.3185617923736572,,,
32729,32729,2.3185617923736572,,,,
32730,32730,2.3181471824645996,,,,
32731,32731,2.3106136322021484,,,,
32732,32732,2.3130812644958496,,,,
32733,32733,2.325619697570801,,,,
32734,32734,2.306739091873169,,,,
32735,32735,2.304232120513916,,,,
32736,32736,2.3123996257781982,,,,
32737,32737,2.320409059524536,,,,
32738,32738,2.3100273609161377,,,,
32739,32739,,2.303572177886963,,,
32739,32739,2.303572177886963,,,,
32740,32740,2.309933662414551,,,,
32741,32741,2.3261184692382812,,,,
32742,32742,2.303898572921753,,,,
32743,32743,2.3033127784729004,,,,
32744,32744,2.3231711387634277,,,,
32745,32745,2.3273468017578125,,,,
32746,32746,2.2958405017852783,,,,
32747,32747,2.3004961013793945,,,,
32748,32748,2.326995372772217,,,,
32749,32749,,2.298922300338745,,,
32749,32749,2.298922300338745,,,,
32750,32750,2.2961227893829346,,,,
32751,32751,2.3240857124328613,,,,
32752,32752,2.306473970413208,,,,
32753,32753,2.29421067237854,,,,
32754,32754,2.323669672012329,,,,
32755,32755,2.320775032043457,,,,
32756,32756,2.2980167865753174,,,,
32757,32757,2.2977712154388428,,,,
32758,32758,2.3226351737976074,,,,
32759,32759,,2.3223135471343994,,,
32759,32759,2.3223135471343994,,,,
32760,32760,2.3019278049468994,,,,
32761,32761,2.301335096359253,,,,
32762,32762,2.3077192306518555,,,,
32763,32763,2.320608139038086,,,,
32764,32764,2.299333333969116,,,,
32765,32765,2.309948205947876,,,,
32766,32766,2.3233301639556885,,,,
32767,32767,2.3092472553253174,,,,
32768,32768,2.3087711334228516,,,,
32769,32769,,2.323408603668213,,,
32769,32769,2.323408603668213,,,,
32770,32770,2.2994468212127686,,,,
32771,32771,2.3271677494049072,,,,
32772,32772,2.326204776763916,,,,
32773,32773,2.3092119693756104,,,,
32774,32774,2.327280282974243,,,,
32775,32775,2.3051090240478516,,,,
32776,32776,2.3053059577941895,,,,
32777,32777,2.3273067474365234,,,,
32778,32778,2.311438798904419,,,,
32779,32779,,2.3094754219055176,,,
32779,32779,2.3094754219055176,,,,
32780,32780,2.323133945465088,,,,
32781,32781,2.3080525398254395,,,,
32782,32782,2.3206491470336914,,,,
32783,32783,2.3241937160491943,,,,
32784,32784,2.2994000911712646,,,,
32785,32785,2.307572841644287,,,,
32786,32786,2.324119806289673,,,,
32787,32787,2.2981226444244385,,,,
32788,32788,2.3188507556915283,,,,
32789,32789,,2.3216097354888916,,,
32789,32789,2.3216097354888916,,,,
32790,32790,2.317284345626831,,,,
32791,32791,2.299442768096924,,,,
32792,32792,2.3186495304107666,,,,
32793,32793,2.320402145385742,,,,
32794,32794,2.3024709224700928,,,,
32795,32795,2.3198721408843994,,,,
32796,32796,2.3172149658203125,,,,
32797,32797,2.3110976219177246,,,,
32798,32798,2.341952323913574,,,,
32799,32799,,2.3249237537384033,,,
32799,32799,2.3249237537384033,,,,
32800,32800,2.323824167251587,,,,
32801,32801,2.3188867568969727,,,,
32802,32802,2.3073103427886963,,,,
32803,32803,2.3210716247558594,,,,
32804,32804,2.3192925453186035,,,,
32805,32805,2.3064918518066406,,,,
32806,32806,2.295294761657715,,,,
32807,32807,2.3121676445007324,,,,
32808,32808,2.3108301162719727,,,,
32809,32809,,2.3068301677703857,,,
32809,32809,2.3068301677703857,,,,
32810,32810,2.3178768157958984,,,,
32811,32811,2.3090813159942627,,,,
32812,32812,2.312457323074341,,,,
32813,32813,2.34179949760437,,,,
32814,32814,2.297816038131714,,,,
32815,32815,2.3079004287719727,,,,
32816,32816,2.3445322513580322,,,,
32817,32817,2.293071985244751,,,,
32818,32818,2.332634925842285,,,,
32819,32819,,2.423358678817749,,,
32819,32819,2.423358678817749,,,,
32820,32820,2.3281261920928955,,,,
32821,32821,2.312915802001953,,,,
32822,32822,2.319814682006836,,,,
32823,32823,2.3003175258636475,,,,
32824,32824,2.3075335025787354,,,,
32825,32825,2.3227739334106445,,,,
32826,32826,2.306330442428589,,,,
32827,32827,2.309086561203003,,,,
32828,32828,2.3237133026123047,,,,
32829,32829,,2.3094263076782227,,,
32829,32829,2.3094263076782227,,,,
32830,32830,2.310387134552002,,,,
32831,32831,2.3185958862304688,,,,
32832,32832,2.3079466819763184,,,,
32833,32833,2.322448968887329,,,,
32834,32834,2.378180980682373,,,,
32835,32835,2.3079607486724854,,,,
32836,32836,2.3322696685791016,,,,
32837,32837,2.4162960052490234,,,,
32838,32838,2.2990829944610596,,,,
32839,32839,,2.4199867248535156,,,
32839,32839,2.4199867248535156,,,,
32840,32840,2.667245388031006,,,,
32841,32841,2.307063579559326,,,,
32842,32842,2.664707899093628,,,,
32843,32843,2.9594314098358154,,,,
32844,32844,2.43251371383667,,,,
32845,32845,3.061168670654297,,,,
32846,32846,2.5569708347320557,,,,
32847,32847,2.7713446617126465,,,,
32848,32848,2.420259714126587,,,,
32849,32849,,2.7938971519470215,,,
32849,32849,2.7938971519470215,,,,
32850,32850,2.707716703414917,,,,
32851,32851,2.7501485347747803,,,,
32852,32852,2.53218674659729,,,,
32853,32853,2.5616073608398438,,,,
32854,32854,2.6109511852264404,,,,
32855,32855,2.5870866775512695,,,,
32856,32856,2.564607620239258,,,,
32857,32857,2.3122432231903076,,,,
32858,32858,2.5698835849761963,,,,
32859,32859,,2.3302199840545654,,,
32859,32859,2.3302199840545654,,,,
32860,32860,2.566755533218384,,,,
32861,32861,2.3489489555358887,,,,
32862,32862,2.505265235900879,,,,
32863,32863,2.3182318210601807,,,,
32864,32864,2.397101879119873,,,,
32865,32865,2.379253387451172,,,,
32866,32866,2.3917996883392334,,,,
32867,32867,2.3340790271759033,,,,
32868,32868,2.3399336338043213,,,,
32869,32869,,2.393908977508545,,,
32869,32869,2.393908977508545,,,,
32870,32870,2.3499338626861572,,,,
32871,32871,2.390470266342163,,,,
32872,32872,2.2866735458374023,,,,
32873,32873,2.4599714279174805,,,,
32874,32874,2.294528007507324,,,,
32875,32875,2.367276191711426,,,,
32876,32876,2.3090813159942627,,,,
32877,32877,2.3816137313842773,,,,
32878,32878,2.2948813438415527,,,,
32879,32879,,2.318035125732422,,,
32879,32879,2.318035125732422,,,,
32880,32880,2.366847515106201,,,,
32881,32881,2.31150221824646,,,,
32882,32882,2.3117873668670654,,,,
32883,32883,2.2901487350463867,,,,
32884,32884,2.3735787868499756,,,,
32885,32885,2.292146682739258,,,,
32886,32886,2.3153634071350098,,,,
32887,32887,2.3041322231292725,,,,
32888,32888,2.3286588191986084,,,,
32889,32889,,2.293309450149536,,,
32889,32889,2.293309450149536,,,,
32890,32890,2.2929697036743164,,,,
32891,32891,2.31437087059021,,,,
32892,32892,2.312598943710327,,,,
32893,32893,2.2920262813568115,,,,
32894,32894,2.301996946334839,,,,
32895,32895,2.314654588699341,,,,
32896,32896,2.291273832321167,,,,
32897,32897,2.3043720722198486,,,,
32898,32898,2.304839611053467,,,,
32899,32899,,2.29013729095459,,,
32899,32899,2.29013729095459,,,,
32900,32900,2.3038418292999268,,,,
32901,32901,2.303682565689087,,,,
32902,32902,2.2954983711242676,,,,
32903,32903,2.2994213104248047,,,,
32904,32904,2.2973971366882324,,,,
32905,32905,2.2870569229125977,,,,
32906,32906,2.299694776535034,,,,
32907,32907,2.3035006523132324,,,,
32908,32908,2.30973219871521,,,,
32909,32909,,2.3057944774627686,,,
32909,32909,2.3057944774627686,,,,
32910,32910,2.2907826900482178,,,,
32911,32911,2.3150062561035156,,,,
32912,32912,2.3088040351867676,,,,
32913,32913,2.2948248386383057,,,,
32914,32914,2.309418201446533,,,,
32915,32915,2.3080027103424072,,,,
32916,32916,2.2956366539001465,,,,
32917,32917,2.29860782623291,,,,
32918,32918,2.3035943508148193,,,,
32919,32919,,2.293468713760376,,,
32919,32919,2.293468713760376,,,,
32920,32920,2.299362897872925,,,,
32921,32921,2.2999603748321533,,,,
32922,32922,2.300675630569458,,,,
32923,32923,2.3041205406188965,,,,
32924,32924,2.3062047958374023,,,,
32925,32925,2.2926156520843506,,,,
32926,32926,2.305162191390991,,,,
32927,32927,2.3112854957580566,,,,
32928,32928,2.292431354522705,,,,
32929,32929,,2.3004558086395264,,,
32929,32929,2.3004558086395264,,,,
32930,32930,2.3136322498321533,,,,
32931,32931,2.300636053085327,,,,
32932,32932,2.2982535362243652,,,,
32933,32933,2.3114144802093506,,,,
32934,32934,2.2973995208740234,,,,
32935,32935,2.296370029449463,,,,
32936,32936,2.306205987930298,,,,
32937,32937,2.3046200275421143,,,,
32938,32938,2.2986552715301514,,,,
32939,32939,,2.3003036975860596,,,
32939,32939,2.3003036975860596,,,,
32940,32940,2.3042562007904053,,,,
32941,32941,2.3106977939605713,,,,
32942,32942,2.3006887435913086,,,,
32943,32943,2.3090851306915283,,,,
32944,32944,2.304450273513794,,,,
32945,32945,2.308755874633789,,,,
32946,32946,2.305950880050659,,,,
32947,32947,2.3074564933776855,,,,
32948,32948,2.307629346847534,,,,
32949,32949,,2.298685073852539,,,
32949,32949,2.298685073852539,,,,
32950,32950,2.2945377826690674,,,,
32951,32951,2.2966814041137695,,,,
32952,32952,2.296149492263794,,,,
32953,32953,2.2946836948394775,,,,
32954,32954,2.294816732406616,,,,
32955,32955,2.299325704574585,,,,
32956,32956,2.298222541809082,,,,
32957,32957,2.300591230392456,,,,
32958,32958,2.304636001586914,,,,
32959,32959,,2.3049542903900146,,,
32959,32959,2.3049542903900146,,,,
32960,32960,2.3029017448425293,,,,
32961,32961,2.3029701709747314,,,,
32962,32962,2.3004608154296875,,,,
32963,32963,2.306774854660034,,,,
32964,32964,2.3083882331848145,,,,
32965,32965,2.309309482574463,,,,
32966,32966,2.299694299697876,,,,
32967,32967,2.2984089851379395,,,,
32968,32968,2.2997570037841797,,,,
32969,32969,,2.3018131256103516,,,
32969,32969,2.3018131256103516,,,,
32970,32970,2.300119638442993,,,,
32971,32971,2.303406238555908,,,,
32972,32972,2.293048143386841,,,,
32973,32973,2.3043220043182373,,,,
32974,32974,2.3034591674804688,,,,
32975,32975,2.3108057975769043,,,,
32976,32976,2.3070449829101562,,,,
32977,32977,2.3021843433380127,,,,
32978,32978,2.3076019287109375,,,,
32979,32979,,2.301229953765869,,,
32979,32979,2.301229953765869,,,,
32980,32980,2.3020527362823486,,,,
32981,32981,2.3062963485717773,,,,
32982,32982,2.3088090419769287,,,,
32983,32983,2.3141932487487793,,,,
32984,32984,2.3141937255859375,,,,
32985,32985,2.3052666187286377,,,,
32986,32986,2.307891607284546,,,,
32987,32987,2.313390016555786,,,,
32988,32988,2.309817314147949,,,,
32989,32989,,2.306472063064575,,,
32989,32989,2.306472063064575,,,,
32990,32990,2.3063504695892334,,,,
32991,32991,2.306804656982422,,,,
32992,32992,2.306591272354126,,,,
32993,32993,2.3001489639282227,,,,
32994,32994,2.2999515533447266,,,,
32995,32995,2.303130865097046,,,,
32996,32996,2.310664653778076,,,,
32997,32997,2.3123457431793213,,,,
32998,32998,2.307802438735962,,,,
32999,32999,,2.311821460723877,,,
32999,32999,,,0.16776476800441742,172.1444091796875,172.1444091796875
32999,32999,2.311821460723877,,,,
33000,33000,2.310716152191162,,,,
33001,33001,2.305218458175659,,,,
33002,33002,2.305448293685913,,,,
33003,33003,2.3051950931549072,,,,
33004,33004,2.3065872192382812,,,,
33005,33005,2.3042333126068115,,,,
33006,33006,2.299926519393921,,,,
33007,33007,2.30440354347229,,,,
33008,33008,2.3034303188323975,,,,
33009,33009,,2.2917490005493164,,,
33009,33009,2.2917490005493164,,,,
33010,33010,2.291720151901245,,,,
33011,33011,2.2882368564605713,,,,
33012,33012,2.291025400161743,,,,
33013,33013,2.2879552841186523,,,,
33014,33014,2.2888503074645996,,,,
33015,33015,2.293203830718994,,,,
33016,33016,2.2937726974487305,,,,
33017,33017,2.296900749206543,,,,
33018,33018,2.2991042137145996,,,,
33019,33019,,2.2923903465270996,,,
33019,33019,2.2923903465270996,,,,
33020,33020,2.2941200733184814,,,,
33021,33021,2.299405813217163,,,,
33022,33022,2.2935373783111572,,,,
33023,33023,2.2896251678466797,,,,
33024,33024,2.2953367233276367,,,,
33025,33025,2.2944600582122803,,,,
33026,33026,2.287001609802246,,,,
33027,33027,2.291126012802124,,,,
33028,33028,2.288510322570801,,,,
33029,33029,,2.294506311416626,,,
33029,33029,2.294506311416626,,,,
33030,33030,2.295853853225708,,,,
33031,33031,2.2922983169555664,,,,
33032,33032,2.287907361984253,,,,
33033,33033,2.292336940765381,,,,
33034,33034,2.290919065475464,,,,
33035,33035,2.2906625270843506,,,,
33036,33036,2.2928199768066406,,,,
33037,33037,2.2918033599853516,,,,
33038,33038,2.2936432361602783,,,,
33039,33039,,2.290768623352051,,,
33039,33039,2.290768623352051,,,,
33040,33040,2.291806936264038,,,,
33041,33041,2.2921907901763916,,,,
33042,33042,2.2924559116363525,,,,
33043,33043,2.292288303375244,,,,
33044,33044,2.292243480682373,,,,
33045,33045,2.2934906482696533,,,,
33046,33046,2.2879955768585205,,,,
33047,33047,2.286996364593506,,,,
33048,33048,2.285649538040161,,,,
33049,33049,,2.2928361892700195,,,
33049,33049,2.2928361892700195,,,,
33050,33050,2.2929348945617676,,,,
33051,33051,2.289390802383423,,,,
33052,33052,2.2888078689575195,,,,
33053,33053,2.2912425994873047,,,,
33054,33054,2.288235664367676,,,,
33055,33055,2.287971258163452,,,,
33056,33056,2.2941482067108154,,,,
33057,33057,2.288551092147827,,,,
33058,33058,2.289252281188965,,,,
33059,33059,,2.2979912757873535,,,
33059,33059,2.2979912757873535,,,,
33060,33060,2.284653902053833,,,,
33061,33061,2.2801575660705566,,,,
33062,33062,2.30873703956604,,,,
33063,33063,2.2820894718170166,,,,
33064,33064,2.281527042388916,,,,
33065,33065,2.3073065280914307,,,,
33066,33066,2.2827980518341064,,,,
33067,33067,2.284898519515991,,,,
33068,33068,2.307671546936035,,,,
33069,33069,,2.2855722904205322,,,
33069,33069,2.2855722904205322,,,,
33070,33070,2.286651611328125,,,,
33071,33071,2.3078157901763916,,,,
33072,33072,2.295236587524414,,,,
33073,33073,2.283707618713379,,,,
33074,33074,2.3165946006774902,,,,
33075,33075,2.2924585342407227,,,,
33076,33076,2.2817158699035645,,,,
33077,33077,2.313244342803955,,,,
33078,33078,2.280646800994873,,,,
33079,33079,,2.287062644958496,,,
33079,33079,2.287062644958496,,,,
33080,33080,2.304999351501465,,,,
33081,33081,2.2841787338256836,,,,
33082,33082,2.284606695175171,,,,
33083,33083,2.2900280952453613,,,,
33084,33084,2.280101776123047,,,,
33085,33085,2.2816245555877686,,,,
33086,33086,2.2916388511657715,,,,
33087,33087,2.3012871742248535,,,,
33088,33088,2.3043718338012695,,,,
33089,33089,,2.2845945358276367,,,
33089,33089,2.2845945358276367,,,,
33090,33090,2.3635079860687256,,,,
33091,33091,2.4866786003112793,,,,
33092,33092,2.30808687210083,,,,
33093,33093,2.3052330017089844,,,,
33094,33094,2.421095609664917,,,,
33095,33095,2.2934367656707764,,,,
33096,33096,2.340648651123047,,,,
33097,33097,2.5054831504821777,,,,
33098,33098,2.294839382171631,,,,
33099,33099,,2.4111807346343994,,,
33099,33099,2.4111807346343994,,,,
33100,33100,2.6838889122009277,,,,
33101,33101,2.278559446334839,,,,
33102,33102,2.752429485321045,,,,
33103,33103,3.0299112796783447,,,,
33104,33104,2.4649815559387207,,,,
33105,33105,3.0610709190368652,,,,
33106,33106,2.4366471767425537,,,,
33107,33107,2.8812403678894043,,,,
33108,33108,2.4140195846557617,,,,
33109,33109,,2.610057830810547,,,
33109,33109,2.610057830810547,,,,
33110,33110,2.631986618041992,,,,
33111,33111,2.58130145072937,,,,
33112,33112,2.605288028717041,,,,
33113,33113,2.2925097942352295,,,,
33114,33114,2.4751346111297607,,,,
33115,33115,2.2993509769439697,,,,
33116,33116,2.4428870677948,,,,
33117,33117,2.3622512817382812,,,,
33118,33118,2.3753163814544678,,,,
33119,33119,,2.3741583824157715,,,
33119,33119,2.3741583824157715,,,,
33120,33120,2.2887277603149414,,,,
33121,33121,2.345669984817505,,,,
33122,33122,2.2898600101470947,,,,
33123,33123,2.3421590328216553,,,,
33124,33124,2.3589587211608887,,,,
33125,33125,2.2977728843688965,,,,
33126,33126,2.3445780277252197,,,,
33127,33127,2.293830633163452,,,,
33128,33128,2.3354363441467285,,,,
33129,33129,,2.2924344539642334,,,
33129,33129,2.2924344539642334,,,,
33130,33130,2.314920663833618,,,,
33131,33131,2.3127691745758057,,,,
33132,33132,2.315880298614502,,,,
33133,33133,2.2999260425567627,,,,
33134,33134,2.291898488998413,,,,
33135,33135,2.309032917022705,,,,
33136,33136,2.299659013748169,,,,
33137,33137,2.317612409591675,,,,
33138,33138,2.295605421066284,,,,
33139,33139,,2.2970142364501953,,,
33139,33139,2.2970142364501953,,,,
33140,33140,2.277649402618408,,,,
33141,33141,2.2784836292266846,,,,
33142,33142,2.2964229583740234,,,,
33143,33143,2.2937357425689697,,,,
33144,33144,2.2991182804107666,,,,
33145,33145,2.3005666732788086,,,,
33146,33146,2.2991273403167725,,,,
33147,33147,2.2940313816070557,,,,
33148,33148,2.2839877605438232,,,,
33149,33149,,2.2969250679016113,,,
33149,33149,2.2969250679016113,,,,
33150,33150,2.2883660793304443,,,,
33151,33151,2.281801223754883,,,,
33152,33152,2.298733949661255,,,,
33153,33153,2.281423568725586,,,,
33154,33154,2.281345844268799,,,,
33155,33155,2.2876124382019043,,,,
33156,33156,2.296053647994995,,,,
33157,33157,2.292381525039673,,,,
33158,33158,2.290893316268921,,,,
33159,33159,,2.2872426509857178,,,
33159,33159,2.2872426509857178,,,,
33160,33160,2.284444570541382,,,,
33161,33161,2.2885284423828125,,,,
33162,33162,2.288180112838745,,,,
33163,33163,2.292656898498535,,,,
33164,33164,2.291566848754883,,,,
33165,33165,2.29172420501709,,,,
33166,33166,2.2914888858795166,,,,
33167,33167,2.2843689918518066,,,,
33168,33168,2.283390522003174,,,,
33169,33169,,2.283334493637085,,,
33169,33169,2.283334493637085,,,,
33170,33170,2.282888174057007,,,,
33171,33171,2.280830144882202,,,,
33172,33172,2.284698009490967,,,,
33173,33173,2.2794127464294434,,,,
33174,33174,2.2778730392456055,,,,
33175,33175,2.2880682945251465,,,,
33176,33176,2.2765817642211914,,,,
33177,33177,2.280097007751465,,,,
33178,33178,2.2818660736083984,,,,
33179,33179,,2.276198625564575,,,
33179,33179,2.276198625564575,,,,
33180,33180,2.273158311843872,,,,
33181,33181,2.2766900062561035,,,,
33182,33182,2.2737646102905273,,,,
33183,33183,2.282834768295288,,,,
33184,33184,2.2784454822540283,,,,
33185,33185,2.284144639968872,,,,
33186,33186,2.27531361579895,,,,
33187,33187,2.2740886211395264,,,,
33188,33188,2.2765614986419678,,,,
33189,33189,,2.2757256031036377,,,
33189,33189,2.2757256031036377,,,,
33190,33190,2.27980899810791,,,,
33191,33191,2.274904727935791,,,,
33192,33192,2.275190830230713,,,,
33193,33193,2.271533489227295,,,,
33194,33194,2.2719335556030273,,,,
33195,33195,2.272414207458496,,,,
33196,33196,2.2749218940734863,,,,
33197,33197,2.2752089500427246,,,,
33198,33198,2.282233715057373,,,,
33199,33199,,2.274488925933838,,,
33199,33199,2.274488925933838,,,,
33200,33200,2.272991895675659,,,,
33201,33201,2.281890392303467,,,,
33202,33202,2.279534339904785,,,,
33203,33203,2.2931485176086426,,,,
33204,33204,2.2805490493774414,,,,
33205,33205,2.2697691917419434,,,,
33206,33206,2.2882349491119385,,,,
33207,33207,2.289332628250122,,,,
33208,33208,2.2824530601501465,,,,
33209,33209,,2.3042290210723877,,,
33209,33209,2.3042290210723877,,,,
33210,33210,2.306309938430786,,,,
33211,33211,2.305293560028076,,,,
33212,33212,2.2675583362579346,,,,
33213,33213,2.276078224182129,,,,
33214,33214,2.300753355026245,,,,
33215,33215,2.2762324810028076,,,,
33216,33216,2.272249460220337,,,,
33217,33217,2.3059537410736084,,,,
33218,33218,2.281255006790161,,,,
33219,33219,,2.266223907470703,,,
33219,33219,2.266223907470703,,,,
33220,33220,2.3145854473114014,,,,
33221,33221,2.3039681911468506,,,,
33222,33222,2.2663402557373047,,,,
33223,33223,2.297138214111328,,,,
33224,33224,2.3070857524871826,,,,
33225,33225,2.2911200523376465,,,,
33226,33226,2.2645041942596436,,,,
33227,33227,2.2817397117614746,,,,
33228,33228,2.2942121028900146,,,,
33229,33229,,2.267167091369629,,,
33229,33229,2.267167091369629,,,,
33230,33230,2.268815755844116,,,,
33231,33231,2.289768934249878,,,,
33232,33232,2.2770814895629883,,,,
33233,33233,2.2637858390808105,,,,
33234,33234,2.3015315532684326,,,,
33235,33235,2.3071954250335693,,,,
33236,33236,2.3033502101898193,,,,
33237,33237,2.2615838050842285,,,,
33238,33238,2.2685747146606445,,,,
33239,33239,,2.2776200771331787,,,
33239,33239,2.2776200771331787,,,,
33240,33240,2.2631916999816895,,,,
33241,33241,2.2640280723571777,,,,
33242,33242,2.264845132827759,,,,
33243,33243,2.2604103088378906,,,,
33244,33244,2.259718894958496,,,,
33245,33245,2.2668955326080322,,,,
33246,33246,2.260263681411743,,,,
33247,33247,2.267648696899414,,,,
33248,33248,2.268775224685669,,,,
33249,33249,,2.26444673538208,,,
33249,33249,2.26444673538208,,,,
33250,33250,2.2565066814422607,,,,
33251,33251,2.266462564468384,,,,
33252,33252,2.259988307952881,,,,
33253,33253,2.2612264156341553,,,,
33254,33254,2.2683634757995605,,,,
33255,33255,2.264899253845215,,,,
33256,33256,2.259538173675537,,,,
33257,33257,2.272068738937378,,,,
33258,33258,2.2676563262939453,,,,
33259,33259,,2.2630579471588135,,,
33259,33259,2.2630579471588135,,,,
33260,33260,2.2898309230804443,,,,
33261,33261,2.27661395072937,,,,
33262,33262,2.2619643211364746,,,,
33263,33263,2.292024612426758,,,,
33264,33264,2.2764508724212646,,,,
33265,33265,2.2615621089935303,,,,
33266,33266,2.296581506729126,,,,
33267,33267,2.284364700317383,,,,
33268,33268,2.258571147918701,,,,
33269,33269,,2.2930474281311035,,,
33269,33269,2.2930474281311035,,,,
33270,33270,2.2937915325164795,,,,
33271,33271,2.2729430198669434,,,,
33272,33272,2.2903761863708496,,,,
33273,33273,2.325425386428833,,,,
33274,33274,2.3394882678985596,,,,
33275,33275,2.2650763988494873,,,,
33276,33276,2.284482955932617,,,,
33277,33277,2.3079915046691895,,,,
33278,33278,2.2657999992370605,,,,
33279,33279,,2.2729127407073975,,,
33279,33279,2.2729127407073975,,,,
33280,33280,2.3139264583587646,,,,
33281,33281,2.272984266281128,,,,
33282,33282,2.2638204097747803,,,,
33283,33283,2.3131744861602783,,,,
33284,33284,2.2929461002349854,,,,
33285,33285,2.269805431365967,,,,
33286,33286,2.3127803802490234,,,,
33287,33287,2.3620338439941406,,,,
33288,33288,2.352642774581909,,,,
33289,33289,,2.255833387374878,,,
33289,33289,2.255833387374878,,,,
33290,33290,2.3102684020996094,,,,
33291,33291,2.3778562545776367,,,,
33292,33292,2.274280071258545,,,,
33293,33293,2.288039207458496,,,,
33294,33294,2.334573268890381,,,,
33295,33295,2.2674672603607178,,,,
33296,33296,2.2744827270507812,,,,
33297,33297,2.340829849243164,,,,
33298,33298,2.2717602252960205,,,,
33299,33299,,2.261522054672241,,,
33299,33299,2.261522054672241,,,,
33300,33300,2.3133926391601562,,,,
33301,33301,2.255401372909546,,,,
33302,33302,2.2653005123138428,,,,
33303,33303,2.3095643520355225,,,,
33304,33304,2.262024402618408,,,,
33305,33305,2.258695125579834,,,,
33306,33306,2.3087902069091797,,,,
33307,33307,2.2756307125091553,,,,
33308,33308,2.255316972732544,,,,
33309,33309,,2.32413649559021,,,
33309,33309,2.32413649559021,,,,
33310,33310,2.281092643737793,,,,
33311,33311,2.2602345943450928,,,,
33312,33312,2.3180274963378906,,,,
33313,33313,2.263603687286377,,,,
33314,33314,2.264296054840088,,,,
33315,33315,2.314788818359375,,,,
33316,33316,2.275376081466675,,,,
33317,33317,2.2499923706054688,,,,
33318,33318,2.305445432662964,,,,
33319,33319,,2.28576922416687,,,
33319,33319,2.28576922416687,,,,
33320,33320,2.2540600299835205,,,,
33321,33321,2.317183017730713,,,,
33322,33322,2.3324735164642334,,,,
33323,33323,2.3093032836914062,,,,
33324,33324,2.251412868499756,,,,
33325,33325,2.2580764293670654,,,,
33326,33326,2.2788448333740234,,,,
33327,33327,2.2515060901641846,,,,
33328,33328,2.245586395263672,,,,
33329,33329,,2.2711379528045654,,,
33329,33329,2.2711379528045654,,,,
33330,33330,2.253026247024536,,,,
33331,33331,2.2491655349731445,,,,
33332,33332,2.2745330333709717,,,,
33333,33333,2.2541959285736084,,,,
33334,33334,2.2623329162597656,,,,
33335,33335,2.277015447616577,,,,
33336,33336,2.2588858604431152,,,,
33337,33337,2.2581100463867188,,,,
33338,33338,2.262855291366577,,,,
33339,33339,,2.2513415813446045,,,
33339,33339,2.2513415813446045,,,,
33340,33340,2.247499465942383,,,,
33341,33341,2.262204170227051,,,,
33342,33342,2.2492079734802246,,,,
33343,33343,2.251455783843994,,,,
33344,33344,2.2596933841705322,,,,
33345,33345,2.25036358833313,,,,
33346,33346,2.2489707469940186,,,,
33347,33347,2.258599042892456,,,,
33348,33348,2.25651478767395,,,,
33349,33349,,2.2544820308685303,,,
33349,33349,2.2544820308685303,,,,
33350,33350,2.255387306213379,,,,
33351,33351,2.2580437660217285,,,,
33352,33352,2.245934247970581,,,,
33353,33353,2.2478842735290527,,,,
33354,33354,2.257438898086548,,,,
33355,33355,2.2471489906311035,,,,
33356,33356,2.246530055999756,,,,
33357,33357,2.2568113803863525,,,,
33358,33358,2.2450761795043945,,,,
33359,33359,,2.2502195835113525,,,
33359,33359,2.2502195835113525,,,,
33360,33360,2.2605602741241455,,,,
33361,33361,2.2493317127227783,,,,
33362,33362,2.2587509155273438,,,,
33363,33363,2.248605728149414,,,,
33364,33364,2.249485969543457,,,,
33365,33365,2.249088764190674,,,,
33366,33366,2.2475531101226807,,,,
33367,33367,2.247593879699707,,,,
33368,33368,2.2484190464019775,,,,
33369,33369,,2.2472071647644043,,,
33369,33369,2.2472071647644043,,,,
33370,33370,2.2458860874176025,,,,
33371,33371,2.246569871902466,,,,
33372,33372,2.2483980655670166,,,,
33373,33373,2.248898506164551,,,,
33374,33374,2.248554229736328,,,,
33375,33375,2.2546751499176025,,,,
33376,33376,2.256842851638794,,,,
33377,33377,2.245732307434082,,,,
33378,33378,2.2565534114837646,,,,
33379,33379,,2.245838165283203,,,
33379,33379,2.245838165283203,,,,
33380,33380,2.2469518184661865,,,,
33381,33381,2.263800859451294,,,,
33382,33382,2.253450393676758,,,,
33383,33383,2.2606735229492188,,,,
33384,33384,2.246138572692871,,,,
33385,33385,2.2447781562805176,,,,
33386,33386,2.2465744018554688,,,,
33387,33387,2.245187759399414,,,,
33388,33388,2.252990245819092,,,,
33389,33389,,2.2433009147644043,,,
33389,33389,2.2433009147644043,,,,
33390,33390,2.242537260055542,,,,
33391,33391,2.252150774002075,,,,
33392,33392,2.2449264526367188,,,,
33393,33393,2.252607822418213,,,,
33394,33394,2.2487242221832275,,,,
33395,33395,2.2575764656066895,,,,
33396,33396,2.246570587158203,,,,
33397,33397,2.2484853267669678,,,,
33398,33398,2.2416062355041504,,,,
33399,33399,,2.2428929805755615,,,
33399,33399,2.2428929805755615,,,,
33400,33400,2.251542568206787,,,,
33401,33401,2.244046926498413,,,,
33402,33402,2.24377703666687,,,,
33403,33403,2.243156909942627,,,,
33404,33404,2.2467803955078125,,,,
33405,33405,2.26237154006958,,,,
33406,33406,2.248838424682617,,,,
33407,33407,2.252338409423828,,,,
33408,33408,2.2422432899475098,,,,
33409,33409,,2.2462377548217773,,,
33409,33409,2.2462377548217773,,,,
33410,33410,2.262996196746826,,,,
33411,33411,2.2677483558654785,,,,
33412,33412,2.3240966796875,,,,
33413,33413,2.355433702468872,,,,
33414,33414,2.483427047729492,,,,
33415,33415,2.322240114212036,,,,
33416,33416,2.2581450939178467,,,,
33417,33417,2.265810489654541,,,,
33418,33418,2.285118579864502,,,,
33419,33419,,2.2656004428863525,,,
33419,33419,2.2656004428863525,,,,
33420,33420,2.2412021160125732,,,,
33421,33421,2.2922449111938477,,,,
33422,33422,2.436034679412842,,,,
33423,33423,2.386061429977417,,,,
33424,33424,2.4138123989105225,,,,
33425,33425,2.26784610748291,,,,
33426,33426,2.241251230239868,,,,
33427,33427,2.258075475692749,,,,
33428,33428,2.252324342727661,,,,
33429,33429,,2.245847463607788,,,
33429,33429,2.245847463607788,,,,
33430,33430,2.2397897243499756,,,,
33431,33431,2.2417855262756348,,,,
33432,33432,2.235088586807251,,,,
33433,33433,2.246904134750366,,,,
33434,33434,2.2512526512145996,,,,
33435,33435,2.2445552349090576,,,,
33436,33436,2.2428042888641357,,,,
33437,33437,2.241159200668335,,,,
33438,33438,2.2562596797943115,,,,
33439,33439,,2.2368476390838623,,,
33439,33439,2.2368476390838623,,,,
33440,33440,2.2605252265930176,,,,
33441,33441,2.3523967266082764,,,,
33442,33442,2.338019371032715,,,,
33443,33443,2.3028852939605713,,,,
33444,33444,2.2465593814849854,,,,
33445,33445,2.3219151496887207,,,,
33446,33446,2.5043954849243164,,,,
33447,33447,2.3098809719085693,,,,
33448,33448,2.240959644317627,,,,
33449,33449,,2.264256715774536,,,
33449,33449,2.264256715774536,,,,
33450,33450,2.2656705379486084,,,,
33451,33451,2.2573344707489014,,,,
33452,33452,2.2429070472717285,,,,
33453,33453,2.3113272190093994,,,,
33454,33454,2.529780864715576,,,,
33455,33455,2.419140577316284,,,,
33456,33456,2.3859353065490723,,,,
33457,33457,2.2440199851989746,,,,
33458,33458,2.367687225341797,,,,
33459,33459,,2.5718891620635986,,,
33459,33459,2.5718891620635986,,,,
33460,33460,2.2954773902893066,,,,
33461,33461,2.2992494106292725,,,,
33462,33462,2.5254335403442383,,,,
33463,33463,2.337991952896118,,,,
33464,33464,2.25089168548584,,,,
33465,33465,2.314662218093872,,,,
33466,33466,2.3336338996887207,,,,
33467,33467,2.3394694328308105,,,,
33468,33468,2.2315924167633057,,,,
33469,33469,,2.3113698959350586,,,
33469,33469,2.3113698959350586,,,,
33470,33470,2.5037682056427,,,,
33471,33471,2.359219551086426,,,,
33472,33472,2.282106399536133,,,,
33473,33473,2.2401113510131836,,,,
33474,33474,2.3507721424102783,,,,
33475,33475,2.543287992477417,,,,
33476,33476,2.294074773788452,,,,
33477,33477,2.2577717304229736,,,,
33478,33478,2.381413698196411,,,,
33479,33479,,2.25974440574646,,,
33479,33479,2.25974440574646,,,,
33480,33480,2.243999481201172,,,,
33481,33481,2.276005983352661,,,,
33482,33482,2.2418861389160156,,,,
33483,33483,2.2419803142547607,,,,
33484,33484,2.3223586082458496,,,,
33485,33485,2.3104000091552734,,,,
33486,33486,2.3571689128875732,,,,
33487,33487,2.3051247596740723,,,,
33488,33488,2.2849864959716797,,,,
33489,33489,,2.2390120029449463,,,
33489,33489,2.2390120029449463,,,,
33490,33490,2.3024985790252686,,,,
33491,33491,2.4553425312042236,,,,
33492,33492,2.3306057453155518,,,,
33493,33493,2.241217851638794,,,,
33494,33494,2.268782377243042,,,,
33495,33495,2.295585870742798,,,,
33496,33496,2.364319086074829,,,,
33497,33497,2.2769813537597656,,,,
33498,33498,2.2490193843841553,,,,
33499,33499,,2.242082118988037,,,
33499,33499,,,0.16663013398647308,169.8237762451172,169.8237762451172
33499,33499,2.242082118988037,,,,
33500,33500,2.252753496170044,,,,
33501,33501,2.2439377307891846,,,,
33502,33502,2.2409682273864746,,,,
33503,33503,2.2461609840393066,,,,
33504,33504,2.2399115562438965,,,,
33505,33505,2.2849435806274414,,,,
33506,33506,2.2822630405426025,,,,
33507,33507,2.3380680084228516,,,,
33508,33508,2.3093631267547607,,,,
33509,33509,,2.3377809524536133,,,
33509,33509,2.3377809524536133,,,,
33510,33510,2.2609455585479736,,,,
33511,33511,2.239495038986206,,,,
33512,33512,2.2323949337005615,,,,
33513,33513,2.254483699798584,,,,
33514,33514,2.3166897296905518,,,,
33515,33515,2.2476537227630615,,,,
33516,33516,2.2423911094665527,,,,
33517,33517,2.24202299118042,,,,
33518,33518,2.239330768585205,,,,
33519,33519,,2.233167886734009,,,
33519,33519,2.233167886734009,,,,
33520,33520,2.277437686920166,,,,
33521,33521,2.2994251251220703,,,,
33522,33522,2.3998374938964844,,,,
33523,33523,2.3120617866516113,,,,
33524,33524,2.292041301727295,,,,
33525,33525,2.2310540676116943,,,,
33526,33526,2.2367501258850098,,,,
33527,33527,2.2425262928009033,,,,
33528,33528,2.229914426803589,,,,
33529,33529,,2.235189437866211,,,
33529,33529,2.235189437866211,,,,
33530,33530,2.236192226409912,,,,
33531,33531,2.2385172843933105,,,,
33532,33532,2.2430169582366943,,,,
33533,33533,2.279714345932007,,,,
33534,33534,2.285310745239258,,,,
33535,33535,2.384068489074707,,,,
33536,33536,2.35821533203125,,,,
33537,33537,2.394273281097412,,,,
33538,33538,2.272822856903076,,,,
33539,33539,,2.241158962249756,,,
33539,33539,2.241158962249756,,,,
33540,33540,2.3010551929473877,,,,
33541,33541,2.2926294803619385,,,,
33542,33542,2.315091609954834,,,,
33543,33543,2.231110095977783,,,,
33544,33544,2.2677371501922607,,,,
33545,33545,2.3739960193634033,,,,
33546,33546,2.2746522426605225,,,,
33547,33547,2.2342090606689453,,,,
33548,33548,2.267037868499756,,,,
33549,33549,,2.3047783374786377,,,
33549,33549,2.3047783374786377,,,,
33550,33550,2.4229536056518555,,,,
33551,33551,2.3033576011657715,,,,
33552,33552,2.275864362716675,,,,
33553,33553,2.2443487644195557,,,,
33554,33554,2.2390458583831787,,,,
33555,33555,2.237931489944458,,,,
33556,33556,2.2488560676574707,,,,
33557,33557,2.291910171508789,,,,
33558,33558,2.2764854431152344,,,,
33559,33559,,2.2981741428375244,,,
33559,33559,2.2981741428375244,,,,
33560,33560,2.267148971557617,,,,
33561,33561,2.298037528991699,,,,
33562,33562,2.2776143550872803,,,,
33563,33563,2.294787883758545,,,,
33564,33564,2.2546589374542236,,,,
33565,33565,2.2727906703948975,,,,
33566,33566,2.2626044750213623,,,,
33567,33567,2.3321478366851807,,,,
33568,33568,2.323482036590576,,,,
33569,33569,,2.337629795074463,,,
33569,33569,2.337629795074463,,,,
33570,33570,2.252028465270996,,,,
33571,33571,2.2315146923065186,,,,
33572,33572,2.2381396293640137,,,,
33573,33573,2.235213041305542,,,,
33574,33574,2.2493739128112793,,,,
33575,33575,2.286839008331299,,,,
33576,33576,2.2800018787384033,,,,
33577,33577,2.312937021255493,,,,
33578,33578,2.2912044525146484,,,,
33579,33579,,2.298542022705078,,,
33579,33579,2.298542022705078,,,,
33580,33580,2.2606422901153564,,,,
33581,33581,2.28055477142334,,,,
33582,33582,2.263530731201172,,,,
33583,33583,2.320446729660034,,,,
33584,33584,2.2829856872558594,,,,
33585,33585,2.303915500640869,,,,
33586,33586,2.2438769340515137,,,,
33587,33587,2.275294065475464,,,,
33588,33588,2.264407157897949,,,,
33589,33589,,2.312387466430664,,,
33589,33589,2.312387466430664,,,,
33590,33590,2.2796056270599365,,,,
33591,33591,2.2812750339508057,,,,
33592,33592,2.253335952758789,,,,
33593,33593,2.259892225265503,,,,
33594,33594,2.2469913959503174,,,,
33595,33595,2.2634317874908447,,,,
33596,33596,2.255596399307251,,,,
33597,33597,2.2674012184143066,,,,
33598,33598,2.2444958686828613,,,,
33599,33599,,2.2648019790649414,,,
33599,33599,2.2648019790649414,,,,
33600,33600,2.2553348541259766,,,,
33601,33601,2.284851551055908,,,,
33602,33602,2.25856351852417,,,,
33603,33603,2.263853073120117,,,,
33604,33604,2.2338149547576904,,,,
33605,33605,2.2644412517547607,,,,
33606,33606,2.323087692260742,,,,
33607,33607,2.2684950828552246,,,,
33608,33608,2.2629971504211426,,,,
33609,33609,,2.2653517723083496,,,
33609,33609,2.2653517723083496,,,,
33610,33610,2.3199758529663086,,,,
33611,33611,2.508251190185547,,,,
33612,33612,2.2883026599884033,,,,
33613,33613,2.2458441257476807,,,,
33614,33614,2.395458936691284,,,,
33615,33615,2.326519012451172,,,,
33616,33616,2.2793993949890137,,,,
33617,33617,2.259883165359497,,,,
33618,33618,2.2908153533935547,,,,
33619,33619,,2.3808655738830566,,,
33619,33619,2.3808655738830566,,,,
33620,33620,2.253765821456909,,,,
33621,33621,2.244938373565674,,,,
33622,33622,2.3521153926849365,,,,
33623,33623,2.2949163913726807,,,,
33624,33624,2.2731285095214844,,,,
33625,33625,2.254115104675293,,,,
33626,33626,2.357027530670166,,,,
33627,33627,2.6034436225891113,,,,
33628,33628,2.2563095092773438,,,,
33629,33629,,2.3812575340270996,,,
33629,33629,2.3812575340270996,,,,
33630,33630,2.714599847793579,,,,
33631,33631,2.238851547241211,,,,
33632,33632,2.4689486026763916,,,,
33633,33633,2.667587995529175,,,,
33634,33634,2.2866053581237793,,,,
33635,33635,2.9060847759246826,,,,
33636,33636,3.0070507526397705,,,,
33637,33637,2.5550801753997803,,,,
33638,33638,3.232456684112549,,,,
33639,33639,,2.517989158630371,,,
33639,33639,2.517989158630371,,,,
33640,33640,2.86488938331604,,,,
33641,33641,2.520322799682617,,,,
33642,33642,2.4545204639434814,,,,
33643,33643,2.701505184173584,,,,
33644,33644,2.425327777862549,,,,
33645,33645,2.6744773387908936,,,,
33646,33646,2.278611183166504,,,,
33647,33647,2.539402484893799,,,,
33648,33648,2.2765116691589355,,,,
33649,33649,,2.5705671310424805,,,
33649,33649,2.5705671310424805,,,,
33650,33650,2.5076262950897217,,,,
33651,33651,2.3978068828582764,,,,
33652,33652,2.5027360916137695,,,,
33653,33653,2.2474169731140137,,,,
33654,33654,2.404407501220703,,,,
33655,33655,2.2638556957244873,,,,
33656,33656,2.3835527896881104,,,,
33657,33657,2.437258720397949,,,,
33658,33658,2.2747299671173096,,,,
33659,33659,,2.388415813446045,,,
33659,33659,2.388415813446045,,,,
33660,33660,2.249980926513672,,,,
33661,33661,2.3721463680267334,,,,
33662,33662,2.2717978954315186,,,,
33663,33663,2.3497447967529297,,,,
33664,33664,2.3522591590881348,,,,
33665,33665,2.321591377258301,,,,
33666,33666,2.3629772663116455,,,,
33667,33667,2.255634069442749,,,,
33668,33668,2.318932056427002,,,,
33669,33669,,2.248661756515503,,,
33669,33669,2.248661756515503,,,,
33670,33670,2.2980988025665283,,,,
33671,33671,2.243685483932495,,,,
33672,33672,2.2721128463745117,,,,
33673,33673,2.242478847503662,,,,
33674,33674,2.2677886486053467,,,,
33675,33675,2.256397247314453,,,,
33676,33676,2.2561488151550293,,,,
33677,33677,2.2580459117889404,,,,
33678,33678,2.255802631378174,,,,
33679,33679,,2.2526464462280273,,,
33679,33679,2.2526464462280273,,,,
33680,33680,2.2455272674560547,,,,
33681,33681,2.2666099071502686,,,,
33682,33682,2.2452099323272705,,,,
33683,33683,2.2449734210968018,,,,
33684,33684,2.24833345413208,,,,
33685,33685,2.2524707317352295,,,,
33686,33686,2.2442514896392822,,,,
33687,33687,2.2469096183776855,,,,
33688,33688,2.2608447074890137,,,,
33689,33689,,2.2480130195617676,,,
33689,33689,2.2480130195617676,,,,
33690,33690,2.2467148303985596,,,,
33691,33691,2.2437868118286133,,,,
33692,33692,2.260098695755005,,,,
33693,33693,2.249448299407959,,,,
33694,33694,2.2482106685638428,,,,
33695,33695,2.2562572956085205,,,,
33696,33696,2.2409393787384033,,,,
33697,33697,2.2477550506591797,,,,
33698,33698,2.2401585578918457,,,,
33699,33699,,2.2550320625305176,,,
33699,33699,2.2550320625305176,,,,
33700,33700,2.247753143310547,,,,
33701,33701,2.2409892082214355,,,,
33702,33702,2.259599208831787,,,,
33703,33703,2.240905284881592,,,,
33704,33704,2.2472357749938965,,,,
33705,33705,2.2492353916168213,,,,
33706,33706,2.2501931190490723,,,,
33707,33707,2.2453043460845947,,,,
33708,33708,2.2464869022369385,,,,
33709,33709,,2.252206563949585,,,
33709,33709,2.252206563949585,,,,
33710,33710,2.247096061706543,,,,
33711,33711,2.2415788173675537,,,,
33712,33712,2.2440738677978516,,,,
33713,33713,2.2448930740356445,,,,
33714,33714,2.2474465370178223,,,,
33715,33715,2.2466681003570557,,,,
33716,33716,2.247663974761963,,,,
33717,33717,2.246079206466675,,,,
33718,33718,2.2497143745422363,,,,
33719,33719,,2.2467076778411865,,,
33719,33719,2.2467076778411865,,,,
33720,33720,2.243359088897705,,,,
33721,33721,2.2445731163024902,,,,
33722,33722,2.257956027984619,,,,
33723,33723,2.2424488067626953,,,,
33724,33724,2.2444705963134766,,,,
33725,33725,2.2646074295043945,,,,
33726,33726,2.2409486770629883,,,,
33727,33727,2.246633768081665,,,,
33728,33728,2.2833540439605713,,,,
33729,33729,,2.279245615005493,,,
33729,33729,2.279245615005493,,,,
33730,33730,2.241551160812378,,,,
33731,33731,2.3494362831115723,,,,
33732,33732,2.308744430541992,,,,
33733,33733,2.270704507827759,,,,
33734,33734,2.370302200317383,,,,
33735,33735,2.29249906539917,,,,
33736,33736,2.286747455596924,,,,
33737,33737,2.3405630588531494,,,,
33738,33738,2.273134469985962,,,,
33739,33739,,2.2837448120117188,,,
33739,33739,2.2837448120117188,,,,
33740,33740,2.3308026790618896,,,,
33741,33741,2.2553961277008057,,,,
33742,33742,2.263122797012329,,,,
33743,33743,2.302499771118164,,,,
33744,33744,2.248265504837036,,,,
33745,33745,2.2429380416870117,,,,
33746,33746,2.29792857170105,,,,
33747,33747,2.2678849697113037,,,,
33748,33748,2.2477264404296875,,,,
33749,33749,,2.3560523986816406,,,
33749,33749,2.3560523986816406,,,,
33750,33750,2.30985951423645,,,,
33751,33751,2.2679824829101562,,,,
33752,33752,2.4033868312835693,,,,
33753,33753,2.284820318222046,,,,
33754,33754,2.2991278171539307,,,,
33755,33755,2.3499746322631836,,,,
33756,33756,2.2526638507843018,,,,
33757,33757,2.267915964126587,,,,
33758,33758,2.2601094245910645,,,,
33759,33759,,2.2752575874328613,,,
33759,33759,2.2752575874328613,,,,
33760,33760,2.2600061893463135,,,,
33761,33761,2.2529642581939697,,,,
33762,33762,2.338346004486084,,,,
33763,33763,2.277175188064575,,,,
33764,33764,2.2517576217651367,,,,
33765,33765,2.3914918899536133,,,,
33766,33766,2.274905204772949,,,,
33767,33767,2.263765335083008,,,,
33768,33768,2.3458759784698486,,,,
33769,33769,,2.2503747940063477,,,
33769,33769,2.2503747940063477,,,,
33770,33770,2.267129898071289,,,,
33771,33771,2.300665855407715,,,,
33772,33772,2.249239683151245,,,,
33773,33773,2.249784469604492,,,,
33774,33774,2.292203903198242,,,,
33775,33775,2.256232976913452,,,,
33776,33776,2.2461581230163574,,,,
33777,33777,2.317920207977295,,,,
33778,33778,2.2597455978393555,,,,
33779,33779,,2.241288185119629,,,
33779,33779,2.241288185119629,,,,
33780,33780,2.349693536758423,,,,
33781,33781,2.274329662322998,,,,
33782,33782,2.2608747482299805,,,,
33783,33783,2.3774588108062744,,,,
33784,33784,2.252439260482788,,,,
33785,33785,2.2736570835113525,,,,
33786,33786,2.2939116954803467,,,,
33787,33787,2.2439777851104736,,,,
33788,33788,2.2488067150115967,,,,
33789,33789,,2.2490270137786865,,,
33789,33789,2.2490270137786865,,,,
33790,33790,2.2669715881347656,,,,
33791,33791,2.2601475715637207,,,,
33792,33792,2.2496283054351807,,,,
33793,33793,2.3505282402038574,,,,
33794,33794,2.30548357963562,,,,
33795,33795,2.2445435523986816,,,,
33796,33796,2.4087653160095215,,,,
33797,33797,2.28290057182312,,,,
33798,33798,2.2870779037475586,,,,
33799,33799,,2.3607378005981445,,,
33799,33799,2.3607378005981445,,,,
33800,33800,2.24537992477417,,,,
33801,33801,2.265195846557617,,,,
33802,33802,2.269880533218384,,,,
33803,33803,2.2471301555633545,,,,
33804,33804,2.242082357406616,,,,
33805,33805,2.2466204166412354,,,,
33806,33806,2.2610509395599365,,,,
33807,33807,2.244666337966919,,,,
33808,33808,2.2365360260009766,,,,
33809,33809,,2.299553871154785,,,
33809,33809,2.299553871154785,,,,
33810,33810,2.3071420192718506,,,,
33811,33811,2.246021032333374,,,,
33812,33812,2.4257354736328125,,,,
33813,33813,2.3781261444091797,,,,
33814,33814,2.2633602619171143,,,,
33815,33815,2.4223978519439697,,,,
33816,33816,2.2685422897338867,,,,
33817,33817,2.3202757835388184,,,,
33818,33818,2.3443784713745117,,,,
33819,33819,,2.25510573387146,,,
33819,33819,2.25510573387146,,,,
33820,33820,2.258697509765625,,,,
33821,33821,2.2471742630004883,,,,
33822,33822,2.2872955799102783,,,,
33823,33823,2.279898166656494,,,,
33824,33824,2.2379682064056396,,,,
33825,33825,2.358928918838501,,,,
33826,33826,2.2777352333068848,,,,
33827,33827,2.2595584392547607,,,,
33828,33828,2.3684215545654297,,,,
33829,33829,,2.257688045501709,,,
33829,33829,2.257688045501709,,,,
33830,33830,2.2545273303985596,,,,
33831,33831,2.3372557163238525,,,,
33832,33832,2.2555925846099854,,,,
33833,33833,2.244230031967163,,,,
33834,33834,2.319913864135742,,,,
33835,33835,2.263871431350708,,,,
33836,33836,2.2441532611846924,,,,
33837,33837,2.3430066108703613,,,,
33838,33838,2.2733988761901855,,,,
33839,33839,,2.247671127319336,,,
33839,33839,2.247671127319336,,,,
33840,33840,2.366084337234497,,,,
33841,33841,2.279000997543335,,,,
33842,33842,2.251399278640747,,,,
33843,33843,2.3722479343414307,,,,
33844,33844,2.270761489868164,,,,
33845,33845,2.252230644226074,,,,
33846,33846,2.370887279510498,,,,
33847,33847,2.2679500579833984,,,,
33848,33848,2.2585670948028564,,,,
33849,33849,,2.369828701019287,,,
33849,33849,2.369828701019287,,,,
33850,33850,2.259406089782715,,,,
33851,33851,2.2504281997680664,,,,
33852,33852,2.340985059738159,,,,
33853,33853,2.242818593978882,,,,
33854,33854,2.2445008754730225,,,,
33855,33855,2.3275632858276367,,,,
33856,33856,2.2646708488464355,,,,
33857,33857,2.228989362716675,,,,
33858,33858,2.333146095275879,,,,
33859,33859,,2.2717947959899902,,,
33859,33859,2.2717947959899902,,,,
33860,33860,2.237966775894165,,,,
33861,33861,2.3364744186401367,,,,
33862,33862,2.2687642574310303,,,,
33863,33863,2.2319695949554443,,,,
33864,33864,2.334699869155884,,,,
33865,33865,2.2706098556518555,,,,
33866,33866,2.234463930130005,,,,
33867,33867,2.346999406814575,,,,
33868,33868,2.2738683223724365,,,,
33869,33869,,2.2491087913513184,,,
33869,33869,2.2491087913513184,,,,
33870,33870,2.3514211177825928,,,,
33871,33871,2.264949321746826,,,,
33872,33872,2.2548537254333496,,,,
33873,33873,2.344290018081665,,,,
33874,33874,2.2651216983795166,,,,
33875,33875,2.250169277191162,,,,
33876,33876,2.3487799167633057,,,,
33877,33877,2.2645158767700195,,,,
33878,33878,2.255204439163208,,,,
33879,33879,,2.347752094268799,,,
33879,33879,2.347752094268799,,,,
33880,33880,2.2629213333129883,,,,
33881,33881,2.25380539894104,,,,
33882,33882,2.3342933654785156,,,,
33883,33883,2.2529678344726562,,,,
33884,33884,2.2470836639404297,,,,
33885,33885,2.324833631515503,,,,
33886,33886,2.256352424621582,,,,
33887,33887,2.242469310760498,,,,
33888,33888,2.3117058277130127,,,,
33889,33889,,2.2535531520843506,,,
33889,33889,2.2535531520843506,,,,
33890,33890,2.2301926612854004,,,,
33891,33891,2.287137985229492,,,,
33892,33892,2.2401301860809326,,,,
33893,33893,2.239065647125244,,,,
33894,33894,2.2819595336914062,,,,
33895,33895,2.2364914417266846,,,,
33896,33896,2.2331504821777344,,,,
33897,33897,2.270409107208252,,,,
33898,33898,2.2292442321777344,,,,
33899,33899,,2.2374634742736816,,,
33899,33899,2.2374634742736816,,,,
33900,33900,2.2674686908721924,,,,
33901,33901,2.23171329498291,,,,
33902,33902,2.2298800945281982,,,,
33903,33903,2.2582104206085205,,,,
33904,33904,2.23042631149292,,,,
33905,33905,2.224879264831543,,,,
33906,33906,2.245203971862793,,,,
33907,33907,2.230241298675537,,,,
33908,33908,2.2235357761383057,,,,
33909,33909,,2.2424514293670654,,,
33909,33909,2.2424514293670654,,,,
33910,33910,2.2353157997131348,,,,
33911,33911,2.229402780532837,,,,
33912,33912,2.2495005130767822,,,,
33913,33913,2.251070499420166,,,,
33914,33914,2.228544235229492,,,,
33915,33915,2.2536754608154297,,,,
33916,33916,2.250673294067383,,,,
33917,33917,2.2286972999572754,,,,
33918,33918,2.250089645385742,,,,
33919,33919,,2.2468314170837402,,,
33919,33919,2.2468314170837402,,,,
33920,33920,2.2299842834472656,,,,
33921,33921,2.2400548458099365,,,,
33922,33922,2.233898639678955,,,,
33923,33923,2.226022243499756,,,,
33924,33924,2.243131160736084,,,,
33925,33925,2.2538628578186035,,,,
33926,33926,2.2316653728485107,,,,
33927,33927,2.258864402770996,,,,
33928,33928,2.2658088207244873,,,,
33929,33929,,2.2247862815856934,,,
33929,33929,2.2247862815856934,,,,
33930,33930,2.2452125549316406,,,,
33931,33931,2.2650346755981445,,,,
33932,33932,2.2259504795074463,,,,
33933,33933,2.216428279876709,,,,
33934,33934,2.2233831882476807,,,,
33935,33935,2.218204975128174,,,,
33936,33936,2.2287914752960205,,,,
33937,33937,2.226555109024048,,,,
33938,33938,2.234781265258789,,,,
33939,33939,,2.2190284729003906,,,
33939,33939,2.2190284729003906,,,,
33940,33940,2.209869861602783,,,,
33941,33941,2.2193233966827393,,,,
33942,33942,2.22900390625,,,,
33943,33943,2.223127841949463,,,,
33944,33944,2.209872245788574,,,,
33945,33945,2.2139289379119873,,,,
33946,33946,2.2379043102264404,,,,
33947,33947,2.2661383152008057,,,,
33948,33948,2.2313694953918457,,,,
33949,33949,,2.2165703773498535,,,
33949,33949,2.2165703773498535,,,,
33950,33950,2.2218523025512695,,,,
33951,33951,2.217986583709717,,,,
33952,33952,2.2147216796875,,,,
33953,33953,2.2174675464630127,,,,
33954,33954,2.2242214679718018,,,,
33955,33955,2.2212140560150146,,,,
33956,33956,2.2149267196655273,,,,
33957,33957,2.22268009185791,,,,
33958,33958,2.2319164276123047,,,,
33959,33959,,2.2155487537384033,,,
33959,33959,2.2155487537384033,,,,
33960,33960,2.234994888305664,,,,
33961,33961,2.232041120529175,,,,
33962,33962,2.216179847717285,,,,
33963,33963,2.2595975399017334,,,,
33964,33964,2.241715669631958,,,,
33965,33965,2.224708318710327,,,,
33966,33966,2.268826484680176,,,,
33967,33967,2.234570026397705,,,,
33968,33968,2.2337749004364014,,,,
33969,33969,,2.249079704284668,,,
33969,33969,2.249079704284668,,,,
33970,33970,2.2182068824768066,,,,
33971,33971,2.232215642929077,,,,
33972,33972,2.227786064147949,,,,
33973,33973,2.229097843170166,,,,
33974,33974,2.225001096725464,,,,
33975,33975,2.2227964401245117,,,,
33976,33976,2.2235629558563232,,,,
33977,33977,2.22709584236145,,,,
33978,33978,2.2215652465820312,,,,
33979,33979,,2.2228777408599854,,,
33979,33979,2.2228777408599854,,,,
33980,33980,2.233349323272705,,,,
33981,33981,2.2148959636688232,,,,
33982,33982,2.236306667327881,,,,
33983,33983,2.2424020767211914,,,,
33984,33984,2.2205076217651367,,,,
33985,33985,2.2669284343719482,,,,
33986,33986,2.287080764770508,,,,
33987,33987,2.2505979537963867,,,,
33988,33988,2.2187442779541016,,,,
33989,33989,,2.2420525550842285,,,
33989,33989,2.2420525550842285,,,,
33990,33990,2.225135564804077,,,,
33991,33991,2.2222094535827637,,,,
33992,33992,2.2259092330932617,,,,
33993,33993,2.2247231006622314,,,,
33994,33994,2.2253639698028564,,,,
33995,33995,2.228034734725952,,,,
33996,33996,2.2236905097961426,,,,
33997,33997,2.229771852493286,,,,
33998,33998,2.228541374206543,,,,
33999,33999,,2.226421594619751,,,
33999,33999,,,0.16549639403820038,167.52069091796875,167.52069091796875
33999,33999,2.226421594619751,,,,
34000,34000,2.226104259490967,,,,
34001,34001,2.2266290187835693,,,,
34002,34002,2.2265241146087646,,,,
34003,34003,2.2254130840301514,,,,
34004,34004,2.227370023727417,,,,
34005,34005,2.220527172088623,,,,
34006,34006,2.222947120666504,,,,
34007,34007,2.2268295288085938,,,,
34008,34008,2.2260072231292725,,,,
34009,34009,,2.227184534072876,,,
34009,34009,2.227184534072876,,,,
34010,34010,2.2339797019958496,,,,
34011,34011,2.233229398727417,,,,
34012,34012,2.2267065048217773,,,,
34013,34013,2.2283778190612793,,,,
34014,34014,2.228787899017334,,,,
34015,34015,2.2264842987060547,,,,
34016,34016,2.2287354469299316,,,,
34017,34017,2.226625442504883,,,,
34018,34018,2.2229654788970947,,,,
34019,34019,,2.2269816398620605,,,
34019,34019,2.2269816398620605,,,,
34020,34020,2.224601984024048,,,,
34021,34021,2.2273285388946533,,,,
34022,34022,2.2290098667144775,,,,
34023,34023,2.2325079441070557,,,,
34024,34024,2.2379701137542725,,,,
34025,34025,2.2339072227478027,,,,
34026,34026,2.237016201019287,,,,
34027,34027,2.2284650802612305,,,,
34028,34028,2.229867935180664,,,,
34029,34029,,2.223376989364624,,,
34029,34029,2.223376989364624,,,,
34030,34030,2.223442316055298,,,,
34031,34031,2.2348217964172363,,,,
34032,34032,2.225679636001587,,,,
34033,34033,2.234567165374756,,,,
34034,34034,2.2293670177459717,,,,
34035,34035,2.232029438018799,,,,
34036,34036,2.229419708251953,,,,
34037,34037,2.236301898956299,,,,
34038,34038,2.232762098312378,,,,
34039,34039,,2.220146417617798,,,
34039,34039,2.220146417617798,,,,
34040,34040,2.231729030609131,,,,
34041,34041,2.231415033340454,,,,
34042,34042,2.2146289348602295,,,,
34043,34043,2.223271608352661,,,,
34044,34044,2.227648973464966,,,,
34045,34045,2.2199437618255615,,,,
34046,34046,2.2157881259918213,,,,
34047,34047,2.2269294261932373,,,,
34048,34048,2.229904890060425,,,,
34049,34049,,2.2299575805664062,,,
34049,34049,2.2299575805664062,,,,
34050,34050,2.228992223739624,,,,
34051,34051,2.2307651042938232,,,,
34052,34052,2.228731155395508,,,,
34053,34053,2.2265148162841797,,,,
34054,34054,2.2271976470947266,,,,
34055,34055,2.227517604827881,,,,
34056,34056,2.227262496948242,,,,
34057,34057,2.225529909133911,,,,
34058,34058,2.226781129837036,,,,
34059,34059,,2.2255239486694336,,,
34059,34059,2.2255239486694336,,,,
34060,34060,2.227184534072876,,,,
34061,34061,2.2226948738098145,,,,
34062,34062,2.2355079650878906,,,,
34063,34063,2.229569435119629,,,,
34064,34064,2.265275478363037,,,,
34065,34065,2.2700374126434326,,,,
34066,34066,2.300706148147583,,,,
34067,34067,2.251523733139038,,,,
34068,34068,2.23665452003479,,,,
34069,34069,,2.2164673805236816,,,
34069,34069,2.2164673805236816,,,,
34070,34070,2.23110032081604,,,,
34071,34071,2.3004891872406006,,,,
34072,34072,2.2838025093078613,,,,
34073,34073,2.334472179412842,,,,
34074,34074,2.2623744010925293,,,,
34075,34075,2.240426540374756,,,,
34076,34076,2.229552984237671,,,,
34077,34077,2.2733256816864014,,,,
34078,34078,2.374309539794922,,,,
34079,34079,,2.2878668308258057,,,
34079,34079,2.2878668308258057,,,,
34080,34080,2.254129409790039,,,,
34081,34081,2.2278900146484375,,,,
34082,34082,2.2605011463165283,,,,
34083,34083,2.356501817703247,,,,
34084,34084,2.2759170532226562,,,,
34085,34085,2.267637252807617,,,,
34086,34086,2.2154641151428223,,,,
34087,34087,2.229295253753662,,,,
34088,34088,2.2156081199645996,,,,
34089,34089,,2.227832078933716,,,
34089,34089,2.227832078933716,,,,
34090,34090,2.3539767265319824,,,,
34091,34091,2.4459025859832764,,,,
34092,34092,2.610398530960083,,,,
34093,34093,2.210970163345337,,,,
34094,34094,2.4139537811279297,,,,
34095,34095,2.9327688217163086,,,,
34096,34096,2.2267403602600098,,,,
34097,34097,2.6412160396575928,,,,
34098,34098,3.2019765377044678,,,,
34099,34099,,2.299687385559082,,,
34099,34099,2.299687385559082,,,,
34100,34100,3.4628546237945557,,,,
34101,34101,3.6546237468719482,,,,
34102,34102,3.203821897506714,,,,
34103,34103,3.6770665645599365,,,,
34104,34104,2.4087297916412354,,,,
34105,34105,3.076721429824829,,,,
34106,34106,2.3464179039001465,,,,
34107,34107,3.02350115776062,,,,
34108,34108,2.478250503540039,,,,
34109,34109,,2.8619937896728516,,,
34109,34109,2.8619937896728516,,,,
34110,34110,2.3429787158966064,,,,
34111,34111,2.7217695713043213,,,,
34112,34112,2.510946750640869,,,,
34113,34113,2.605466604232788,,,,
34114,34114,2.572484016418457,,,,
34115,34115,2.25382137298584,,,,
34116,34116,2.6250252723693848,,,,
34117,34117,2.232952833175659,,,,
34118,34118,2.4863760471343994,,,,
34119,34119,,2.321307897567749,,,
34119,34119,2.321307897567749,,,,
34120,34120,2.3989415168762207,,,,
34121,34121,2.4012537002563477,,,,
34122,34122,2.230239152908325,,,,
34123,34123,2.416378974914551,,,,
34124,34124,2.2354493141174316,,,,
34125,34125,2.358261823654175,,,,
34126,34126,2.299445629119873,,,,
34127,34127,2.273390293121338,,,,
34128,34128,2.3012943267822266,,,,
34129,34129,,2.2313549518585205,,,
34129,34129,2.2313549518585205,,,,
34130,34130,2.2751522064208984,,,,
34131,34131,2.2355942726135254,,,,
34132,34132,2.325394868850708,,,,
34133,34133,2.2404236793518066,,,,
34134,34134,2.257838249206543,,,,
34135,34135,2.229440450668335,,,,
34136,34136,2.2619287967681885,,,,
34137,34137,2.2688257694244385,,,,
34138,34138,2.2336649894714355,,,,
34139,34139,,2.3164422512054443,,,
34139,34139,2.3164422512054443,,,,
34140,34140,2.2292392253875732,,,,
34141,34141,2.241025924682617,,,,
34142,34142,2.2280094623565674,,,,
34143,34143,2.2529046535491943,,,,
34144,34144,2.247872829437256,,,,
34145,34145,2.2277672290802,,,,
34146,34146,2.2828452587127686,,,,
34147,34147,2.217717170715332,,,,
34148,34148,2.237593650817871,,,,
34149,34149,,2.2692036628723145,,,
34149,34149,2.2692036628723145,,,,
34150,34150,2.2167270183563232,,,,
34151,34151,2.2197039127349854,,,,
34152,34152,2.255970001220703,,,,
34153,34153,2.2174556255340576,,,,
34154,34154,2.2182540893554688,,,,
34155,34155,2.256927728652954,,,,
34156,34156,2.227681875228882,,,,
34157,34157,2.2174322605133057,,,,
34158,34158,2.263793706893921,,,,
34159,34159,,2.2212252616882324,,,
34159,34159,2.2212252616882324,,,,
34160,34160,2.214716911315918,,,,
34161,34161,2.2383713722229004,,,,
34162,34162,2.218876600265503,,,,
34163,34163,2.2183802127838135,,,,
34164,34164,2.245537281036377,,,,
34165,34165,2.2211616039276123,,,,
34166,34166,2.219487190246582,,,,
34167,34167,2.251188039779663,,,,
34168,34168,2.227936029434204,,,,
34169,34169,,2.2212774753570557,,,
34169,34169,2.2212774753570557,,,,
34170,34170,2.278221607208252,,,,
34171,34171,2.2326571941375732,,,,
34172,34172,2.2217798233032227,,,,
34173,34173,2.286339044570923,,,,
34174,34174,2.2243900299072266,,,,
34175,34175,2.227433681488037,,,,
34176,34176,2.270212411880493,,,,
34177,34177,2.2224299907684326,,,,
34178,34178,2.2212588787078857,,,,
34179,34179,,2.2412314414978027,,,
34179,34179,2.2412314414978027,,,,
34180,34180,2.2218852043151855,,,,
34181,34181,2.2167813777923584,,,,
34182,34182,2.235553741455078,,,,
34183,34183,2.2185826301574707,,,,
34184,34184,2.2198708057403564,,,,
34185,34185,2.2331252098083496,,,,
34186,34186,2.220111608505249,,,,
34187,34187,2.221067190170288,,,,
34188,34188,2.227790594100952,,,,
34189,34189,,2.2206523418426514,,,
34189,34189,2.2206523418426514,,,,
34190,34190,2.2224180698394775,,,,
34191,34191,2.2274250984191895,,,,
34192,34192,2.2278192043304443,,,,
34193,34193,2.2264320850372314,,,,
34194,34194,2.218465805053711,,,,
34195,34195,2.2207412719726562,,,,
34196,34196,2.2223458290100098,,,,
34197,34197,2.2180705070495605,,,,
34198,34198,2.2183408737182617,,,,
34199,34199,,2.2331502437591553,,,
34199,34199,2.2331502437591553,,,,
34200,34200,2.2192885875701904,,,,
34201,34201,2.222637176513672,,,,
34202,34202,2.2200331687927246,,,,
34203,34203,2.211566209793091,,,,
34204,34204,2.2287046909332275,,,,
34205,34205,2.216895341873169,,,,
34206,34206,2.2275185585021973,,,,
34207,34207,2.239213466644287,,,,
34208,34208,2.220186710357666,,,,
34209,34209,,2.2335917949676514,,,
34209,34209,2.2335917949676514,,,,
34210,34210,2.2573540210723877,,,,
34211,34211,2.219430685043335,,,,
34212,34212,2.2487592697143555,,,,
34213,34213,2.24294114112854,,,,
34214,34214,2.2218542098999023,,,,
34215,34215,2.250276803970337,,,,
34216,34216,2.2278873920440674,,,,
34217,34217,2.227644920349121,,,,
34218,34218,2.25174880027771,,,,
34219,34219,,2.2245349884033203,,,
34219,34219,2.2245349884033203,,,,
34220,34220,2.222233533859253,,,,
34221,34221,2.241366386413574,,,,
34222,34222,2.2248642444610596,,,,
34223,34223,2.216125011444092,,,,
34224,34224,2.2290778160095215,,,,
34225,34225,2.221520185470581,,,,
34226,34226,2.2247328758239746,,,,
34227,34227,2.2255053520202637,,,,
34228,34228,2.223539352416992,,,,
34229,34229,,2.2120842933654785,,,
34229,34229,2.2120842933654785,,,,
34230,34230,2.2186903953552246,,,,
34231,34231,2.2159318923950195,,,,
34232,34232,2.2153077125549316,,,,
34233,34233,2.2207412719726562,,,,
34234,34234,2.21506404876709,,,,
34235,34235,2.211423635482788,,,,
34236,34236,2.213968515396118,,,,
34237,34237,2.2152514457702637,,,,
34238,34238,2.2154006958007812,,,,
34239,34239,,2.217576503753662,,,
34239,34239,2.217576503753662,,,,
34240,34240,2.209951162338257,,,,
34241,34241,2.2114596366882324,,,,
34242,34242,2.221444606781006,,,,
34243,34243,2.2086281776428223,,,,
34244,34244,2.209496021270752,,,,
34245,34245,2.2147765159606934,,,,
34246,34246,2.209768533706665,,,,
34247,34247,2.2132701873779297,,,,
34248,34248,2.2077131271362305,,,,
34249,34249,,2.215332508087158,,,
34249,34249,2.215332508087158,,,,
34250,34250,2.212750196456909,,,,
34251,34251,2.212669610977173,,,,
34252,34252,2.215053081512451,,,,
34253,34253,2.2136952877044678,,,,
34254,34254,2.215292453765869,,,,
34255,34255,2.2132866382598877,,,,
34256,34256,2.219547986984253,,,,
34257,34257,2.2044899463653564,,,,
34258,34258,2.2167646884918213,,,,
34259,34259,,2.224590539932251,,,
34259,34259,2.224590539932251,,,,
34260,34260,2.2312874794006348,,,,
34261,34261,2.2266101837158203,,,,
34262,34262,2.207526922225952,,,,
34263,34263,2.2010748386383057,,,,
34264,34264,2.213982105255127,,,,
34265,34265,2.2001872062683105,,,,
34266,34266,2.20589542388916,,,,
34267,34267,2.2106568813323975,,,,
34268,34268,2.2048816680908203,,,,
34269,34269,,2.2053396701812744,,,
34269,34269,2.2053396701812744,,,,
34270,34270,2.2109711170196533,,,,
34271,34271,2.2010691165924072,,,,
34272,34272,2.206749439239502,,,,
34273,34273,2.219419240951538,,,,
34274,34274,2.2091822624206543,,,,
34275,34275,2.2129592895507812,,,,
34276,34276,2.2185139656066895,,,,
34277,34277,2.2124886512756348,,,,
34278,34278,2.212529182434082,,,,
34279,34279,,2.2146384716033936,,,
34279,34279,2.2146384716033936,,,,
34280,34280,2.2080838680267334,,,,
34281,34281,2.2049338817596436,,,,
34282,34282,2.2160260677337646,,,,
34283,34283,2.206939220428467,,,,
34284,34284,2.202263116836548,,,,
34285,34285,2.214146614074707,,,,
34286,34286,2.2149906158447266,,,,
34287,34287,2.2051842212677,,,,
34288,34288,2.206866502761841,,,,
34289,34289,,2.196378469467163,,,
34289,34289,2.196378469467163,,,,
34290,34290,2.1969528198242188,,,,
34291,34291,2.205634355545044,,,,
34292,34292,2.198709011077881,,,,
34293,34293,2.2085611820220947,,,,
34294,34294,2.2125658988952637,,,,
34295,34295,2.2024080753326416,,,,
34296,34296,2.2159907817840576,,,,
34297,34297,2.2038424015045166,,,,
34298,34298,2.2037014961242676,,,,
34299,34299,,2.2064144611358643,,,
34299,34299,2.2064144611358643,,,,
34300,34300,2.210638999938965,,,,
34301,34301,2.2087912559509277,,,,
34302,34302,2.2062880992889404,,,,
34303,34303,2.2115535736083984,,,,
34304,34304,2.212216854095459,,,,
34305,34305,2.205451250076294,,,,
34306,34306,2.2046797275543213,,,,
34307,34307,2.2084105014801025,,,,
34308,34308,2.206169843673706,,,,
34309,34309,,2.2056851387023926,,,
34309,34309,2.2056851387023926,,,,
34310,34310,2.2040719985961914,,,,
34311,34311,2.203669309616089,,,,
34312,34312,2.2054831981658936,,,,
34313,34313,2.202395439147949,,,,
34314,34314,2.203230142593384,,,,
34315,34315,2.2078068256378174,,,,
34316,34316,2.2063686847686768,,,,
34317,34317,2.211235761642456,,,,
34318,34318,2.208970069885254,,,,
34319,34319,,2.2135069370269775,,,
34319,34319,2.2135069370269775,,,,
34320,34320,2.219428777694702,,,,
34321,34321,2.2051796913146973,,,,
34322,34322,2.2168240547180176,,,,
34323,34323,2.208094358444214,,,,
34324,34324,2.220101833343506,,,,
34325,34325,2.2013261318206787,,,,
34326,34326,2.204350471496582,,,,
34327,34327,2.1996283531188965,,,,
34328,34328,2.2171413898468018,,,,
34329,34329,,2.215825080871582,,,
34329,34329,2.215825080871582,,,,
34330,34330,2.2102389335632324,,,,
34331,34331,2.2024264335632324,,,,
34332,34332,2.1972382068634033,,,,
34333,34333,2.2032768726348877,,,,
34334,34334,2.207061767578125,,,,
34335,34335,2.198309898376465,,,,
34336,34336,2.206735134124756,,,,
34337,34337,2.1991491317749023,,,,
34338,34338,2.206134557723999,,,,
34339,34339,,2.2041220664978027,,,
34339,34339,2.2041220664978027,,,,
34340,34340,2.216372489929199,,,,
34341,34341,2.2068159580230713,,,,
34342,34342,2.20804762840271,,,,
34343,34343,2.196657180786133,,,,
34344,34344,2.2065017223358154,,,,
34345,34345,2.205519199371338,,,,
34346,34346,2.219139575958252,,,,
34347,34347,2.2106857299804688,,,,
34348,34348,2.207625389099121,,,,
34349,34349,,2.196810007095337,,,
34349,34349,2.196810007095337,,,,
34350,34350,2.2017393112182617,,,,
34351,34351,2.2033517360687256,,,,
34352,34352,2.2128942012786865,,,,
34353,34353,2.2078163623809814,,,,
34354,34354,2.20497727394104,,,,
34355,34355,2.1909029483795166,,,,
34356,34356,2.1946094036102295,,,,
34357,34357,2.1886847019195557,,,,
34358,34358,2.1991653442382812,,,,
34359,34359,,2.2026331424713135,,,
34359,34359,2.2026331424713135,,,,
34360,34360,2.2031898498535156,,,,
34361,34361,2.198538303375244,,,,
34362,34362,2.20229434967041,,,,
34363,34363,2.2016518115997314,,,,
34364,34364,2.2017252445220947,,,,
34365,34365,2.2030863761901855,,,,
34366,34366,2.1861066818237305,,,,
34367,34367,2.1891939640045166,,,,
34368,34368,2.2020885944366455,,,,
34369,34369,,2.2019031047821045,,,
34369,34369,2.2019031047821045,,,,
34370,34370,2.20023775100708,,,,
34371,34371,2.185291290283203,,,,
34372,34372,2.1760852336883545,,,,
34373,34373,2.1730618476867676,,,,
34374,34374,2.1736137866973877,,,,
34375,34375,2.183734178543091,,,,
34376,34376,2.17663311958313,,,,
34377,34377,2.182821273803711,,,,
34378,34378,2.1759603023529053,,,,
34379,34379,,2.173476457595825,,,
34379,34379,2.173476457595825,,,,
34380,34380,2.1736176013946533,,,,
34381,34381,2.1765871047973633,,,,
34382,34382,2.174474000930786,,,,
34383,34383,2.182030200958252,,,,
34384,34384,2.1759867668151855,,,,
34385,34385,2.174619674682617,,,,
34386,34386,2.18355655670166,,,,
34387,34387,2.1751482486724854,,,,
34388,34388,2.1728880405426025,,,,
34389,34389,,2.189849376678467,,,
34389,34389,2.189849376678467,,,,
34390,34390,2.182466506958008,,,,
34391,34391,2.192636728286743,,,,
34392,34392,2.1782360076904297,,,,
34393,34393,2.178163528442383,,,,
34394,34394,2.179673194885254,,,,
34395,34395,2.1701674461364746,,,,
34396,34396,2.178483247756958,,,,
34397,34397,2.188060760498047,,,,
34398,34398,2.1791043281555176,,,,
34399,34399,,2.1906118392944336,,,
34399,34399,2.1906118392944336,,,,
34400,34400,2.1693994998931885,,,,
34401,34401,2.1744184494018555,,,,
34402,34402,2.1995391845703125,,,,
34403,34403,2.1781914234161377,,,,
34404,34404,2.180913209915161,,,,
34405,34405,2.186624526977539,,,,
34406,34406,2.1796116828918457,,,,
34407,34407,2.1942784786224365,,,,
34408,34408,2.173764228820801,,,,
34409,34409,,2.1766598224639893,,,
34409,34409,2.1766598224639893,,,,
34410,34410,2.1740050315856934,,,,
34411,34411,2.17244553565979,,,,
34412,34412,2.175143241882324,,,,
34413,34413,2.168966054916382,,,,
34414,34414,2.1831748485565186,,,,
34415,34415,2.1798338890075684,,,,
34416,34416,2.2022299766540527,,,,
34417,34417,2.221684455871582,,,,
34418,34418,2.261103391647339,,,,
34419,34419,,2.3288769721984863,,,
34419,34419,2.3288769721984863,,,,
34420,34420,2.262441396713257,,,,
34421,34421,2.239466667175293,,,,
34422,34422,2.2033121585845947,,,,
34423,34423,2.1793723106384277,,,,
34424,34424,2.1753439903259277,,,,
34425,34425,2.181121826171875,,,,
34426,34426,2.1758737564086914,,,,
34427,34427,2.1819868087768555,,,,
34428,34428,2.1704823970794678,,,,
34429,34429,,2.1722159385681152,,,
34429,34429,2.1722159385681152,,,,
34430,34430,2.1758008003234863,,,,
34431,34431,2.1698338985443115,,,,
34432,34432,2.1733994483947754,,,,
34433,34433,2.1737489700317383,,,,
34434,34434,2.1817238330841064,,,,
34435,34435,2.20412015914917,,,,
34436,34436,2.260319471359253,,,,
34437,34437,2.2763774394989014,,,,
34438,34438,2.31839656829834,,,,
34439,34439,,2.2144994735717773,,,
34439,34439,2.2144994735717773,,,,
34440,34440,2.1786322593688965,,,,
34441,34441,2.2547788619995117,,,,
34442,34442,2.4037365913391113,,,,
34443,34443,2.61773419380188,,,,
34444,34444,2.231708526611328,,,,
34445,34445,2.226076602935791,,,,
34446,34446,2.5619935989379883,,,,
34447,34447,2.328566074371338,,,,
34448,34448,2.1848227977752686,,,,
34449,34449,,2.2554943561553955,,,
34449,34449,2.2554943561553955,,,,
34450,34450,2.2950775623321533,,,,
34451,34451,2.246302843093872,,,,
34452,34452,2.1749839782714844,,,,
34453,34453,2.190045118331909,,,,
34454,34454,2.296145439147949,,,,
34455,34455,2.3054378032684326,,,,
34456,34456,2.329054832458496,,,,
34457,34457,2.2094736099243164,,,,
34458,34458,2.1688711643218994,,,,
34459,34459,,2.1764774322509766,,,
34459,34459,2.1764774322509766,,,,
34460,34460,2.2067973613739014,,,,
34461,34461,2.1884021759033203,,,,
34462,34462,2.1709370613098145,,,,
34463,34463,2.1715588569641113,,,,
34464,34464,2.178838014602661,,,,
34465,34465,2.181685209274292,,,,
34466,34466,2.1611416339874268,,,,
34467,34467,2.148048162460327,,,,
34468,34468,2.161531686782837,,,,
34469,34469,,2.1571638584136963,,,
34469,34469,2.1571638584136963,,,,
34470,34470,2.1525001525878906,,,,
34471,34471,2.1496639251708984,,,,
34472,34472,2.1572351455688477,,,,
34473,34473,2.158615827560425,,,,
34474,34474,2.1547913551330566,,,,
34475,34475,2.1674370765686035,,,,
34476,34476,2.178809404373169,,,,
34477,34477,2.174076795578003,,,,
34478,34478,2.1660525798797607,,,,
34479,34479,,2.1585171222686768,,,
34479,34479,2.1585171222686768,,,,
34480,34480,2.1647260189056396,,,,
34481,34481,2.166795492172241,,,,
34482,34482,2.1534383296966553,,,,
34483,34483,2.1508991718292236,,,,
34484,34484,2.1665115356445312,,,,
34485,34485,2.162747383117676,,,,
34486,34486,2.1613972187042236,,,,
34487,34487,2.1579749584198,,,,
34488,34488,2.1581332683563232,,,,
34489,34489,,2.1597511768341064,,,
34489,34489,2.1597511768341064,,,,
34490,34490,2.1588423252105713,,,,
34491,34491,2.163756847381592,,,,
34492,34492,2.169081687927246,,,,
34493,34493,2.182107925415039,,,,
34494,34494,2.2039449214935303,,,,
34495,34495,2.22591233253479,,,,
34496,34496,2.220005750656128,,,,
34497,34497,2.179348945617676,,,,
34498,34498,2.161203384399414,,,,
34499,34499,,2.157538890838623,,,
34499,34499,,,0.16418662667274475,164.87960815429688,164.87960815429688
34499,34499,2.157538890838623,,,,
34500,34500,2.155351400375366,,,,
34501,34501,2.160205125808716,,,,
34502,34502,2.155663013458252,,,,
34503,34503,2.1589226722717285,,,,
34504,34504,2.1920881271362305,,,,
34505,34505,2.2099380493164062,,,,
34506,34506,2.2384138107299805,,,,
34507,34507,2.2154252529144287,,,,
34508,34508,2.1812472343444824,,,,
34509,34509,,2.1648333072662354,,,
34509,34509,2.1648333072662354,,,,
34510,34510,2.165286064147949,,,,
34511,34511,2.1786611080169678,,,,
34512,34512,2.1899032592773438,,,,
34513,34513,2.2113099098205566,,,,
34514,34514,2.2258224487304688,,,,
34515,34515,2.2347805500030518,,,,
34516,34516,2.2039406299591064,,,,
34517,34517,2.181696891784668,,,,
34518,34518,2.1610426902770996,,,,
34519,34519,,2.1575164794921875,,,
34519,34519,2.1575164794921875,,,,
34520,34520,2.1737101078033447,,,,
34521,34521,2.1840670108795166,,,,
34522,34522,2.2237327098846436,,,,
34523,34523,2.2672078609466553,,,,
34524,34524,2.309221029281616,,,,
34525,34525,2.353224039077759,,,,
34526,34526,2.255906105041504,,,,
34527,34527,2.168596029281616,,,,
34528,34528,2.1521332263946533,,,,
34529,34529,,2.212034225463867,,,
34529,34529,2.212034225463867,,,,
34530,34530,2.2603673934936523,,,,
34531,34531,2.262399435043335,,,,
34532,34532,2.197335958480835,,,,
34533,34533,2.1538727283477783,,,,
34534,34534,2.2207067012786865,,,,
34535,34535,2.4907314777374268,,,,
34536,34536,2.5495028495788574,,,,
34537,34537,2.7364048957824707,,,,
34538,34538,2.1948156356811523,,,,
34539,34539,,2.401172161102295,,,
34539,34539,2.401172161102295,,,,
34540,34540,2.729207992553711,,,,
34541,34541,2.1856563091278076,,,,
34542,34542,2.7049720287323,,,,
34543,34543,3.3040826320648193,,,,
34544,34544,2.311311960220337,,,,
34545,34545,4.322781085968018,,,,
34546,34546,5.470591068267822,,,,
34547,34547,4.923000812530518,,,,
34548,34548,3.7758283615112305,,,,
34549,34549,,3.044832706451416,,,
34549,34549,3.044832706451416,,,,
34550,34550,3.6598875522613525,,,,
34551,34551,3.5047073364257812,,,,
34552,34552,2.8012804985046387,,,,
34553,34553,3.6440446376800537,,,,
34554,34554,3.085211992263794,,,,
34555,34555,3.7805299758911133,,,,
34556,34556,2.3710548877716064,,,,
34557,34557,4.006139755249023,,,,
34558,34558,2.5007174015045166,,,,
34559,34559,,3.4614102840423584,,,
34559,34559,3.4614102840423584,,,,
34560,34560,2.3515682220458984,,,,
34561,34561,3.7083606719970703,,,,
34562,34562,2.353759765625,,,,
34563,34563,3.097231864929199,,,,
34564,34564,2.3380651473999023,,,,
34565,34565,3.1661465167999268,,,,
34566,34566,2.25985050201416,,,,
34567,34567,2.864896059036255,,,,
34568,34568,2.332408905029297,,,,
34569,34569,,2.844813346862793,,,
34569,34569,2.844813346862793,,,,
34570,34570,2.254028081893921,,,,
34571,34571,2.6709203720092773,,,,
34572,34572,2.3439204692840576,,,,
34573,34573,2.581056833267212,,,,
34574,34574,2.2848458290100098,,,,
34575,34575,2.423900842666626,,,,
34576,34576,2.354478120803833,,,,
34577,34577,2.3683900833129883,,,,
34578,34578,2.3306162357330322,,,,
34579,34579,,2.3372397422790527,,,
34579,34579,2.3372397422790527,,,,
34580,34580,2.3359367847442627,,,,
34581,34581,2.288668632507324,,,,
34582,34582,2.3196041584014893,,,,
34583,34583,2.2549479007720947,,,,
34584,34584,2.29872727394104,,,,
34585,34585,2.236994743347168,,,,
34586,34586,2.313492774963379,,,,
34587,34587,2.2431368827819824,,,,
34588,34588,2.287463903427124,,,,
34589,34589,,2.2216296195983887,,,
34589,34589,2.2216296195983887,,,,
34590,34590,2.278501272201538,,,,
34591,34591,2.219712734222412,,,,
34592,34592,2.258676052093506,,,,
34593,34593,2.211595058441162,,,,
34594,34594,2.2461462020874023,,,,
34595,34595,2.2089688777923584,,,,
34596,34596,2.236889600753784,,,,
34597,34597,2.2044806480407715,,,,
34598,34598,2.2249414920806885,,,,
34599,34599,,2.1844751834869385,,,
34599,34599,2.1844751834869385,,,,
34600,34600,2.202929973602295,,,,
34601,34601,2.1889798641204834,,,,
34602,34602,2.180041790008545,,,,
34603,34603,2.182544231414795,,,,
34604,34604,2.1697757244110107,,,,
34605,34605,2.188648223876953,,,,
34606,34606,2.1659109592437744,,,,
34607,34607,2.179750680923462,,,,
34608,34608,2.163503408432007,,,,
34609,34609,,2.17733097076416,,,
34609,34609,2.17733097076416,,,,
34610,34610,2.1600570678710938,,,,
34611,34611,2.176874876022339,,,,
34612,34612,2.1544718742370605,,,,
34613,34613,2.1674675941467285,,,,
34614,34614,2.152815341949463,,,,
34615,34615,2.1482338905334473,,,,
34616,34616,2.1633059978485107,,,,
34617,34617,2.1487667560577393,,,,
34618,34618,2.1645748615264893,,,,
34619,34619,,2.16029691696167,,,
34619,34619,2.16029691696167,,,,
34620,34620,2.1571567058563232,,,,
34621,34621,2.1649763584136963,,,,
34622,34622,2.14680814743042,,,,
34623,34623,2.1612939834594727,,,,
34624,34624,2.146679162979126,,,,
34625,34625,2.148578405380249,,,,
34626,34626,2.154240131378174,,,,
34627,34627,2.1544547080993652,,,,
34628,34628,2.152716875076294,,,,
34629,34629,,2.1542139053344727,,,
34629,34629,2.1542139053344727,,,,
34630,34630,2.1578011512756348,,,,
34631,34631,2.150146484375,,,,
34632,34632,2.1411871910095215,,,,
34633,34633,2.1479575634002686,,,,
34634,34634,2.151972770690918,,,,
34635,34635,2.1509742736816406,,,,
34636,34636,2.153452157974243,,,,
34637,34637,2.1549246311187744,,,,
34638,34638,2.150195598602295,,,,
34639,34639,,2.1469008922576904,,,
34639,34639,2.1469008922576904,,,,
34640,34640,2.1550824642181396,,,,
34641,34641,2.1450555324554443,,,,
34642,34642,2.1541507244110107,,,,
34643,34643,2.1540534496307373,,,,
34644,34644,2.144545316696167,,,,
34645,34645,2.1432080268859863,,,,
34646,34646,2.140587329864502,,,,
34647,34647,2.1473429203033447,,,,
34648,34648,2.135798454284668,,,,
34649,34649,,2.134549856185913,,,
34649,34649,2.134549856185913,,,,
34650,34650,2.1483373641967773,,,,
34651,34651,2.13594388961792,,,,
34652,34652,2.1367390155792236,,,,
34653,34653,2.137739419937134,,,,
34654,34654,2.140810489654541,,,,
34655,34655,2.1384096145629883,,,,
34656,34656,2.1393730640411377,,,,
34657,34657,2.1366355419158936,,,,
34658,34658,2.130296468734741,,,,
34659,34659,,2.1318790912628174,,,
34659,34659,2.1318790912628174,,,,
34660,34660,2.1365623474121094,,,,
34661,34661,2.138395071029663,,,,
34662,34662,2.132688522338867,,,,
34663,34663,2.1311707496643066,,,,
34664,34664,2.1328604221343994,,,,
34665,34665,2.1315701007843018,,,,
34666,34666,2.1318938732147217,,,,
34667,34667,2.1287426948547363,,,,
34668,34668,2.1286182403564453,,,,
34669,34669,,2.1307623386383057,,,
34669,34669,2.1307623386383057,,,,
34670,34670,2.1348748207092285,,,,
34671,34671,2.1318094730377197,,,,
34672,34672,2.1383049488067627,,,,
34673,34673,2.144299030303955,,,,
34674,34674,2.1350393295288086,,,,
34675,34675,2.1481692790985107,,,,
34676,34676,2.14792799949646,,,,
34677,34677,2.146585464477539,,,,
34678,34678,2.146108865737915,,,,
34679,34679,,2.1450788974761963,,,
34679,34679,2.1450788974761963,,,,
34680,34680,2.145620346069336,,,,
34681,34681,2.1572484970092773,,,,
34682,34682,2.1508400440216064,,,,
34683,34683,2.147251605987549,,,,
34684,34684,2.1602864265441895,,,,
34685,34685,2.1685869693756104,,,,
34686,34686,2.1603434085845947,,,,
34687,34687,2.144787549972534,,,,
34688,34688,2.1406543254852295,,,,
34689,34689,,2.152817487716675,,,
34689,34689,2.152817487716675,,,,
34690,34690,2.1364428997039795,,,,
34691,34691,2.138122320175171,,,,
34692,34692,2.143021583557129,,,,
34693,34693,2.1433300971984863,,,,
34694,34694,2.1393868923187256,,,,
34695,34695,2.140953540802002,,,,
34696,34696,2.1421735286712646,,,,
34697,34697,2.127795934677124,,,,
34698,34698,2.137251138687134,,,,
34699,34699,,2.136784791946411,,,
34699,34699,2.136784791946411,,,,
34700,34700,2.1232948303222656,,,,
34701,34701,2.1276893615722656,,,,
34702,34702,2.127542018890381,,,,
34703,34703,2.1272621154785156,,,,
34704,34704,2.127077341079712,,,,
34705,34705,2.127366542816162,,,,
34706,34706,2.1254830360412598,,,,
34707,34707,2.1275479793548584,,,,
34708,34708,2.1286299228668213,,,,
34709,34709,,2.122758388519287,,,
34709,34709,2.122758388519287,,,,
34710,34710,2.1252269744873047,,,,
34711,34711,2.1224684715270996,,,,
34712,34712,2.1251935958862305,,,,
34713,34713,2.124427080154419,,,,
34714,34714,2.124056577682495,,,,
34715,34715,2.1246776580810547,,,,
34716,34716,2.1269125938415527,,,,
34717,34717,2.12284779548645,,,,
34718,34718,2.128190755844116,,,,
34719,34719,,2.126854181289673,,,
34719,34719,2.126854181289673,,,,
34720,34720,2.13193941116333,,,,
34721,34721,2.12567138671875,,,,
34722,34722,2.123896837234497,,,,
34723,34723,2.124691963195801,,,,
34724,34724,2.1259806156158447,,,,
34725,34725,2.1220057010650635,,,,
34726,34726,2.129133462905884,,,,
34727,34727,2.1274540424346924,,,,
34728,34728,2.129056692123413,,,,
34729,34729,,2.12611722946167,,,
34729,34729,2.12611722946167,,,,
34730,34730,2.1279137134552,,,,
34731,34731,2.1304924488067627,,,,
34732,34732,2.1259357929229736,,,,
34733,34733,2.131469249725342,,,,
34734,34734,2.127981424331665,,,,
34735,34735,2.124661922454834,,,,
34736,34736,2.1322758197784424,,,,
34737,34737,2.1421868801116943,,,,
34738,34738,2.141850709915161,,,,
34739,34739,,2.1304590702056885,,,
34739,34739,2.1304590702056885,,,,
34740,34740,2.1302297115325928,,,,
34741,34741,2.1284098625183105,,,,
34742,34742,2.1351726055145264,,,,
34743,34743,2.127542495727539,,,,
34744,34744,2.122206449508667,,,,
34745,34745,2.126188278198242,,,,
34746,34746,2.1344447135925293,,,,
34747,34747,2.130019187927246,,,,
34748,34748,2.134312868118286,,,,
34749,34749,,2.1283767223358154,,,
34749,34749,2.1283767223358154,,,,
34750,34750,2.1378555297851562,,,,
34751,34751,2.1299655437469482,,,,
34752,34752,2.1462562084198,,,,
34753,34753,2.140737771987915,,,,
34754,34754,2.157810688018799,,,,
34755,34755,2.13728928565979,,,,
34756,34756,2.1454432010650635,,,,
34757,34757,2.1337316036224365,,,,
34758,34758,2.1438703536987305,,,,
34759,34759,,2.1311564445495605,,,
34759,34759,2.1311564445495605,,,,
34760,34760,2.13271164894104,,,,
34761,34761,2.1289360523223877,,,,
34762,34762,2.1416513919830322,,,,
34763,34763,2.1387693881988525,,,,
34764,34764,2.136162042617798,,,,
34765,34765,2.1246118545532227,,,,
34766,34766,2.122647523880005,,,,
34767,34767,2.1384549140930176,,,,
34768,34768,2.137399196624756,,,,
34769,34769,,2.135277032852173,,,
34769,34769,2.135277032852173,,,,
34770,34770,2.1204917430877686,,,,
34771,34771,2.1179497241973877,,,,
34772,34772,2.13441801071167,,,,
34773,34773,2.1296565532684326,,,,
34774,34774,2.1390793323516846,,,,
34775,34775,2.1240456104278564,,,,
34776,34776,2.1249685287475586,,,,
34777,34777,2.1157188415527344,,,,
34778,34778,2.1277377605438232,,,,
34779,34779,,2.145141839981079,,,
34779,34779,2.145141839981079,,,,
34780,34780,2.1383705139160156,,,,
34781,34781,2.124850034713745,,,,
34782,34782,2.118136405944824,,,,
34783,34783,2.1350207328796387,,,,
34784,34784,2.1566970348358154,,,,
34785,34785,2.140515089035034,,,,
34786,34786,2.1269521713256836,,,,
34787,34787,2.1291065216064453,,,,
34788,34788,2.1302108764648438,,,,
34789,34789,,2.1492691040039062,,,
34789,34789,2.1492691040039062,,,,
34790,34790,2.1190218925476074,,,,
34791,34791,2.119623899459839,,,,
34792,34792,2.120304584503174,,,,
34793,34793,2.116086006164551,,,,
34794,34794,2.1306912899017334,,,,
34795,34795,2.1236164569854736,,,,
34796,34796,2.123535394668579,,,,
34797,34797,2.1152963638305664,,,,
34798,34798,2.1148364543914795,,,,
34799,34799,,2.137828826904297,,,
34799,34799,2.137828826904297,,,,
34800,34800,2.124821901321411,,,,
34801,34801,2.1234052181243896,,,,
34802,34802,2.1191887855529785,,,,
34803,34803,2.1402997970581055,,,,
34804,34804,2.141197919845581,,,,
34805,34805,2.121248722076416,,,,
34806,34806,2.1543333530426025,,,,
34807,34807,2.2208282947540283,,,,
34808,34808,2.2688050270080566,,,,
34809,34809,,2.134655475616455,,,
34809,34809,2.134655475616455,,,,
34810,34810,2.135944128036499,,,,
34811,34811,2.242877721786499,,,,
34812,34812,2.1926238536834717,,,,
34813,34813,2.1199281215667725,,,,
34814,34814,2.1879518032073975,,,,
34815,34815,2.2843875885009766,,,,
34816,34816,2.3039705753326416,,,,
34817,34817,2.1354520320892334,,,,
34818,34818,2.1583662033081055,,,,
34819,34819,,2.2688770294189453,,,
34819,34819,2.2688770294189453,,,,
34820,34820,2.1772093772888184,,,,
34821,34821,2.1211788654327393,,,,
34822,34822,2.2389984130859375,,,,
34823,34823,2.2832791805267334,,,,
34824,34824,2.1989574432373047,,,,
34825,34825,2.116101026535034,,,,
34826,34826,2.1720197200775146,,,,
34827,34827,2.196556806564331,,,,
34828,34828,2.119781732559204,,,,
34829,34829,,2.1234049797058105,,,
34829,34829,2.1234049797058105,,,,
34830,34830,2.1672489643096924,,,,
34831,34831,2.1525208950042725,,,,
34832,34832,2.1159443855285645,,,,
34833,34833,2.2100870609283447,,,,
34834,34834,2.2777602672576904,,,,
34835,34835,2.2530105113983154,,,,
34836,34836,2.1230154037475586,,,,
34837,34837,2.169250965118408,,,,
34838,34838,2.3109097480773926,,,,
34839,34839,,2.179417371749878,,,
34839,34839,2.179417371749878,,,,
34840,34840,2.125980854034424,,,,
34841,34841,2.2525227069854736,,,,
34842,34842,2.297168493270874,,,,
34843,34843,2.2436656951904297,,,,
34844,34844,2.1107285022735596,,,,
34845,34845,2.132784366607666,,,,
34846,34846,2.246061086654663,,,,
34847,34847,2.1885037422180176,,,,
34848,34848,2.1162099838256836,,,,
34849,34849,,2.1532721519470215,,,
34849,34849,2.1532721519470215,,,,
34850,34850,2.2250373363494873,,,,
34851,34851,2.2002553939819336,,,,
34852,34852,2.12100887298584,,,,
34853,34853,2.126769542694092,,,,
34854,34854,2.173938512802124,,,,
34855,34855,2.1902012825012207,,,,
34856,34856,2.147953987121582,,,,
34857,34857,2.1193342208862305,,,,
34858,34858,2.118567705154419,,,,
34859,34859,,2.116994619369507,,,
34859,34859,2.116994619369507,,,,
34860,34860,2.128917694091797,,,,
34861,34861,2.116349935531616,,,,
34862,34862,2.1164448261260986,,,,
34863,34863,2.11539626121521,,,,
34864,34864,2.121821880340576,,,,
34865,34865,2.1452949047088623,,,,
34866,34866,2.1166558265686035,,,,
34867,34867,2.111372947692871,,,,
34868,34868,2.117248058319092,,,,
34869,34869,,2.1301074028015137,,,
34869,34869,2.1301074028015137,,,,
34870,34870,2.1269099712371826,,,,
34871,34871,2.1083555221557617,,,,
34872,34872,2.104926109313965,,,,
34873,34873,2.102544069290161,,,,
34874,34874,2.108891248703003,,,,
34875,34875,2.12320613861084,,,,
34876,34876,2.1192944049835205,,,,
34877,34877,2.1152913570404053,,,,
34878,34878,2.100318193435669,,,,
34879,34879,,2.1062474250793457,,,
34879,34879,2.1062474250793457,,,,
34880,34880,2.1027450561523438,,,,
34881,34881,2.114729404449463,,,,
34882,34882,2.1116693019866943,,,,
34883,34883,2.108947515487671,,,,
34884,34884,2.098421096801758,,,,
34885,34885,2.104804754257202,,,,
34886,34886,2.097583055496216,,,,
34887,34887,2.1003901958465576,,,,
34888,34888,2.092172861099243,,,,
34889,34889,,2.090517997741699,,,
34889,34889,2.090517997741699,,,,
34890,34890,2.098076105117798,,,,
34891,34891,2.101038694381714,,,,
34892,34892,2.1093456745147705,,,,
34893,34893,2.1000587940216064,,,,
34894,34894,2.091259002685547,,,,
34895,34895,2.092665433883667,,,,
34896,34896,2.1026947498321533,,,,
34897,34897,2.1072494983673096,,,,
34898,34898,2.102175712585449,,,,
34899,34899,,2.0913965702056885,,,
34899,34899,2.0913965702056885,,,,
34900,34900,2.0933032035827637,,,,
34901,34901,2.1002414226531982,,,,
34902,34902,2.115135908126831,,,,
34903,34903,2.1076929569244385,,,,
34904,34904,2.096287727355957,,,,
34905,34905,2.0920674800872803,,,,
34906,34906,2.094700336456299,,,,
34907,34907,2.1192736625671387,,,,
34908,34908,2.1323630809783936,,,,
34909,34909,,2.1031975746154785,,,
34909,34909,2.1031975746154785,,,,
34910,34910,2.0915307998657227,,,,
34911,34911,2.0885465145111084,,,,
34912,34912,2.0935583114624023,,,,
34913,34913,2.0941734313964844,,,,
34914,34914,2.0926482677459717,,,,
34915,34915,2.090052843093872,,,,
34916,34916,2.0925350189208984,,,,
34917,34917,2.099747896194458,,,,
34918,34918,2.0930519104003906,,,,
34919,34919,,2.0889198780059814,,,
34919,34919,2.0889198780059814,,,,
34920,34920,2.0905590057373047,,,,
34921,34921,2.0942108631134033,,,,
34922,34922,2.090907096862793,,,,
34923,34923,2.087019681930542,,,,
34924,34924,2.1127769947052,,,,
34925,34925,2.217038631439209,,,,
34926,34926,2.392821788787842,,,,
34927,34927,2.278254508972168,,,,
34928,34928,2.1692259311676025,,,,
34929,34929,,2.0990331172943115,,,
34929,34929,2.0990331172943115,,,,
34930,34930,2.176339626312256,,,,
34931,34931,2.3521084785461426,,,,
34932,34932,2.241290807723999,,,,
34933,34933,2.109074354171753,,,,
34934,34934,2.102874994277954,,,,
34935,34935,2.205735445022583,,,,
34936,34936,2.325772523880005,,,,
34937,34937,2.253911018371582,,,,
34938,34938,2.1923038959503174,,,,
34939,34939,,2.088524103164673,,,
34939,34939,2.088524103164673,,,,
34940,34940,2.115581750869751,,,,
34941,34941,2.268334150314331,,,,
34942,34942,2.276026964187622,,,,
34943,34943,2.265246868133545,,,,
34944,34944,2.144662380218506,,,,
34945,34945,2.0928003787994385,,,,
34946,34946,2.116133213043213,,,,
34947,34947,2.178490161895752,,,,
34948,34948,2.222902536392212,,,,
34949,34949,,2.1449761390686035,,,
34949,34949,2.1449761390686035,,,,
34950,34950,2.0937225818634033,,,,
34951,34951,2.0848374366760254,,,,
34952,34952,2.089505672454834,,,,
34953,34953,2.0894720554351807,,,,
34954,34954,2.0832712650299072,,,,
34955,34955,2.078542947769165,,,,
34956,34956,2.0916011333465576,,,,
34957,34957,2.0984385013580322,,,,
34958,34958,2.0988359451293945,,,,
34959,34959,,2.083472728729248,,,
34959,34959,2.083472728729248,,,,
34960,34960,2.0792081356048584,,,,
34961,34961,2.088550329208374,,,,
34962,34962,2.0823869705200195,,,,
34963,34963,2.081707715988159,,,,
34964,34964,2.084031343460083,,,,
34965,34965,2.0942599773406982,,,,
34966,34966,2.0897414684295654,,,,
34967,34967,2.0774288177490234,,,,
34968,34968,2.0770013332366943,,,,
34969,34969,,2.080639123916626,,,
34969,34969,2.080639123916626,,,,
34970,34970,2.0843429565429688,,,,
34971,34971,2.083911180496216,,,,
34972,34972,2.0836784839630127,,,,
34973,34973,2.0832743644714355,,,,
34974,34974,2.0822246074676514,,,,
34975,34975,2.0914573669433594,,,,
34976,34976,2.087494134902954,,,,
34977,34977,2.0812675952911377,,,,
34978,34978,2.074709892272949,,,,
34979,34979,,2.0754430294036865,,,
34979,34979,2.0754430294036865,,,,
34980,34980,2.0806922912597656,,,,
34981,34981,2.0789854526519775,,,,
34982,34982,2.0777013301849365,,,,
34983,34983,2.076734781265259,,,,
34984,34984,2.080125331878662,,,,
34985,34985,2.0905537605285645,,,,
34986,34986,2.0831334590911865,,,,
34987,34987,2.074779510498047,,,,
34988,34988,2.0835628509521484,,,,
34989,34989,,2.0826058387756348,,,
34989,34989,2.0826058387756348,,,,
34990,34990,2.0797505378723145,,,,
34991,34991,2.073084831237793,,,,
34992,34992,2.07804274559021,,,,
34993,34993,2.0737662315368652,,,,
34994,34994,2.072939157485962,,,,
34995,34995,2.074232816696167,,,,
34996,34996,2.082505702972412,,,,
34997,34997,2.0729165077209473,,,,
34998,34998,2.0723118782043457,,,,
34999,34999,,2.078439712524414,,,
34999,34999,,,0.1630162000656128,162.53724670410156,162.53724670410156
34999,34999,2.078439712524414,,,,
35000,35000,2.081918954849243,,,,
35001,35001,2.0851495265960693,,,,
35002,35002,2.082242965698242,,,,
35003,35003,2.0854082107543945,,,,
35004,35004,2.0851335525512695,,,,
35005,35005,2.094481945037842,,,,
35006,35006,2.093055248260498,,,,
35007,35007,2.096588373184204,,,,
35008,35008,2.087803840637207,,,,
35009,35009,,2.0950934886932373,,,
35009,35009,2.0950934886932373,,,,
35010,35010,2.0866072177886963,,,,
35011,35011,2.078003406524658,,,,
35012,35012,2.0755622386932373,,,,
35013,35013,2.0780067443847656,,,,
35014,35014,2.0765323638916016,,,,
35015,35015,2.07767653465271,,,,
35016,35016,2.0772311687469482,,,,
35017,35017,2.0761189460754395,,,,
35018,35018,2.0790202617645264,,,,
35019,35019,,2.0792267322540283,,,
35019,35019,2.0792267322540283,,,,
35020,35020,2.0784151554107666,,,,
35021,35021,2.071671485900879,,,,
35022,35022,2.0749824047088623,,,,
35023,35023,2.070687770843506,,,,
35024,35024,2.0761873722076416,,,,
35025,35025,2.0725460052490234,,,,
35026,35026,2.082012891769409,,,,
35027,35027,2.1010994911193848,,,,
35028,35028,2.127480983734131,,,,
35029,35029,,2.1872329711914062,,,
35029,35029,2.1872329711914062,,,,
35030,35030,2.3640668392181396,,,,
35031,35031,2.394655704498291,,,,
35032,35032,2.770585775375366,,,,
35033,35033,2.3007426261901855,,,,
35034,35034,2.121617078781128,,,,
35035,35035,2.160334825515747,,,,
35036,35036,2.29543399810791,,,,
35037,35037,2.381183385848999,,,,
35038,35038,2.1413557529449463,,,,
35039,35039,,2.0927555561065674,,,
35039,35039,2.0927555561065674,,,,
35040,35040,2.207247734069824,,,,
35041,35041,2.2923898696899414,,,,
35042,35042,2.4727365970611572,,,,
35043,35043,2.264348030090332,,,,
35044,35044,2.2007715702056885,,,,
35045,35045,2.089566707611084,,,,
35046,35046,2.102790355682373,,,,
35047,35047,2.2104570865631104,,,,
35048,35048,2.2229020595550537,,,,
35049,35049,,2.1688151359558105,,,
35049,35049,2.1688151359558105,,,,
35050,35050,2.0836689472198486,,,,
35051,35051,2.100551128387451,,,,
35052,35052,2.2261834144592285,,,,
35053,35053,2.2125768661499023,,,,
35054,35054,2.19624400138855,,,,
35055,35055,2.1154234409332275,,,,
35056,35056,2.0788002014160156,,,,
35057,35057,2.139348030090332,,,,
35058,35058,2.1609699726104736,,,,
35059,35059,,2.134119749069214,,,
35059,35059,2.134119749069214,,,,
35060,35060,2.0787646770477295,,,,
35061,35061,2.116886854171753,,,,
35062,35062,2.2180328369140625,,,,
35063,35063,2.178213596343994,,,,
35064,35064,2.140385389328003,,,,
35065,35065,2.081610679626465,,,,
35066,35066,2.075221061706543,,,,
35067,35067,2.101722478866577,,,,
35068,35068,2.1092827320098877,,,,
35069,35069,,2.0793752670288086,,,
35069,35069,2.0793752670288086,,,,
35070,35070,2.0711121559143066,,,,
35071,35071,2.072035312652588,,,,
35072,35072,2.0687882900238037,,,,
35073,35073,2.0762083530426025,,,,
35074,35074,2.0771148204803467,,,,
35075,35075,2.0840084552764893,,,,
35076,35076,2.0694844722747803,,,,
35077,35077,2.0694334506988525,,,,
35078,35078,2.065979242324829,,,,
35079,35079,,2.06864070892334,,,
35079,35079,2.06864070892334,,,,
35080,35080,2.0711772441864014,,,,
35081,35081,2.0706112384796143,,,,
35082,35082,2.0678083896636963,,,,
35083,35083,2.0648491382598877,,,,
35084,35084,2.070901393890381,,,,
35085,35085,2.0694022178649902,,,,
35086,35086,2.0719211101531982,,,,
35087,35087,2.073880195617676,,,,
35088,35088,2.073444128036499,,,,
35089,35089,,2.071138381958008,,,
35089,35089,2.071138381958008,,,,
35090,35090,2.0746610164642334,,,,
35091,35091,2.0742812156677246,,,,
35092,35092,2.075558662414551,,,,
35093,35093,2.066849946975708,,,,
35094,35094,2.0670790672302246,,,,
35095,35095,2.0862319469451904,,,,
35096,35096,2.133004903793335,,,,
35097,35097,2.1843881607055664,,,,
35098,35098,2.2929904460906982,,,,
35099,35099,,2.182586908340454,,,
35099,35099,2.182586908340454,,,,
35100,35100,2.1310343742370605,,,,
35101,35101,2.0764718055725098,,,,
35102,35102,2.08074688911438,,,,
35103,35103,2.1909396648406982,,,,
35104,35104,2.213770866394043,,,,
35105,35105,2.2856359481811523,,,,
35106,35106,2.1574959754943848,,,,
35107,35107,2.0869810581207275,,,,
35108,35108,2.072194814682007,,,,
35109,35109,,2.1323206424713135,,,
35109,35109,2.1323206424713135,,,,
35110,35110,2.3014018535614014,,,,
35111,35111,2.3452372550964355,,,,
35112,35112,2.6015303134918213,,,,
35113,35113,2.2475719451904297,,,,
35114,35114,2.091500997543335,,,,
35115,35115,2.1110363006591797,,,,
35116,35116,2.1817305088043213,,,,
35117,35117,2.1624059677124023,,,,
35118,35118,2.0723652839660645,,,,
35119,35119,,2.1386961936950684,,,
35119,35119,2.1386961936950684,,,,
35120,35120,2.370220899581909,,,,
35121,35121,2.326423406600952,,,,
35122,35122,2.269381284713745,,,,
35123,35123,2.093384027481079,,,,
35124,35124,2.1018080711364746,,,,
35125,35125,2.227386951446533,,,,
35126,35126,2.1769468784332275,,,,
35127,35127,2.0977611541748047,,,,
35128,35128,2.0623416900634766,,,,
35129,35129,,2.1132686138153076,,,
35129,35129,2.1132686138153076,,,,
35130,35130,2.137263298034668,,,,
35131,35131,2.095839023590088,,,,
35132,35132,2.0560925006866455,,,,
35133,35133,2.0890159606933594,,,,
35134,35134,2.121904134750366,,,,
35135,35135,2.1238009929656982,,,,
35136,35136,2.070519208908081,,,,
35137,35137,2.078810214996338,,,,
35138,35138,2.1154277324676514,,,,
35139,35139,,2.141158103942871,,,
35139,35139,2.141158103942871,,,,
35140,35140,2.111152410507202,,,,
35141,35141,2.062587261199951,,,,
35142,35142,2.0926597118377686,,,,
35143,35143,2.1512722969055176,,,,
35144,35144,2.1020925045013428,,,,
35145,35145,2.0578413009643555,,,,
35146,35146,2.0688536167144775,,,,
35147,35147,2.0858302116394043,,,,
35148,35148,2.077510118484497,,,,
35149,35149,,2.068061590194702,,,
35149,35149,2.068061590194702,,,,
35150,35150,2.0629775524139404,,,,
35151,35151,2.088709592819214,,,,
35152,35152,2.105764865875244,,,,
35153,35153,2.1307451725006104,,,,
35154,35154,2.1065304279327393,,,,
35155,35155,2.0923633575439453,,,,
35156,35156,2.0707011222839355,,,,
35157,35157,2.0616629123687744,,,,
35158,35158,2.0680618286132812,,,,
35159,35159,,2.070620536804199,,,
35159,35159,2.070620536804199,,,,
35160,35160,2.0670506954193115,,,,
35161,35161,2.0588855743408203,,,,
35162,35162,2.0643832683563232,,,,
35163,35163,2.0669074058532715,,,,
35164,35164,2.0716874599456787,,,,
35165,35165,2.087271213531494,,,,
35166,35166,2.088439464569092,,,,
35167,35167,2.0888612270355225,,,,
35168,35168,2.076572895050049,,,,
35169,35169,,2.0655457973480225,,,
35169,35169,2.0655457973480225,,,,
35170,35170,2.065382957458496,,,,
35171,35171,2.063828706741333,,,,
35172,35172,2.0654666423797607,,,,
35173,35173,2.0579802989959717,,,,
35174,35174,2.05594539642334,,,,
35175,35175,2.0533788204193115,,,,
35176,35176,2.0511057376861572,,,,
35177,35177,2.058481454849243,,,,
35178,35178,2.063598871231079,,,,
35179,35179,,2.067261219024658,,,
35179,35179,2.067261219024658,,,,
35180,35180,2.0601511001586914,,,,
35181,35181,2.0584681034088135,,,,
35182,35182,2.0505921840667725,,,,
35183,35183,2.051701307296753,,,,
35184,35184,2.057745933532715,,,,
35185,35185,2.0544583797454834,,,,
35186,35186,2.050243616104126,,,,
35187,35187,2.050631284713745,,,,
35188,35188,2.049135208129883,,,,
35189,35189,,2.0461623668670654,,,
35189,35189,2.0461623668670654,,,,
35190,35190,2.0495100021362305,,,,
35191,35191,2.0471882820129395,,,,
35192,35192,2.050344705581665,,,,
35193,35193,2.0517220497131348,,,,
35194,35194,2.0490992069244385,,,,
35195,35195,2.0560755729675293,,,,
35196,35196,2.083622932434082,,,,
35197,35197,2.1076786518096924,,,,
35198,35198,2.1482999324798584,,,,
35199,35199,,2.10733699798584,,,
35199,35199,2.10733699798584,,,,
35200,35200,2.095611572265625,,,,
35201,35201,2.0551199913024902,,,,
35202,35202,2.053307294845581,,,,
35203,35203,2.080961227416992,,,,
35204,35204,2.0822668075561523,,,,
35205,35205,2.074385166168213,,,,
35206,35206,2.048311233520508,,,,
35207,35207,2.0671424865722656,,,,
35208,35208,2.1596791744232178,,,,
35209,35209,,2.240168333053589,,,
35209,35209,2.240168333053589,,,,
35210,35210,2.52630877494812,,,,
35211,35211,2.344545841217041,,,,
35212,35212,2.306572437286377,,,,
35213,35213,2.0985236167907715,,,,
35214,35214,2.082937717437744,,,,
35215,35215,2.191204071044922,,,,
35216,35216,2.132962703704834,,,,
35217,35217,2.0682404041290283,,,,
35218,35218,2.0667638778686523,,,,
35219,35219,,2.0909550189971924,,,
35219,35219,2.0909550189971924,,,,
35220,35220,2.1150429248809814,,,,
35221,35221,2.092235803604126,,,,
35222,35222,2.0607995986938477,,,,
35223,35223,2.0500328540802,,,,
35224,35224,2.0534064769744873,,,,
35225,35225,2.045576333999634,,,,
35226,35226,2.050027847290039,,,,
35227,35227,2.0480666160583496,,,,
35228,35228,2.055616617202759,,,,
35229,35229,,2.0756020545959473,,,
35229,35229,2.0756020545959473,,,,
35230,35230,2.1100192070007324,,,,
35231,35231,2.1019890308380127,,,,
35232,35232,2.1259946823120117,,,,
35233,35233,2.096029758453369,,,,
35234,35234,2.0995163917541504,,,,
35235,35235,2.060997247695923,,,,
35236,35236,2.0558865070343018,,,,
35237,35237,2.0986852645874023,,,,
35238,35238,2.1008358001708984,,,,
35239,35239,,2.1034796237945557,,,
35239,35239,2.1034796237945557,,,,
35240,35240,2.056574821472168,,,,
35241,35241,2.05637788772583,,,,
35242,35242,2.0983119010925293,,,,
35243,35243,2.1055712699890137,,,,
35244,35244,2.1307051181793213,,,,
35245,35245,2.068380832672119,,,,
35246,35246,2.0429484844207764,,,,
35247,35247,2.067471981048584,,,,
35248,35248,2.1252810955047607,,,,
35249,35249,,2.230130195617676,,,
35249,35249,2.230130195617676,,,,
35250,35250,2.126342535018921,,,,
35251,35251,2.0559511184692383,,,,
35252,35252,2.046267032623291,,,,
35253,35253,2.095384120941162,,,,
35254,35254,2.1499576568603516,,,,
35255,35255,2.0786807537078857,,,,
35256,35256,2.046849012374878,,,,
35257,35257,2.0491886138916016,,,,
35258,35258,2.0805060863494873,,,,
35259,35259,,2.1565568447113037,,,
35259,35259,2.1565568447113037,,,,
35260,35260,2.1493539810180664,,,,
35261,35261,2.1625967025756836,,,,
35262,35262,2.0673608779907227,,,,
35263,35263,2.0435073375701904,,,,
35264,35264,2.0759079456329346,,,,
35265,35265,2.0720739364624023,,,,
35266,35266,2.065833806991577,,,,
35267,35267,2.0425288677215576,,,,
35268,35268,2.0431885719299316,,,,
35269,35269,,2.077174186706543,,,
35269,35269,2.077174186706543,,,,
35270,35270,2.105222225189209,,,,
35271,35271,2.1709651947021484,,,,
35272,35272,2.177428960800171,,,,
35273,35273,2.264805316925049,,,,
35274,35274,2.1002118587493896,,,,
35275,35275,2.0477828979492188,,,,
35276,35276,2.1991279125213623,,,,
35277,35277,2.2820749282836914,,,,
35278,35278,2.3619894981384277,,,,
35279,35279,,2.104949712753296,,,
35279,35279,2.104949712753296,,,,
35280,35280,2.061774969100952,,,,
35281,35281,2.209568500518799,,,,
35282,35282,2.185122013092041,,,,
35283,35283,2.1491916179656982,,,,
35284,35284,2.0817575454711914,,,,
35285,35285,2.049182653427124,,,,
35286,35286,2.0441977977752686,,,,
35287,35287,2.0611634254455566,,,,
35288,35288,2.084683656692505,,,,
35289,35289,,2.063169002532959,,,
35289,35289,2.063169002532959,,,,
35290,35290,2.063776731491089,,,,
35291,35291,2.0565366744995117,,,,
35292,35292,2.048687219619751,,,,
35293,35293,2.0398824214935303,,,,
35294,35294,2.0528194904327393,,,,
35295,35295,2.100820779800415,,,,
35296,35296,2.2028732299804688,,,,
35297,35297,2.5014216899871826,,,,
35298,35298,2.359722375869751,,,,
35299,35299,,2.3877015113830566,,,
35299,35299,2.3877015113830566,,,,
35300,35300,2.1287364959716797,,,,
35301,35301,2.056550979614258,,,,
35302,35302,2.140280246734619,,,,
35303,35303,2.1525397300720215,,,,
35304,35304,2.1098594665527344,,,,
35305,35305,2.053884506225586,,,,
35306,35306,2.1220815181732178,,,,
35307,35307,2.250694751739502,,,,
35308,35308,2.0899598598480225,,,,
35309,35309,,2.0435543060302734,,,
35309,35309,2.0435543060302734,,,,
35310,35310,2.112521171569824,,,,
35311,35311,2.1100902557373047,,,,
35312,35312,2.1257972717285156,,,,
35313,35313,2.052762508392334,,,,
35314,35314,2.055799722671509,,,,
35315,35315,2.1109306812286377,,,,
35316,35316,2.1112794876098633,,,,
35317,35317,2.1092190742492676,,,,
35318,35318,2.0618772506713867,,,,
35319,35319,,2.035818338394165,,,
35319,35319,2.035818338394165,,,,
35320,35320,2.070127010345459,,,,
35321,35321,2.140542984008789,,,,
35322,35322,2.2259812355041504,,,,
35323,35323,2.077699899673462,,,,
35324,35324,2.052541732788086,,,,
35325,35325,2.11143159866333,,,,
35326,35326,2.1114213466644287,,,,
35327,35327,2.084470748901367,,,,
35328,35328,2.049689769744873,,,,
35329,35329,,2.0521349906921387,,,
35329,35329,2.0521349906921387,,,,
35330,35330,2.1011130809783936,,,,
35331,35331,2.1272871494293213,,,,
35332,35332,2.1307082176208496,,,,
35333,35333,2.0495622158050537,,,,
35334,35334,2.050877094268799,,,,
35335,35335,2.126394510269165,,,,
35336,35336,2.133958101272583,,,,
35337,35337,2.129802942276001,,,,
35338,35338,2.0480356216430664,,,,
35339,35339,,2.1597979068756104,,,
35339,35339,2.1597979068756104,,,,
35340,35340,2.468796968460083,,,,
35341,35341,2.1977007389068604,,,,
35342,35342,2.0512468814849854,,,,
35343,35343,2.071474313735962,,,,
35344,35344,2.151073694229126,,,,
35345,35345,2.1614887714385986,,,,
35346,35346,2.0431580543518066,,,,
35347,35347,2.132762908935547,,,,
35348,35348,2.3621912002563477,,,,
35349,35349,,2.1813578605651855,,,
35349,35349,2.1813578605651855,,,,
35350,35350,2.055337905883789,,,,
35351,35351,2.067084789276123,,,,
35352,35352,2.1612062454223633,,,,
35353,35353,2.2600796222686768,,,,
35354,35354,2.076341152191162,,,,
35355,35355,2.0569682121276855,,,,
35356,35356,2.1135857105255127,,,,
35357,35357,2.0640528202056885,,,,
35358,35358,2.037456512451172,,,,
35359,35359,,2.091886043548584,,,
35359,35359,2.091886043548584,,,,
35360,35360,2.1374709606170654,,,,
35361,35361,2.152353048324585,,,,
35362,35362,2.044462203979492,,,,
35363,35363,2.099687099456787,,,,
35364,35364,2.2740986347198486,,,,
35365,35365,2.159193754196167,,,,
35366,35366,2.060607671737671,,,,
35367,35367,2.0490572452545166,,,,
35368,35368,2.1151461601257324,,,,
35369,35369,,2.2550787925720215,,,
35369,35369,2.2550787925720215,,,,
35370,35370,2.15517258644104,,,,
35371,35371,2.0738542079925537,,,,
35372,35372,2.035423994064331,,,,
35373,35373,2.1179299354553223,,,,
35374,35374,2.243610382080078,,,,
35375,35375,2.154900312423706,,,,
35376,35376,2.0779638290405273,,,,
35377,35377,2.0420751571655273,,,,
35378,35378,2.1168534755706787,,,,
35379,35379,,2.2691709995269775,,,
35379,35379,2.2691709995269775,,,,
35380,35380,2.14774751663208,,,,
35381,35381,2.051651954650879,,,,
35382,35382,2.053511619567871,,,,
35383,35383,2.1350152492523193,,,,
35384,35384,2.2237138748168945,,,,
35385,35385,2.0964856147766113,,,,
35386,35386,2.0427231788635254,,,,
35387,35387,2.043977737426758,,,,
35388,35388,2.0672380924224854,,,,
35389,35389,,2.084757089614868,,,
35389,35389,2.084757089614868,,,,
35390,35390,2.0736379623413086,,,,
35391,35391,2.0705509185791016,,,,
35392,35392,2.0419230461120605,,,,
35393,35393,2.0295653343200684,,,,
35394,35394,2.0352282524108887,,,,
35395,35395,2.0742316246032715,,,,
35396,35396,2.1542022228240967,,,,
35397,35397,2.1093647480010986,,,,
35398,35398,2.0584731101989746,,,,
35399,35399,,2.0298709869384766,,,
35399,35399,2.0298709869384766,,,,
35400,35400,2.1160855293273926,,,,
35401,35401,2.3157739639282227,,,,
35402,35402,2.1972827911376953,,,,
35403,35403,2.0845634937286377,,,,
35404,35404,2.039275884628296,,,,
35405,35405,2.102250337600708,,,,
35406,35406,2.2635483741760254,,,,
35407,35407,2.1729350090026855,,,,
35408,35408,2.0624709129333496,,,,
35409,35409,,2.032122850418091,,,
35409,35409,2.032122850418091,,,,
35410,35410,2.1093225479125977,,,,
35411,35411,2.176008701324463,,,,
35412,35412,2.0471065044403076,,,,
35413,35413,2.0454201698303223,,,,
35414,35414,2.0857341289520264,,,,
35415,35415,2.129354238510132,,,,
35416,35416,2.1422665119171143,,,,
35417,35417,2.045820713043213,,,,
35418,35418,2.0394835472106934,,,,
35419,35419,,2.0809030532836914,,,
35419,35419,2.0809030532836914,,,,
35420,35420,2.138266086578369,,,,
35421,35421,2.155381441116333,,,,
35422,35422,2.0371837615966797,,,,
35423,35423,2.0988948345184326,,,,
35424,35424,2.333369255065918,,,,
35425,35425,2.1820783615112305,,,,
35426,35426,2.052537202835083,,,,
35427,35427,2.0311620235443115,,,,
35428,35428,2.1098179817199707,,,,
35429,35429,,2.1586883068084717,,,
35429,35429,2.1586883068084717,,,,
35430,35430,2.0545806884765625,,,,
35431,35431,2.0545475482940674,,,,
35432,35432,2.1604766845703125,,,,
35433,35433,2.116767644882202,,,,
35434,35434,2.064856767654419,,,,
35435,35435,2.0491678714752197,,,,
35436,35436,2.0357630252838135,,,,
35437,35437,2.0340723991394043,,,,
35438,35438,2.020733594894409,,,,
35439,35439,,2.02066969871521,,,
35439,35439,2.02066969871521,,,,
35440,35440,2.0206165313720703,,,,
35441,35441,2.02443790435791,,,,
35442,35442,2.0206458568573,,,,
35443,35443,2.022658109664917,,,,
35444,35444,2.0234932899475098,,,,
35445,35445,2.0149083137512207,,,,
35446,35446,2.0164337158203125,,,,
35447,35447,2.0170915126800537,,,,
35448,35448,2.0178287029266357,,,,
35449,35449,,2.0219647884368896,,,
35449,35449,2.0219647884368896,,,,
35450,35450,2.0124738216400146,,,,
35451,35451,2.0169661045074463,,,,
35452,35452,2.0246315002441406,,,,
35453,35453,2.0157816410064697,,,,
35454,35454,2.0104894638061523,,,,
35455,35455,2.0244197845458984,,,,
35456,35456,2.0167622566223145,,,,
35457,35457,2.026500940322876,,,,
35458,35458,2.011599540710449,,,,
35459,35459,,2.0098609924316406,,,
35459,35459,2.0098609924316406,,,,
35460,35460,2.015120506286621,,,,
35461,35461,2.0268495082855225,,,,
35462,35462,2.012418031692505,,,,
35463,35463,2.011523962020874,,,,
35464,35464,2.006141424179077,,,,
35465,35465,2.018636465072632,,,,
35466,35466,2.01641845703125,,,,
35467,35467,2.0425937175750732,,,,
35468,35468,2.0450456142425537,,,,
35469,35469,,2.0519258975982666,,,
35469,35469,2.0519258975982666,,,,
35470,35470,2.0200114250183105,,,,
35471,35471,2.0154311656951904,,,,
35472,35472,2.031420946121216,,,,
35473,35473,2.0908892154693604,,,,
35474,35474,2.15910005569458,,,,
35475,35475,2.0873425006866455,,,,
35476,35476,2.0448029041290283,,,,
35477,35477,2.0198826789855957,,,,
35478,35478,2.024285078048706,,,,
35479,35479,,2.0447893142700195,,,
35479,35479,2.0447893142700195,,,,
35480,35480,2.0547845363616943,,,,
35481,35481,2.0648202896118164,,,,
35482,35482,2.050055980682373,,,,
35483,35483,2.03788423538208,,,,
35484,35484,2.018338680267334,,,,
35485,35485,2.006572723388672,,,,
35486,35486,2.0099520683288574,,,,
35487,35487,2.0205113887786865,,,,
35488,35488,2.029022693634033,,,,
35489,35489,,2.0470404624938965,,,
35489,35489,2.0470404624938965,,,,
35490,35490,2.076519727706909,,,,
35491,35491,2.0516440868377686,,,,
35492,35492,2.042788505554199,,,,
35493,35493,2.038233757019043,,,,
35494,35494,2.0296287536621094,,,,
35495,35495,2.0263497829437256,,,,
35496,35496,2.017876625061035,,,,
35497,35497,2.0200228691101074,,,,
35498,35498,2.0148444175720215,,,,
35499,35499,,2.0125718116760254,,,
35499,35499,,,0.16142550110816956,159.38067626953125,159.38067626953125
35499,35499,2.0125718116760254,,,,
35500,35500,2.031951904296875,,,,
35501,35501,2.078608512878418,,,,
35502,35502,2.1492741107940674,,,,
35503,35503,2.110578775405884,,,,
35504,35504,2.081289768218994,,,,
35505,35505,2.026109218597412,,,,
35506,35506,2.023027181625366,,,,
35507,35507,2.051964282989502,,,,
35508,35508,2.059988021850586,,,,
35509,35509,,2.0414280891418457,,,
35509,35509,2.0414280891418457,,,,
35510,35510,2.0107693672180176,,,,
35511,35511,2.0501201152801514,,,,
35512,35512,2.1745364665985107,,,,
35513,35513,2.1930432319641113,,,,
35514,35514,2.181593418121338,,,,
35515,35515,2.032958745956421,,,,
35516,35516,2.04600191116333,,,,
35517,35517,2.162679672241211,,,,
35518,35518,2.1268699169158936,,,,
35519,35519,,2.0948312282562256,,,
35519,35519,2.0948312282562256,,,,
35520,35520,2.031027317047119,,,,
35521,35521,2.0187973976135254,,,,
35522,35522,2.0352823734283447,,,,
35523,35523,2.065685272216797,,,,
35524,35524,2.1042704582214355,,,,
35525,35525,2.0792784690856934,,,,
35526,35526,2.0485401153564453,,,,
35527,35527,2.014214515686035,,,,
35528,35528,2.018486499786377,,,,
35529,35529,,2.0444746017456055,,,
35529,35529,2.0444746017456055,,,,
35530,35530,2.062028408050537,,,,
35531,35531,2.0529487133026123,,,,
35532,35532,2.014333486557007,,,,
35533,35533,2.014112710952759,,,,
35534,35534,2.058908462524414,,,,
35535,35535,2.0617215633392334,,,,
35536,35536,2.036651134490967,,,,
35537,35537,2.0228562355041504,,,,
35538,35538,2.0074150562286377,,,,
35539,35539,,2.007178544998169,,,
35539,35539,2.007178544998169,,,,
35540,35540,2.031630039215088,,,,
35541,35541,2.040735960006714,,,,
35542,35542,2.0383851528167725,,,,
35543,35543,2.0418124198913574,,,,
35544,35544,2.0243983268737793,,,,
35545,35545,2.0131137371063232,,,,
35546,35546,2.0033397674560547,,,,
35547,35547,2.003448247909546,,,,
35548,35548,2.013066530227661,,,,
35549,35549,,2.030729293823242,,,
35549,35549,2.030729293823242,,,,
35550,35550,2.03564190864563,,,,
35551,35551,2.0206100940704346,,,,
35552,35552,2.0098109245300293,,,,
35553,35553,2.0008654594421387,,,,
35554,35554,1.9949792623519897,,,,
35555,35555,1.9961796998977661,,,,
35556,35556,1.9926624298095703,,,,
35557,35557,1.996983289718628,,,,
35558,35558,2.0102202892303467,,,,
35559,35559,,2.0235366821289062,,,
35559,35559,2.0235366821289062,,,,
35560,35560,2.0802290439605713,,,,
35561,35561,2.1972596645355225,,,,
35562,35562,2.6287128925323486,,,,
35563,35563,2.6375372409820557,,,,
35564,35564,3.352108955383301,,,,
35565,35565,2.2550814151763916,,,,
35566,35566,2.212575912475586,,,,
35567,35567,2.863943099975586,,,,
35568,35568,2.295650005340576,,,,
35569,35569,,2.0753397941589355,,,
35569,35569,2.0753397941589355,,,,
35570,35570,2.510852575302124,,,,
35571,35571,2.380601167678833,,,,
35572,35572,2.1427676677703857,,,,
35573,35573,2.055872678756714,,,,
35574,35574,2.291424512863159,,,,
35575,35575,2.3437461853027344,,,,
35576,35576,2.0723369121551514,,,,
35577,35577,2.0754966735839844,,,,
35578,35578,2.281395435333252,,,,
35579,35579,,2.153824806213379,,,
35579,35579,2.153824806213379,,,,
35580,35580,2.0565483570098877,,,,
35581,35581,2.0487098693847656,,,,
35582,35582,2.1165897846221924,,,,
35583,35583,2.1203198432922363,,,,
35584,35584,2.0146644115448,,,,
35585,35585,2.21785044670105,,,,
35586,35586,2.6662867069244385,,,,
35587,35587,2.2197020053863525,,,,
35588,35588,2.0190021991729736,,,,
35589,35589,,2.0976200103759766,,,
35589,35589,2.0976200103759766,,,,
35590,35590,2.1261725425720215,,,,
35591,35591,2.0327789783477783,,,,
35592,35592,2.0477442741394043,,,,
35593,35593,2.0877583026885986,,,,
35594,35594,2.0412943363189697,,,,
35595,35595,2.0185353755950928,,,,
35596,35596,2.0773541927337646,,,,
35597,35597,2.1200332641601562,,,,
35598,35598,2.0333311557769775,,,,
35599,35599,,2.0385828018188477,,,
35599,35599,2.0385828018188477,,,,
35600,35600,2.0815420150756836,,,,
35601,35601,2.045135736465454,,,,
35602,35602,2.0116400718688965,,,,
35603,35603,2.0557804107666016,,,,
35604,35604,2.0499379634857178,,,,
35605,35605,2.005232095718384,,,,
35606,35606,2.007718563079834,,,,
35607,35607,2.047006607055664,,,,
35608,35608,2.034454822540283,,,,
35609,35609,,2.0125575065612793,,,
35609,35609,2.0125575065612793,,,,
35610,35610,2.0138442516326904,,,,
35611,35611,2.021644353866577,,,,
35612,35612,2.0165419578552246,,,,
35613,35613,2.008150100708008,,,,
35614,35614,2.005129337310791,,,,
35615,35615,2.0550265312194824,,,,
35616,35616,2.0472497940063477,,,,
35617,35617,2.0125622749328613,,,,
35618,35618,2.0050690174102783,,,,
35619,35619,,2.0337815284729004,,,
35619,35619,2.0337815284729004,,,,
35620,35620,2.0438857078552246,,,,
35621,35621,2.0147318840026855,,,,
35622,35622,2.0040433406829834,,,,
35623,35623,2.0263915061950684,,,,
35624,35624,2.0368969440460205,,,,
35625,35625,2.0133767127990723,,,,
35626,35626,1.9964433908462524,,,,
35627,35627,1.9978764057159424,,,,
35628,35628,2.008132219314575,,,,
35629,35629,,2.0133843421936035,,,
35629,35629,2.0133843421936035,,,,
35630,35630,2.005291223526001,,,,
35631,35631,1.9897420406341553,,,,
35632,35632,1.993825912475586,,,,
35633,35633,2.00386381149292,,,,
35634,35634,1.9987108707427979,,,,
35635,35635,1.9968774318695068,,,,
35636,35636,1.9878826141357422,,,,
35637,35637,1.9897332191467285,,,,
35638,35638,1.9847043752670288,,,,
35639,35639,,1.9932764768600464,,,
35639,35639,1.9932764768600464,,,,
35640,35640,1.9916075468063354,,,,
35641,35641,2.0130834579467773,,,,
35642,35642,2.027397871017456,,,,
35643,35643,2.0799715518951416,,,,
35644,35644,2.119036912918091,,,,
35645,35645,2.0998892784118652,,,,
35646,35646,2.0418691635131836,,,,
35647,35647,2.007556438446045,,,,
35648,35648,1.9871834516525269,,,,
35649,35649,,1.9897514581680298,,,
35649,35649,1.9897514581680298,,,,
35650,35650,2.008425235748291,,,,
35651,35651,2.020495891571045,,,,
35652,35652,2.0501022338867188,,,,
35653,35653,2.0475118160247803,,,,
35654,35654,2.0431530475616455,,,,
35655,35655,2.044355630874634,,,,
35656,35656,2.056145191192627,,,,
35657,35657,2.0730388164520264,,,,
35658,35658,2.070460081100464,,,,
35659,35659,,2.055931329727173,,,
35659,35659,2.055931329727173,,,,
35660,35660,2.0265636444091797,,,,
35661,35661,1.9945379495620728,,,,
35662,35662,1.9769083261489868,,,,
35663,35663,2.0197856426239014,,,,
35664,35664,2.0993964672088623,,,,
35665,35665,2.1567940711975098,,,,
35666,35666,2.2411930561065674,,,,
35667,35667,2.1722803115844727,,,,
35668,35668,2.106858491897583,,,,
35669,35669,,2.043820381164551,,,
35669,35669,2.043820381164551,,,,
35670,35670,1.9906198978424072,,,,
35671,35671,1.9904965162277222,,,,
35672,35672,1.9899851083755493,,,,
35673,35673,1.981982946395874,,,,
35674,35674,1.9896600246429443,,,,
35675,35675,1.9800013303756714,,,,
35676,35676,1.9800896644592285,,,,
35677,35677,1.9909849166870117,,,,
35678,35678,2.005375862121582,,,,
35679,35679,,2.1053130626678467,,,
35679,35679,2.1053130626678467,,,,
35680,35680,2.3081471920013428,,,,
35681,35681,2.3215277194976807,,,,
35682,35682,2.587662935256958,,,,
35683,35683,2.2976865768432617,,,,
35684,35684,2.1364545822143555,,,,
35685,35685,2.015815019607544,,,,
35686,35686,2.1151986122131348,,,,
35687,35687,2.3164443969726562,,,,
35688,35688,2.1072635650634766,,,,
35689,35689,,2.0034286975860596,,,
35689,35689,2.0034286975860596,,,,
35690,35690,2.07889986038208,,,,
35691,35691,2.132516384124756,,,,
35692,35692,2.077756404876709,,,,
35693,35693,2.0062077045440674,,,,
35694,35694,2.0169410705566406,,,,
35695,35695,2.1153643131256104,,,,
35696,35696,2.1989245414733887,,,,
35697,35697,2.252359390258789,,,,
35698,35698,2.0369842052459717,,,,
35699,35699,,2.018052816390991,,,
35699,35699,2.018052816390991,,,,
35700,35700,2.190711736679077,,,,
35701,35701,2.187351942062378,,,,
35702,35702,2.1057286262512207,,,,
35703,35703,1.9989415407180786,,,,
35704,35704,2.0367681980133057,,,,
35705,35705,2.1383349895477295,,,,
35706,35706,2.07053279876709,,,,
35707,35707,1.9815746545791626,,,,
35708,35708,2.002061128616333,,,,
35709,35709,,2.053788661956787,,,
35709,35709,2.053788661956787,,,,
35710,35710,2.043462038040161,,,,
35711,35711,2.0105090141296387,,,,
35712,35712,1.9833009243011475,,,,
35713,35713,1.9893020391464233,,,,
35714,35714,2.00103497505188,,,,
35715,35715,2.0124993324279785,,,,
35716,35716,2.0050618648529053,,,,
35717,35717,1.986691951751709,,,,
35718,35718,1.979942798614502,,,,
35719,35719,,1.975370168685913,,,
35719,35719,1.975370168685913,,,,
35720,35720,1.9794716835021973,,,,
35721,35721,1.997195839881897,,,,
35722,35722,2.0191049575805664,,,,
35723,35723,1.99984872341156,,,,
35724,35724,1.978453516960144,,,,
35725,35725,1.9746309518814087,,,,
35726,35726,1.985148310661316,,,,
35727,35727,1.9969196319580078,,,,
35728,35728,1.9950212240219116,,,,
35729,35729,,1.9971362352371216,,,
35729,35729,1.9971362352371216,,,,
35730,35730,1.9801998138427734,,,,
35731,35731,1.975454568862915,,,,
35732,35732,1.96025812625885,,,,
35733,35733,1.963731050491333,,,,
35734,35734,1.9633827209472656,,,,
35735,35735,1.9598283767700195,,,,
35736,35736,1.9599891901016235,,,,
35737,35737,1.9668506383895874,,,,
35738,35738,1.9625844955444336,,,,
35739,35739,,1.95792818069458,,,
35739,35739,1.95792818069458,,,,
35740,35740,1.9627175331115723,,,,
35741,35741,1.9613854885101318,,,,
35742,35742,1.9641637802124023,,,,
35743,35743,1.9511282444000244,,,,
35744,35744,1.953040361404419,,,,
35745,35745,1.9558885097503662,,,,
35746,35746,1.95909583568573,,,,
35747,35747,1.976996660232544,,,,
35748,35748,1.9815199375152588,,,,
35749,35749,,2.011793613433838,,,
35749,35749,2.011793613433838,,,,
35750,35750,2.0240440368652344,,,,
35751,35751,2.0285704135894775,,,,
35752,35752,2.0120604038238525,,,,
35753,35753,2.011399507522583,,,,
35754,35754,1.976310133934021,,,,
35755,35755,1.9825334548950195,,,,
35756,35756,1.957937240600586,,,,
35757,35757,1.9623301029205322,,,,
35758,35758,1.986029028892517,,,,
35759,35759,,2.001009941101074,,,
35759,35759,2.001009941101074,,,,
35760,35760,2.0532453060150146,,,,
35761,35761,2.1466691493988037,,,,
35762,35762,2.2131965160369873,,,,
35763,35763,2.53550386428833,,,,
35764,35764,2.351284980773926,,,,
35765,35765,2.342193365097046,,,,
35766,35766,2.068230390548706,,,,
35767,35767,2.0035183429718018,,,,
35768,35768,2.083606481552124,,,,
35769,35769,,2.085740089416504,,,
35769,35769,2.085740089416504,,,,
35770,35770,2.032661199569702,,,,
35771,35771,1.977726697921753,,,,
35772,35772,1.998183250427246,,,,
35773,35773,2.0687224864959717,,,,
35774,35774,2.180248498916626,,,,
35775,35775,2.3212528228759766,,,,
35776,35776,2.1158652305603027,,,,
35777,35777,1.9998791217803955,,,,
35778,35778,1.9623708724975586,,,,
35779,35779,,2.0024807453155518,,,
35779,35779,2.0024807453155518,,,,
35780,35780,2.0993802547454834,,,,
35781,35781,2.0972297191619873,,,,
35782,35782,2.054201126098633,,,,
35783,35783,1.9864590167999268,,,,
35784,35784,1.978968858718872,,,,
35785,35785,2.002431631088257,,,,
35786,35786,2.0139787197113037,,,,
35787,35787,1.97733473777771,,,,
35788,35788,1.9562031030654907,,,,
35789,35789,,1.9521222114562988,,,
35789,35789,1.9521222114562988,,,,
35790,35790,1.9545936584472656,,,,
35791,35791,1.9658344984054565,,,,
35792,35792,1.9671225547790527,,,,
35793,35793,1.9933815002441406,,,,
35794,35794,1.9851629734039307,,,,
35795,35795,1.9723868370056152,,,,
35796,35796,1.9534746408462524,,,,
35797,35797,1.9516775608062744,,,,
35798,35798,1.9768551588058472,,,,
35799,35799,,2.0385310649871826,,,
35799,35799,2.0385310649871826,,,,
35800,35800,2.2007858753204346,,,,
35801,35801,2.526242256164551,,,,
35802,35802,2.1762537956237793,,,,
35803,35803,2.006190299987793,,,,
35804,35804,1.9894260168075562,,,,
35805,35805,2.1067428588867188,,,,
35806,35806,2.1817238330841064,,,,
35807,35807,2.030726909637451,,,,
35808,35808,1.953979730606079,,,,
35809,35809,,2.029050350189209,,,
35809,35809,2.029050350189209,,,,
35810,35810,2.235856294631958,,,,
35811,35811,2.6037750244140625,,,,
35812,35812,2.2493648529052734,,,,
35813,35813,2.032419443130493,,,,
35814,35814,1.974215030670166,,,,
35815,35815,2.0679545402526855,,,,
35816,35816,2.1969926357269287,,,,
35817,35817,2.080873727798462,,,,
35818,35818,1.9678782224655151,,,,
35819,35819,,1.9536104202270508,,,
35819,35819,1.9536104202270508,,,,
35820,35820,2.021256446838379,,,,
35821,35821,2.0980112552642822,,,,
35822,35822,2.0888478755950928,,,,
35823,35823,1.988686203956604,,,,
35824,35824,1.9626821279525757,,,,
35825,35825,1.974149227142334,,,,
35826,35826,1.9750481843948364,,,,
35827,35827,2.012643814086914,,,,
35828,35828,2.026881694793701,,,,
35829,35829,,2.042529344558716,,,
35829,35829,2.042529344558716,,,,
35830,35830,1.9853918552398682,,,,
35831,35831,1.9751930236816406,,,,
35832,35832,1.955458164215088,,,,
35833,35833,1.9528669118881226,,,,
35834,35834,2.0096442699432373,,,,
35835,35835,2.1041197776794434,,,,
35836,35836,2.0952236652374268,,,,
35837,35837,2.0884714126586914,,,,
35838,35838,2.0326037406921387,,,,
35839,35839,,1.9701740741729736,,,
35839,35839,1.9701740741729736,,,,
35840,35840,1.9711803197860718,,,,
35841,35841,1.9557173252105713,,,,
35842,35842,1.960192084312439,,,,
35843,35843,2.034205675125122,,,,
35844,35844,2.0853490829467773,,,,
35845,35845,2.053746461868286,,,,
35846,35846,2.0234079360961914,,,,
35847,35847,2.0012741088867188,,,,
35848,35848,1.9600342512130737,,,,
35849,35849,,1.962684154510498,,,
35849,35849,1.962684154510498,,,,
35850,35850,2.084127187728882,,,,
35851,35851,2.1864233016967773,,,,
35852,35852,2.078788995742798,,,,
35853,35853,1.9901736974716187,,,,
35854,35854,1.9664779901504517,,,,
35855,35855,1.9465597867965698,,,,
35856,35856,1.9515576362609863,,,,
35857,35857,1.9747689962387085,,,,
35858,35858,1.9869362115859985,,,,
35859,35859,,2.032137632369995,,,
35859,35859,2.032137632369995,,,,
35860,35860,2.064826488494873,,,,
35861,35861,2.0567641258239746,,,,
35862,35862,1.986295223236084,,,,
35863,35863,1.9522488117218018,,,,
35864,35864,1.9743248224258423,,,,
35865,35865,2.0087857246398926,,,,
35866,35866,2.0593857765197754,,,,
35867,35867,2.05629563331604,,,,
35868,35868,1.9796541929244995,,,,
35869,35869,,1.944327473640442,,,
35869,35869,1.944327473640442,,,,
35870,35870,1.9697226285934448,,,,
35871,35871,2.1005265712738037,,,,
35872,35872,2.1366755962371826,,,,
35873,35873,2.011232376098633,,,,
35874,35874,1.948485016822815,,,,
35875,35875,2.043419361114502,,,,
35876,35876,2.1698122024536133,,,,
35877,35877,2.224015712738037,,,,
35878,35878,2.0168230533599854,,,,
35879,35879,,1.9596384763717651,,,
35879,35879,1.9596384763717651,,,,
35880,35880,2.0346152782440186,,,,
35881,35881,2.128411054611206,,,,
35882,35882,2.1125049591064453,,,,
35883,35883,1.993749976158142,,,,
35884,35884,1.9455976486206055,,,,
35885,35885,2.027125835418701,,,,
35886,35886,2.155224561691284,,,,
35887,35887,2.1802287101745605,,,,
35888,35888,2.0071284770965576,,,,
35889,35889,,1.9459590911865234,,,
35889,35889,1.9459590911865234,,,,
35890,35890,1.9297854900360107,,,,
35891,35891,1.9927473068237305,,,,
35892,35892,2.054497718811035,,,,
35893,35893,2.0746946334838867,,,,
35894,35894,2.0186655521392822,,,,
35895,35895,1.981093406677246,,,,
35896,35896,1.9363504648208618,,,,
35897,35897,1.9564119577407837,,,,
35898,35898,1.9768869876861572,,,,
35899,35899,,2.039130210876465,,,
35899,35899,2.039130210876465,,,,
35900,35900,2.0445241928100586,,,,
35901,35901,2.0041043758392334,,,,
35902,35902,1.953935146331787,,,,
35903,35903,1.9710034132003784,,,,
35904,35904,1.9735225439071655,,,,
35905,35905,2.047640562057495,,,,
35906,35906,2.07285737991333,,,,
35907,35907,2.0373589992523193,,,,
35908,35908,1.97452974319458,,,,
35909,35909,,1.9761435985565186,,,
35909,35909,1.9761435985565186,,,,
35910,35910,1.9895769357681274,,,,
35911,35911,2.0524184703826904,,,,
35912,35912,2.0496506690979004,,,,
35913,35913,2.0068888664245605,,,,
35914,35914,1.9642972946166992,,,,
35915,35915,1.989781141281128,,,,
35916,35916,2.0107038021087646,,,,
35917,35917,2.0448272228240967,,,,
35918,35918,2.0299763679504395,,,,
35919,35919,,2.000861167907715,,,
35919,35919,2.000861167907715,,,,
35920,35920,1.9742884635925293,,,,
35921,35921,2.01090407371521,,,,
35922,35922,2.026829481124878,,,,
35923,35923,2.0243585109710693,,,,
35924,35924,1.9865163564682007,,,,
35925,35925,1.9951040744781494,,,,
35926,35926,1.9867736101150513,,,,
35927,35927,2.0232443809509277,,,,
35928,35928,2.0025854110717773,,,,
35929,35929,,1.9979406595230103,,,
35929,35929,1.9979406595230103,,,,
35930,35930,1.9833563566207886,,,,
35931,35931,2.0186221599578857,,,,
35932,35932,2.0219929218292236,,,,
35933,35933,2.0098488330841064,,,,
35934,35934,1.9749079942703247,,,,
35935,35935,2.0001754760742188,,,,
35936,35936,1.9876960515975952,,,,
35937,35937,2.005819082260132,,,,
35938,35938,1.982013463973999,,,,
35939,35939,,2.005568027496338,,,
35939,35939,2.005568027496338,,,,
35940,35940,2.0006446838378906,,,,
35941,35941,2.0436158180236816,,,,
35942,35942,2.0279312133789062,,,,
35943,35943,2.016176223754883,,,,
35944,35944,1.9661649465560913,,,,
35945,35945,1.9867191314697266,,,,
35946,35946,2.007373332977295,,,,
35947,35947,2.0426673889160156,,,,
35948,35948,2.017991781234741,,,,
35949,35949,,2.0019164085388184,,,
35949,35949,2.0019164085388184,,,,
35950,35950,1.955371618270874,,,,
35951,35951,1.9642280340194702,,,,
35952,35952,1.9699963331222534,,,,
35953,35953,2.0221803188323975,,,,
35954,35954,2.0074825286865234,,,,
35955,35955,2.0063936710357666,,,,
35956,35956,1.955047607421875,,,,
35957,35957,1.956716775894165,,,,
35958,35958,1.9492192268371582,,,,
35959,35959,,1.99609375,,,
35959,35959,1.99609375,,,,
35960,35960,1.9786677360534668,,,,
35961,35961,2.009945869445801,,,,
35962,35962,1.9703965187072754,,,,
35963,35963,1.9714219570159912,,,,
35964,35964,1.9451730251312256,,,,
35965,35965,1.967392921447754,,,,
35966,35966,1.9603558778762817,,,,
35967,35967,1.9862560033798218,,,,
35968,35968,1.955763816833496,,,,
35969,35969,,1.9663639068603516,,,
35969,35969,1.9663639068603516,,,,
35970,35970,1.9460545778274536,,,,
35971,35971,1.9668681621551514,,,,
35972,35972,1.9521937370300293,,,,
35973,35973,1.9665567874908447,,,,
35974,35974,1.9485875368118286,,,,
35975,35975,1.9792274236679077,,,,
35976,35976,1.9621549844741821,,,,
35977,35977,1.9727941751480103,,,,
35978,35978,1.9499626159667969,,,,
35979,35979,,1.9833012819290161,,,
35979,35979,1.9833012819290161,,,,
35980,35980,1.9700864553451538,,,,
35981,35981,1.975773572921753,,,,
35982,35982,1.9427516460418701,,,,
35983,35983,1.9677480459213257,,,,
35984,35984,1.9518909454345703,,,,
35985,35985,1.962610125541687,,,,
35986,35986,1.9427869319915771,,,,
35987,35987,1.9718014001846313,,,,
35988,35988,1.9551180601119995,,,,
35989,35989,,1.9671826362609863,,,
35989,35989,1.9671826362609863,,,,
35990,35990,1.928142786026001,,,,
35991,35991,1.9338809251785278,,,,
35992,35992,1.9154514074325562,,,,
35993,35993,1.9118645191192627,,,,
35994,35994,1.916590929031372,,,,
35995,35995,1.9243712425231934,,,,
35996,35996,1.9244223833084106,,,,
35997,35997,2.0006892681121826,,,,
35998,35998,2.078298330307007,,,,
35999,35999,,2.1810195446014404,,,
35999,35999,,,0.1597713679075241,156.13107299804688,156.13107299804688
35999,35999,2.1810195446014404,,,,
36000,36000,2.31892991065979,,,,
36001,36001,2.1454579830169678,,,,
36002,36002,2.0369534492492676,,,,
36003,36003,2.005430221557617,,,,
36004,36004,1.9525495767593384,,,,
36005,36005,1.967561960220337,,,,
36006,36006,1.9654428958892822,,,,
36007,36007,2.0209438800811768,,,,
36008,36008,2.0516862869262695,,,,
36009,36009,,2.066863536834717,,,
36009,36009,2.066863536834717,,,,
36010,36010,2.039241075515747,,,,
36011,36011,2.022304058074951,,,,
36012,36012,2.003167152404785,,,,
36013,36013,2.030954360961914,,,,
36014,36014,2.052093029022217,,,,
36015,36015,2.0492682456970215,,,,
36016,36016,2.0258071422576904,,,,
36017,36017,2.0203168392181396,,,,
36018,36018,2.001777172088623,,,,
36019,36019,,2.049022674560547,,,
36019,36019,2.049022674560547,,,,
36020,36020,2.050809621810913,,,,
36021,36021,2.015522003173828,,,,
36022,36022,1.938023567199707,,,,
36023,36023,1.9172890186309814,,,,
36024,36024,2.0227396488189697,,,,
36025,36025,2.1767895221710205,,,,
36026,36026,2.2006473541259766,,,,
36027,36027,2.1367781162261963,,,,
36028,36028,1.9459573030471802,,,,
36029,36029,,2.0105979442596436,,,
36029,36029,2.0105979442596436,,,,
36030,36030,2.2515017986297607,,,,
36031,36031,2.1937451362609863,,,,
36032,36032,2.056302785873413,,,,
36033,36033,1.9243918657302856,,,,
36034,36034,2.0286056995391846,,,,
36035,36035,2.239086627960205,,,,
36036,36036,2.177213668823242,,,,
36037,36037,2.019378185272217,,,,
36038,36038,1.918305516242981,,,,
36039,36039,,2.125382900238037,,,
36039,36039,2.125382900238037,,,,
36040,36040,2.4831275939941406,,,,
36041,36041,2.202461004257202,,,,
36042,36042,1.9595706462860107,,,,
36043,36043,1.9304379224777222,,,,
36044,36044,2.079831123352051,,,,
36045,36045,2.1431474685668945,,,,
36046,36046,2.0304152965545654,,,,
36047,36047,1.920466661453247,,,,
36048,36048,1.9399603605270386,,,,
36049,36049,,2.0125861167907715,,,
36049,36049,2.0125861167907715,,,,
36050,36050,1.9927875995635986,,,,
36051,36051,1.9444541931152344,,,,
36052,36052,1.9098795652389526,,,,
36053,36053,1.932714819908142,,,,
36054,36054,2.0019307136535645,,,,
36055,36055,1.992816686630249,,,,
36056,36056,1.9578347206115723,,,,
36057,36057,1.9070994853973389,,,,
36058,36058,1.9054203033447266,,,,
36059,36059,,1.9305622577667236,,,
36059,36059,1.9305622577667236,,,,
36060,36060,1.9345585107803345,,,,
36061,36061,1.9629772901535034,,,,
36062,36062,1.9376258850097656,,,,
36063,36063,1.9137699604034424,,,,
36064,36064,1.9096068143844604,,,,
36065,36065,1.9146194458007812,,,,
36066,36066,1.9190620183944702,,,,
36067,36067,1.8984469175338745,,,,
36068,36068,1.8998348712921143,,,,
36069,36069,,1.9020787477493286,,,
36069,36069,1.9020787477493286,,,,
36070,36070,1.901208758354187,,,,
36071,36071,1.9253132343292236,,,,
36072,36072,1.9043329954147339,,,,
36073,36073,1.912053108215332,,,,
36074,36074,1.9082660675048828,,,,
36075,36075,1.8971461057662964,,,,
36076,36076,1.915693998336792,,,,
36077,36077,1.9032158851623535,,,,
36078,36078,1.9042718410491943,,,,
36079,36079,,1.9144015312194824,,,
36079,36079,1.9144015312194824,,,,
36080,36080,1.8957126140594482,,,,
36081,36081,1.902606725692749,,,,
36082,36082,1.9114727973937988,,,,
36083,36083,1.905934453010559,,,,
36084,36084,1.9576613903045654,,,,
36085,36085,1.9809715747833252,,,,
36086,36086,2.095531940460205,,,,
36087,36087,2.216444492340088,,,,
36088,36088,2.1990444660186768,,,,
36089,36089,,2.232755184173584,,,
36089,36089,2.232755184173584,,,,
36090,36090,2.058664560317993,,,,
36091,36091,1.9490293264389038,,,,
36092,36092,1.938022255897522,,,,
36093,36093,1.9075614213943481,,,,
36094,36094,1.921474814414978,,,,
36095,36095,1.9243909120559692,,,,
36096,36096,1.927270770072937,,,,
36097,36097,2.0113205909729004,,,,
36098,36098,2.1609814167022705,,,,
36099,36099,,2.1783204078674316,,,
36099,36099,2.1783204078674316,,,,
36100,36100,2.1829702854156494,,,,
36101,36101,1.9388188123703003,,,,
36102,36102,2.0260744094848633,,,,
36103,36103,2.5066637992858887,,,,
36104,36104,2.4027183055877686,,,,
36105,36105,2.3616909980773926,,,,
36106,36106,1.9323513507843018,,,,
36107,36107,2.313958168029785,,,,
36108,36108,3.341769218444824,,,,
36109,36109,,2.23301100730896,,,
36109,36109,2.23301100730896,,,,
36110,36110,1.9589232206344604,,,,
36111,36111,2.1537492275238037,,,,
36112,36112,2.0094006061553955,,,,
36113,36113,1.9241162538528442,,,,
36114,36114,1.9545588493347168,,,,
36115,36115,1.9749912023544312,,,,
36116,36116,1.924028754234314,,,,
36117,36117,1.923768401145935,,,,
36118,36118,1.9372483491897583,,,,
36119,36119,,1.9269216060638428,,,
36119,36119,1.9269216060638428,,,,
36120,36120,1.9166749715805054,,,,
36121,36121,1.9582751989364624,,,,
36122,36122,1.9784694910049438,,,,
36123,36123,2.0083768367767334,,,,
36124,36124,1.9887231588363647,,,,
36125,36125,1.9364862442016602,,,,
36126,36126,1.9400014877319336,,,,
36127,36127,1.9696500301361084,,,,
36128,36128,1.9401681423187256,,,,
36129,36129,,1.9102214574813843,,,
36129,36129,1.9102214574813843,,,,
36130,36130,1.9107178449630737,,,,
36131,36131,1.9164931774139404,,,,
36132,36132,1.9076905250549316,,,,
36133,36133,1.9151180982589722,,,,
36134,36134,1.9134953022003174,,,,
36135,36135,1.9031904935836792,,,,
36136,36136,1.915443778038025,,,,
36137,36137,1.9143779277801514,,,,
36138,36138,1.9213060140609741,,,,
36139,36139,,1.9145500659942627,,,
36139,36139,1.9145500659942627,,,,
36140,36140,1.912178635597229,,,,
36141,36141,1.90805983543396,,,,
36142,36142,1.9088422060012817,,,,
36143,36143,1.904630184173584,,,,
36144,36144,1.9135738611221313,,,,
36145,36145,1.920277714729309,,,,
36146,36146,1.9186371564865112,,,,
36147,36147,1.904922366142273,,,,
36148,36148,1.9098485708236694,,,,
36149,36149,,1.9043073654174805,,,
36149,36149,1.9043073654174805,,,,
36150,36150,1.91765558719635,,,,
36151,36151,1.923405647277832,,,,
36152,36152,1.9388415813446045,,,,
36153,36153,1.9475359916687012,,,,
36154,36154,1.9856276512145996,,,,
36155,36155,2.0029561519622803,,,,
36156,36156,2.038658618927002,,,,
36157,36157,2.0861358642578125,,,,
36158,36158,2.1096198558807373,,,,
36159,36159,,2.247710704803467,,,
36159,36159,2.247710704803467,,,,
36160,36160,2.2058560848236084,,,,
36161,36161,2.3825595378875732,,,,
36162,36162,2.1625795364379883,,,,
36163,36163,2.094041585922241,,,,
36164,36164,1.993123173713684,,,,
36165,36165,1.9281963109970093,,,,
36166,36166,1.9136968851089478,,,,
36167,36167,1.9188319444656372,,,,
36168,36168,1.9162646532058716,,,,
36169,36169,,1.941663384437561,,,
36169,36169,1.941663384437561,,,,
36170,36170,1.9741344451904297,,,,
36171,36171,2.0098934173583984,,,,
36172,36172,2.040806293487549,,,,
36173,36173,2.059108018875122,,,,
36174,36174,2.0670647621154785,,,,
36175,36175,1.9722399711608887,,,,
36176,36176,1.9170427322387695,,,,
36177,36177,1.9010648727416992,,,,
36178,36178,1.9579697847366333,,,,
36179,36179,,2.1117897033691406,,,
36179,36179,2.1117897033691406,,,,
36180,36180,2.2315375804901123,,,,
36181,36181,2.5165603160858154,,,,
36182,36182,2.120478868484497,,,,
36183,36183,1.9444583654403687,,,,
36184,36184,1.9128743410110474,,,,
36185,36185,2.072171688079834,,,,
36186,36186,2.2820236682891846,,,,
36187,36187,2.056889295578003,,,,
36188,36188,1.9075918197631836,,,,
36189,36189,,1.9300060272216797,,,
36189,36189,1.9300060272216797,,,,
36190,36190,2.0719168186187744,,,,
36191,36191,2.2618937492370605,,,,
36192,36192,2.05478835105896,,,,
36193,36193,1.9336186647415161,,,,
36194,36194,1.9028854370117188,,,,
36195,36195,2.005410671234131,,,,
36196,36196,2.1862740516662598,,,,
36197,36197,2.103421211242676,,,,
36198,36198,1.9951120615005493,,,,
36199,36199,,1.9173067808151245,,,
36199,36199,1.9173067808151245,,,,
36200,36200,1.9260823726654053,,,,
36201,36201,2.0035409927368164,,,,
36202,36202,2.11252760887146,,,,
36203,36203,2.2294392585754395,,,,
36204,36204,2.015803337097168,,,,
36205,36205,1.9025408029556274,,,,
36206,36206,1.951412558555603,,,,
36207,36207,2.0689003467559814,,,,
36208,36208,2.228084087371826,,,,
36209,36209,,2.049865484237671,,,
36209,36209,2.049865484237671,,,,
36210,36210,1.936501145362854,,,,
36211,36211,1.905727505683899,,,,
36212,36212,1.9768213033676147,,,,
36213,36213,2.0570716857910156,,,,
36214,36214,1.9894880056381226,,,,
36215,36215,1.9284199476242065,,,,
36216,36216,1.9039136171340942,,,,
36217,36217,1.9492883682250977,,,,
36218,36218,1.9830926656723022,,,,
36219,36219,,1.9406880140304565,,,
36219,36219,1.9406880140304565,,,,
36220,36220,1.9009778499603271,,,,
36221,36221,1.9117400646209717,,,,
36222,36222,1.9452236890792847,,,,
36223,36223,1.954140305519104,,,,
36224,36224,1.9314106702804565,,,,
36225,36225,1.9015605449676514,,,,
36226,36226,1.9182683229446411,,,,
36227,36227,1.9447908401489258,,,,
36228,36228,1.9506654739379883,,,,
36229,36229,,1.9222769737243652,,,
36229,36229,1.9222769737243652,,,,
36230,36230,1.9074010848999023,,,,
36231,36231,1.9129468202590942,,,,
36232,36232,1.9435853958129883,,,,
36233,36233,1.9123438596725464,,,,
36234,36234,1.9109833240509033,,,,
36235,36235,1.9069314002990723,,,,
36236,36236,1.9069924354553223,,,,
36237,36237,1.9477359056472778,,,,
36238,36238,1.9210203886032104,,,,
36239,36239,,1.912926197052002,,,
36239,36239,1.912926197052002,,,,
36240,36240,1.9050825834274292,,,,
36241,36241,1.919152021408081,,,,
36242,36242,1.9493179321289062,,,,
36243,36243,1.9200726747512817,,,,
36244,36244,1.901241660118103,,,,
36245,36245,1.8958390951156616,,,,
36246,36246,1.9062820672988892,,,,
36247,36247,1.925629734992981,,,,
36248,36248,1.9085667133331299,,,,
36249,36249,,1.9186277389526367,,,
36249,36249,1.9186277389526367,,,,
36250,36250,1.9019447565078735,,,,
36251,36251,1.9142805337905884,,,,
36252,36252,1.902363896369934,,,,
36253,36253,1.916619062423706,,,,
36254,36254,1.9111673831939697,,,,
36255,36255,1.9296348094940186,,,,
36256,36256,1.9231319427490234,,,,
36257,36257,1.9308689832687378,,,,
36258,36258,1.915370225906372,,,,
36259,36259,,1.9057739973068237,,,
36259,36259,1.9057739973068237,,,,
36260,36260,1.8882704973220825,,,,
36261,36261,1.887660264968872,,,,
36262,36262,1.9023228883743286,,,,
36263,36263,1.9003584384918213,,,,
36264,36264,1.9135726690292358,,,,
36265,36265,1.9065837860107422,,,,
36266,36266,1.8994145393371582,,,,
36267,36267,1.8882354497909546,,,,
36268,36268,1.882699966430664,,,,
36269,36269,,1.8861035108566284,,,
36269,36269,1.8861035108566284,,,,
36270,36270,1.8944604396820068,,,,
36271,36271,1.9748553037643433,,,,
36272,36272,2.2165937423706055,,,,
36273,36273,2.595128059387207,,,,
36274,36274,4.652227401733398,,,,
36275,36275,2.4455881118774414,,,,
36276,36276,1.9149785041809082,,,,
36277,36277,2.084012508392334,,,,
36278,36278,2.2368202209472656,,,,
36279,36279,,2.155466079711914,,,
36279,36279,2.155466079711914,,,,
36280,36280,1.9452680349349976,,,,
36281,36281,2.2236485481262207,,,,
36282,36282,2.510847806930542,,,,
36283,36283,1.9239684343338013,,,,
36284,36284,2.685333490371704,,,,
36285,36285,4.7628045082092285,,,,
36286,36286,1.944991111755371,,,,
36287,36287,6.504015922546387,,,,
36288,36288,24.726158142089844,,,,
36289,36289,,9.837615013122559,,,
36289,36289,9.837615013122559,,,,
36290,36290,34.83540344238281,,,,
36291,36291,89.36114501953125,,,,
36292,36292,93.7685317993164,,,,
36293,36293,107.07192993164062,,,,
36294,36294,116.23629760742188,,,,
36295,36295,116.98798370361328,,,,
36296,36296,111.67910766601562,,,,
36297,36297,102.1096420288086,,,,
36298,36298,88.90841674804688,,,,
36299,36299,,72.9864730834961,,,
36299,36299,72.9864730834961,,,,
36300,36300,55.421173095703125,,,,
36301,36301,37.56753921508789,,,,
36302,36302,22.25068473815918,,,,
36303,36303,15.801618576049805,,,,
36304,36304,29.217056274414062,,,,
36305,36305,47.98861312866211,,,,
36306,36306,33.733253479003906,,,,
36307,36307,17.458072662353516,,,,
36308,36308,15.961223602294922,,,,
36309,36309,,20.328357696533203,,,
36309,36309,20.328357696533203,,,,
36310,36310,25.357952117919922,,,,
36311,36311,28.451393127441406,,,,
36312,36312,29.760257720947266,,,,
36313,36313,29.207599639892578,,,,
36314,36314,27.032732009887695,,,,
36315,36315,23.893798828125,,,,
36316,36316,19.878610610961914,,,,
36317,36317,16.41986656188965,,,,
36318,36318,15.06774616241455,,,,
36319,36319,,16.45887565612793,,,
36319,36319,16.45887565612793,,,,
36320,36320,18.980165481567383,,,,
36321,36321,20.64553451538086,,,,
36322,36322,20.64524269104004,,,,
36323,36323,19.13176727294922,,,,
36324,36324,16.92575454711914,,,,
36325,36325,15.324000358581543,,,,
36326,36326,14.81181526184082,,,,
36327,36327,15.447578430175781,,,,
36328,36328,16.56620216369629,,,,
36329,36329,,17.254405975341797,,,
36329,36329,17.254405975341797,,,,
36330,36330,17.273630142211914,,,,
36331,36331,16.629947662353516,,,,
36332,36332,15.608352661132812,,,,
36333,36333,14.873441696166992,,,,
36334,36334,14.555788040161133,,,,
36335,36335,14.690047264099121,,,,
36336,36336,15.047027587890625,,,,
36337,36337,15.325665473937988,,,,
36338,36338,15.290372848510742,,,,
36339,36339,,15.063849449157715,,,
36339,36339,15.063849449157715,,,,
36340,36340,14.579170227050781,,,,
36341,36341,14.34922981262207,,,,
36342,36342,14.236807823181152,,,,
36343,36343,14.283910751342773,,,,
36344,36344,14.511724472045898,,,,
36345,36345,14.569311141967773,,,,
36346,36346,14.38793659210205,,,,
36347,36347,14.155162811279297,,,,
36348,36348,14.05117416381836,,,,
36349,36349,,13.932018280029297,,,
36349,36349,13.932018280029297,,,,
36350,36350,13.87576675415039,,,,
36351,36351,13.888289451599121,,,,
36352,36352,13.865303993225098,,,,
36353,36353,13.86166763305664,,,,
36354,36354,13.77647876739502,,,,
36355,36355,13.652607917785645,,,,
36356,36356,13.526442527770996,,,,
36357,36357,13.501761436462402,,,,
36358,36358,13.514263153076172,,,,
36359,36359,,13.561654090881348,,,
36359,36359,13.561654090881348,,,,
36360,36360,13.52204704284668,,,,
36361,36361,13.484613418579102,,,,
36362,36362,13.397419929504395,,,,
36363,36363,13.29213809967041,,,,
36364,36364,13.261841773986816,,,,
36365,36365,13.224992752075195,,,,
36366,36366,13.170416831970215,,,,
36367,36367,13.165462493896484,,,,
36368,36368,13.117365837097168,,,,
36369,36369,,13.062312126159668,,,
36369,36369,13.062312126159668,,,,
36370,36370,12.99903678894043,,,,
36371,36371,12.965188980102539,,,,
36372,36372,12.9498929977417,,,,
36373,36373,12.938106536865234,,,,
36374,36374,12.896188735961914,,,,
36375,36375,12.836501121520996,,,,
36376,36376,12.806228637695312,,,,
36377,36377,12.815443992614746,,,,
36378,36378,12.72741985321045,,,,
36379,36379,,12.692055702209473,,,
36379,36379,12.692055702209473,,,,
36380,36380,12.660717010498047,,,,
36381,36381,12.647521018981934,,,,
36382,36382,12.610811233520508,,,,
36383,36383,12.566287994384766,,,,
36384,36384,12.524823188781738,,,,
36385,36385,12.491718292236328,,,,
36386,36386,12.480435371398926,,,,
36387,36387,12.449691772460938,,,,
36388,36388,12.436400413513184,,,,
36389,36389,,12.41708755493164,,,
36389,36389,12.41708755493164,,,,
36390,36390,12.404808044433594,,,,
36391,36391,12.349597930908203,,,,
36392,36392,12.32933235168457,,,,
36393,36393,12.276299476623535,,,,
36394,36394,12.269431114196777,,,,
36395,36395,12.204572677612305,,,,
36396,36396,12.21726131439209,,,,
36397,36397,12.182461738586426,,,,
36398,36398,12.184954643249512,,,,
36399,36399,,12.129916191101074,,,
36399,36399,12.129916191101074,,,,
36400,36400,12.095483779907227,,,,
36401,36401,12.03726863861084,,,,
36402,36402,12.039332389831543,,,,
36403,36403,12.065346717834473,,,,
36404,36404,12.078585624694824,,,,
36405,36405,12.045044898986816,,,,
36406,36406,11.98345947265625,,,,
36407,36407,11.968280792236328,,,,
36408,36408,11.917292594909668,,,,
36409,36409,,11.883210182189941,,,
36409,36409,11.883210182189941,,,,
36410,36410,11.849994659423828,,,,
36411,36411,11.830282211303711,,,,
36412,36412,11.828092575073242,,,,
36413,36413,11.808014869689941,,,,
36414,36414,11.811715126037598,,,,
36415,36415,11.817230224609375,,,,
36416,36416,11.800928115844727,,,,
36417,36417,11.75981616973877,,,,
36418,36418,11.757588386535645,,,,
36419,36419,,11.777650833129883,,,
36419,36419,11.777650833129883,,,,
36420,36420,11.77431869506836,,,,
36421,36421,11.752118110656738,,,,
36422,36422,11.720499992370605,,,,
36423,36423,11.705561637878418,,,,
36424,36424,11.677349090576172,,,,
36425,36425,11.618457794189453,,,,
36426,36426,11.605521202087402,,,,
36427,36427,11.567842483520508,,,,
36428,36428,11.55260181427002,,,,
36429,36429,,11.541020393371582,,,
36429,36429,11.541020393371582,,,,
36430,36430,11.543652534484863,,,,
36431,36431,11.517738342285156,,,,
36432,36432,11.497129440307617,,,,
36433,36433,11.476231575012207,,,,
36434,36434,11.474775314331055,,,,
36435,36435,11.456037521362305,,,,
36436,36436,11.446901321411133,,,,
36437,36437,11.389058113098145,,,,
36438,36438,11.376487731933594,,,,
36439,36439,,11.368224143981934,,,
36439,36439,11.368224143981934,,,,
36440,36440,11.376680374145508,,,,
36441,36441,11.34773063659668,,,,
36442,36442,11.331141471862793,,,,
36443,36443,11.237236976623535,,,,
36444,36444,11.248115539550781,,,,
36445,36445,11.192447662353516,,,,
36446,36446,11.21012020111084,,,,
36447,36447,11.193470001220703,,,,
36448,36448,11.168889999389648,,,,
36449,36449,,11.157827377319336,,,
36449,36449,11.157827377319336,,,,
36450,36450,11.119742393493652,,,,
36451,36451,11.085689544677734,,,,
36452,36452,11.107816696166992,,,,
36453,36453,11.101332664489746,,,,
36454,36454,11.130145072937012,,,,
36455,36455,11.081075668334961,,,,
36456,36456,11.110393524169922,,,,
36457,36457,11.088078498840332,,,,
36458,36458,11.066513061523438,,,,
36459,36459,,11.030855178833008,,,
36459,36459,11.030855178833008,,,,
36460,36460,11.007383346557617,,,,
36461,36461,11.011286735534668,,,,
36462,36462,10.98002815246582,,,,
36463,36463,10.959794044494629,,,,
36464,36464,10.9153470993042,,,,
36465,36465,10.922643661499023,,,,
36466,36466,10.937976837158203,,,,
36467,36467,10.882800102233887,,,,
36468,36468,10.869379997253418,,,,
36469,36469,,10.842329025268555,,,
36469,36469,10.842329025268555,,,,
36470,36470,10.826162338256836,,,,
36471,36471,10.82162857055664,,,,
36472,36472,10.723313331604004,,,,
36473,36473,10.706124305725098,,,,
36474,36474,10.640336036682129,,,,
36475,36475,10.614492416381836,,,,
36476,36476,10.614068031311035,,,,
36477,36477,10.625277519226074,,,,
36478,36478,10.578221321105957,,,,
36479,36479,,10.580211639404297,,,
36479,36479,10.580211639404297,,,,
36480,36480,10.583471298217773,,,,
36481,36481,10.565702438354492,,,,
36482,36482,10.528377532958984,,,,
36483,36483,10.519740104675293,,,,
36484,36484,10.504741668701172,,,,
36485,36485,10.495476722717285,,,,
36486,36486,10.46078872680664,,,,
36487,36487,10.423702239990234,,,,
36488,36488,10.392416000366211,,,,
36489,36489,,10.353864669799805,,,
36489,36489,10.353864669799805,,,,
36490,36490,10.38274097442627,,,,
36491,36491,10.420919418334961,,,,
36492,36492,10.415472984313965,,,,
36493,36493,10.370931625366211,,,,
36494,36494,10.362722396850586,,,,
36495,36495,10.335317611694336,,,,
36496,36496,10.335612297058105,,,,
36497,36497,10.278021812438965,,,,
36498,36498,10.262626647949219,,,,
36499,36499,,10.250028610229492,,,
36499,36499,,,0.1658153533935547,168.1670379638672,156.13107299804688
36499,36499,10.250028610229492,,,,
36500,36500,10.252135276794434,,,,
36501,36501,10.221712112426758,,,,
36502,36502,10.20564079284668,,,,
36503,36503,10.137799263000488,,,,
36504,36504,10.118986129760742,,,,
36505,36505,10.10124683380127,,,,
36506,36506,10.06215763092041,,,,
36507,36507,10.025655746459961,,,,
36508,36508,9.99172592163086,,,,
36509,36509,,10.01890754699707,,,
36509,36509,10.01890754699707,,,,
36510,36510,9.989112854003906,,,,
36511,36511,9.966364860534668,,,,
36512,36512,9.941926002502441,,,,
36513,36513,9.912957191467285,,,,
36514,36514,9.972929000854492,,,,
36515,36515,10.000296592712402,,,,
36516,36516,9.991994857788086,,,,
36517,36517,10.04438591003418,,,,
36518,36518,10.042146682739258,,,,
36519,36519,,10.006592750549316,,,
36519,36519,10.006592750549316,,,,
36520,36520,10.011507987976074,,,,
36521,36521,9.981803894042969,,,,
36522,36522,9.934829711914062,,,,
36523,36523,9.91011905670166,,,,
36524,36524,9.876446723937988,,,,
36525,36525,9.834775924682617,,,,
36526,36526,9.858304977416992,,,,
36527,36527,9.810613632202148,,,,
36528,36528,9.79362678527832,,,,
36529,36529,,9.762335777282715,,,
36529,36529,9.762335777282715,,,,
36530,36530,9.79527473449707,,,,
36531,36531,9.773818016052246,,,,
36532,36532,9.771296501159668,,,,
36533,36533,9.75804328918457,,,,
36534,36534,9.731973648071289,,,,
36535,36535,9.745657920837402,,,,
36536,36536,9.735490798950195,,,,
36537,36537,9.680270195007324,,,,
36538,36538,9.640045166015625,,,,
36539,36539,,9.632347106933594,,,
36539,36539,9.632347106933594,,,,
36540,36540,9.592824935913086,,,,
36541,36541,9.657295227050781,,,,
36542,36542,9.671669006347656,,,,
36543,36543,9.629642486572266,,,,
36544,36544,9.625749588012695,,,,
36545,36545,9.615461349487305,,,,
36546,36546,9.56860065460205,,,,
36547,36547,9.524476051330566,,,,
36548,36548,9.545880317687988,,,,
36549,36549,,9.517362594604492,,,
36549,36549,9.517362594604492,,,,
36550,36550,9.5280179977417,,,,
36551,36551,9.566807746887207,,,,
36552,36552,9.550026893615723,,,,
36553,36553,9.524230003356934,,,,
36554,36554,9.534095764160156,,,,
36555,36555,9.444472312927246,,,,
36556,36556,9.446584701538086,,,,
36557,36557,9.36513900756836,,,,
36558,36558,9.364188194274902,,,,
36559,36559,,9.4026460647583,,,
36559,36559,9.4026460647583,,,,
36560,36560,9.39653491973877,,,,
36561,36561,9.379520416259766,,,,
36562,36562,9.375658988952637,,,,
36563,36563,9.35293960571289,,,,
36564,36564,9.335384368896484,,,,
36565,36565,9.318747520446777,,,,
36566,36566,9.279844284057617,,,,
36567,36567,9.263052940368652,,,,
36568,36568,9.227312088012695,,,,
36569,36569,,9.222975730895996,,,
36569,36569,9.222975730895996,,,,
36570,36570,9.238019943237305,,,,
36571,36571,9.201933860778809,,,,
36572,36572,9.156994819641113,,,,
36573,36573,9.172483444213867,,,,
36574,36574,9.16232681274414,,,,
36575,36575,9.147770881652832,,,,
36576,36576,9.096203804016113,,,,
36577,36577,9.093191146850586,,,,
36578,36578,9.080365180969238,,,,
36579,36579,,9.077770233154297,,,
36579,36579,9.077770233154297,,,,
36580,36580,9.07408618927002,,,,
36581,36581,9.013019561767578,,,,
36582,36582,8.98268985748291,,,,
36583,36583,8.911789894104004,,,,
36584,36584,8.878087043762207,,,,
36585,36585,8.908321380615234,,,,
36586,36586,8.882097244262695,,,,
36587,36587,8.848846435546875,,,,
36588,36588,8.848212242126465,,,,
36589,36589,,8.834650993347168,,,
36589,36589,8.834650993347168,,,,
36590,36590,8.790852546691895,,,,
36591,36591,8.746533393859863,,,,
36592,36592,8.710075378417969,,,,
36593,36593,8.713295936584473,,,,
36594,36594,8.71278190612793,,,,
36595,36595,8.703248023986816,,,,
36596,36596,8.63320541381836,,,,
36597,36597,8.613672256469727,,,,
36598,36598,8.576898574829102,,,,
36599,36599,,8.531120300292969,,,
36599,36599,8.531120300292969,,,,
36600,36600,8.545612335205078,,,,
36601,36601,8.530267715454102,,,,
36602,36602,8.52269172668457,,,,
36603,36603,8.493432998657227,,,,
36604,36604,8.479736328125,,,,
36605,36605,8.433479309082031,,,,
36606,36606,8.424091339111328,,,,
36607,36607,8.416669845581055,,,,
36608,36608,8.447931289672852,,,,
36609,36609,,8.451247215270996,,,
36609,36609,8.451247215270996,,,,
36610,36610,8.432594299316406,,,,
36611,36611,8.493267059326172,,,,
36612,36612,8.483201026916504,,,,
36613,36613,8.419282913208008,,,,
36614,36614,8.418307304382324,,,,
36615,36615,8.40835189819336,,,,
36616,36616,8.364007949829102,,,,
36617,36617,8.347386360168457,,,,
36618,36618,8.376664161682129,,,,
36619,36619,,8.35688591003418,,,
36619,36619,8.35688591003418,,,,
36620,36620,8.348405838012695,,,,
36621,36621,8.302721977233887,,,,
36622,36622,8.286277770996094,,,,
36623,36623,8.236955642700195,,,,
36624,36624,8.234796524047852,,,,
36625,36625,8.152165412902832,,,,
36626,36626,8.231559753417969,,,,
36627,36627,8.191123962402344,,,,
36628,36628,8.169355392456055,,,,
36629,36629,,8.165349006652832,,,
36629,36629,8.165349006652832,,,,
36630,36630,8.131755828857422,,,,
36631,36631,8.090873718261719,,,,
36632,36632,8.063572883605957,,,,
36633,36633,8.03236198425293,,,,
36634,36634,8.018399238586426,,,,
36635,36635,8.013412475585938,,,,
36636,36636,7.958001136779785,,,,
36637,36637,7.989689350128174,,,,
36638,36638,7.984224796295166,,,,
36639,36639,,7.98914909362793,,,
36639,36639,7.98914909362793,,,,
36640,36640,7.946376323699951,,,,
36641,36641,7.922107219696045,,,,
36642,36642,7.919287204742432,,,,
36643,36643,7.878913402557373,,,,
36644,36644,7.846304416656494,,,,
36645,36645,7.867308139801025,,,,
36646,36646,7.832714080810547,,,,
36647,36647,7.791459083557129,,,,
36648,36648,7.783535957336426,,,,
36649,36649,,7.74690580368042,,,
36649,36649,7.74690580368042,,,,
36650,36650,7.713608741760254,,,,
36651,36651,7.692101001739502,,,,
36652,36652,7.658352851867676,,,,
36653,36653,7.662735939025879,,,,
36654,36654,7.642610549926758,,,,
36655,36655,7.6573357582092285,,,,
36656,36656,7.6226487159729,,,,
36657,36657,7.598764896392822,,,,
36658,36658,7.564980506896973,,,,
36659,36659,,7.584329128265381,,,
36659,36659,7.584329128265381,,,,
36660,36660,7.55290412902832,,,,
36661,36661,7.548008441925049,,,,
36662,36662,7.5431318283081055,,,,
36663,36663,7.51571798324585,,,,
36664,36664,7.514492034912109,,,,
36665,36665,7.511415958404541,,,,
36666,36666,7.464951992034912,,,,
36667,36667,7.474655628204346,,,,
36668,36668,7.452897071838379,,,,
36669,36669,,7.456307411193848,,,
36669,36669,7.456307411193848,,,,
36670,36670,7.474374294281006,,,,
36671,36671,7.4562668800354,,,,
36672,36672,7.4379987716674805,,,,
36673,36673,7.4020586013793945,,,,
36674,36674,7.379007816314697,,,,
36675,36675,7.37001371383667,,,,
36676,36676,7.35145378112793,,,,
36677,36677,7.335139274597168,,,,
36678,36678,7.253989219665527,,,,
36679,36679,,7.265130043029785,,,
36679,36679,7.265130043029785,,,,
36680,36680,7.281956672668457,,,,
36681,36681,7.2851104736328125,,,,
36682,36682,7.254530906677246,,,,
36683,36683,7.211414337158203,,,,
36684,36684,7.2198309898376465,,,,
36685,36685,7.146816253662109,,,,
36686,36686,7.11854887008667,,,,
36687,36687,7.104219436645508,,,,
36688,36688,7.071398735046387,,,,
36689,36689,,7.085469722747803,,,
36689,36689,7.085469722747803,,,,
36690,36690,7.0545430183410645,,,,
36691,36691,7.045265197753906,,,,
36692,36692,6.989171981811523,,,,
36693,36693,6.986531734466553,,,,
36694,36694,6.929047584533691,,,,
36695,36695,6.9539713859558105,,,,
36696,36696,6.9231367111206055,,,,
36697,36697,6.948672771453857,,,,
36698,36698,6.934000492095947,,,,
36699,36699,,6.907922267913818,,,
36699,36699,6.907922267913818,,,,
36700,36700,6.937127590179443,,,,
36701,36701,6.891402721405029,,,,
36702,36702,6.8926496505737305,,,,
36703,36703,6.903993606567383,,,,
36704,36704,6.899772644042969,,,,
36705,36705,6.857320308685303,,,,
36706,36706,6.851240158081055,,,,
36707,36707,6.871436595916748,,,,
36708,36708,6.893708229064941,,,,
36709,36709,,6.910889625549316,,,
36709,36709,6.910889625549316,,,,
36710,36710,6.88196325302124,,,,
36711,36711,6.809271335601807,,,,
36712,36712,6.819264888763428,,,,
36713,36713,6.790558338165283,,,,
36714,36714,6.742744445800781,,,,
36715,36715,6.745715618133545,,,,
36716,36716,6.71129846572876,,,,
36717,36717,6.715590000152588,,,,
36718,36718,6.701150417327881,,,,
36719,36719,,6.735734462738037,,,
36719,36719,6.735734462738037,,,,
36720,36720,6.688711166381836,,,,
36721,36721,6.654831409454346,,,,
36722,36722,6.597142696380615,,,,
36723,36723,6.5864434242248535,,,,
36724,36724,6.5457868576049805,,,,
36725,36725,6.583996295928955,,,,
36726,36726,6.569911479949951,,,,
36727,36727,6.533040523529053,,,,
36728,36728,6.53688907623291,,,,
36729,36729,,6.5805487632751465,,,
36729,36729,6.5805487632751465,,,,
36730,36730,6.56131649017334,,,,
36731,36731,6.530993938446045,,,,
36732,36732,6.4973626136779785,,,,
36733,36733,6.488260746002197,,,,
36734,36734,6.474891662597656,,,,
36735,36735,6.4839959144592285,,,,
36736,36736,6.460226058959961,,,,
36737,36737,6.423939228057861,,,,
36738,36738,6.406189918518066,,,,
36739,36739,,6.434229850769043,,,
36739,36739,6.434229850769043,,,,
36740,36740,6.447451591491699,,,,
36741,36741,6.461505889892578,,,,
36742,36742,6.467256546020508,,,,
36743,36743,6.44910192489624,,,,
36744,36744,6.46507453918457,,,,
36745,36745,6.473293781280518,,,,
36746,36746,6.395662307739258,,,,
36747,36747,6.316137790679932,,,,
36748,36748,6.263781547546387,,,,
36749,36749,,6.248594760894775,,,
36749,36749,6.248594760894775,,,,
36750,36750,6.230005741119385,,,,
36751,36751,6.136843681335449,,,,
36752,36752,6.050314426422119,,,,
36753,36753,6.024189472198486,,,,
36754,36754,6.027562618255615,,,,
36755,36755,6.0271124839782715,,,,
36756,36756,6.03757905960083,,,,
36757,36757,6.013490200042725,,,,
36758,36758,5.977625846862793,,,,
36759,36759,,6.0211381912231445,,,
36759,36759,6.0211381912231445,,,,
36760,36760,5.997523784637451,,,,
36761,36761,5.970737457275391,,,,
36762,36762,5.887722969055176,,,,
36763,36763,5.882001876831055,,,,
36764,36764,5.874965667724609,,,,
36765,36765,5.8699822425842285,,,,
36766,36766,5.895096778869629,,,,
36767,36767,5.888964653015137,,,,
36768,36768,5.839540004730225,,,,
36769,36769,,5.837204933166504,,,
36769,36769,5.837204933166504,,,,
36770,36770,5.847875595092773,,,,
36771,36771,5.795438766479492,,,,
36772,36772,5.7998504638671875,,,,
36773,36773,5.7751264572143555,,,,
36774,36774,5.80911922454834,,,,
36775,36775,5.794615268707275,,,,
36776,36776,5.806696891784668,,,,
36777,36777,5.7921552658081055,,,,
36778,36778,5.7184319496154785,,,,
36779,36779,,5.678952693939209,,,
36779,36779,5.678952693939209,,,,
36780,36780,5.636837005615234,,,,
36781,36781,5.641128063201904,,,,
36782,36782,5.6172051429748535,,,,
36783,36783,5.531036853790283,,,,
36784,36784,5.523147106170654,,,,
36785,36785,5.5125226974487305,,,,
36786,36786,5.502288818359375,,,,
36787,36787,5.484221935272217,,,,
36788,36788,5.495745658874512,,,,
36789,36789,,5.427194595336914,,,
36789,36789,5.427194595336914,,,,
36790,36790,5.39510440826416,,,,
36791,36791,5.407947063446045,,,,
36792,36792,5.370506763458252,,,,
36793,36793,5.396215915679932,,,,
36794,36794,5.415174961090088,,,,
36795,36795,5.358155727386475,,,,
36796,36796,5.372851848602295,,,,
36797,36797,5.321690559387207,,,,
36798,36798,5.299415111541748,,,,
36799,36799,,5.2777485847473145,,,
36799,36799,5.2777485847473145,,,,
36800,36800,5.303274154663086,,,,
36801,36801,5.276838302612305,,,,
36802,36802,5.2939839363098145,,,,
36803,36803,5.2794318199157715,,,,
36804,36804,5.295906066894531,,,,
36805,36805,5.261469841003418,,,,
36806,36806,5.290808200836182,,,,
36807,36807,5.281669616699219,,,,
36808,36808,5.2676920890808105,,,,
36809,36809,,5.274487495422363,,,
36809,36809,5.274487495422363,,,,
36810,36810,5.233687877655029,,,,
36811,36811,5.275095462799072,,,,
36812,36812,5.267828464508057,,,,
36813,36813,5.229767799377441,,,,
36814,36814,5.171102046966553,,,,
36815,36815,5.185330390930176,,,,
36816,36816,5.170750617980957,,,,
36817,36817,5.152719020843506,,,,
36818,36818,5.173361301422119,,,,
36819,36819,,5.158404350280762,,,
36819,36819,5.158404350280762,,,,
36820,36820,5.1270551681518555,,,,
36821,36821,5.120784759521484,,,,
36822,36822,5.0783843994140625,,,,
36823,36823,5.041990280151367,,,,
36824,36824,5.03513765335083,,,,
36825,36825,5.040696620941162,,,,
36826,36826,5.026129722595215,,,,
36827,36827,5.021916389465332,,,,
36828,36828,5.03511381149292,,,,
36829,36829,,4.988026142120361,,,
36829,36829,4.988026142120361,,,,
36830,36830,4.9586873054504395,,,,
36831,36831,4.9623565673828125,,,,
36832,36832,4.928829193115234,,,,
36833,36833,4.922348976135254,,,,
36834,36834,4.912499904632568,,,,
36835,36835,4.969182014465332,,,,
36836,36836,4.972952365875244,,,,
36837,36837,4.958169937133789,,,,
36838,36838,4.995358943939209,,,,
36839,36839,,4.92925500869751,,,
36839,36839,4.92925500869751,,,,
36840,36840,4.925164222717285,,,,
36841,36841,4.9764628410339355,,,,
36842,36842,4.952723979949951,,,,
36843,36843,4.943724632263184,,,,
36844,36844,4.969721794128418,,,,
36845,36845,4.947348594665527,,,,
36846,36846,4.8921732902526855,,,,
36847,36847,4.94661283493042,,,,
36848,36848,4.931000709533691,,,,
36849,36849,,4.932231903076172,,,
36849,36849,4.932231903076172,,,,
36850,36850,4.925609588623047,,,,
36851,36851,4.9189887046813965,,,,
36852,36852,4.939289093017578,,,,
36853,36853,4.92368221282959,,,,
36854,36854,4.92769718170166,,,,
36855,36855,4.901186466217041,,,,
36856,36856,4.879922389984131,,,,
36857,36857,4.852599620819092,,,,
36858,36858,4.845616817474365,,,,
36859,36859,,4.845885276794434,,,
36859,36859,4.845885276794434,,,,
36860,36860,4.854865074157715,,,,
36861,36861,4.840802192687988,,,,
36862,36862,4.8358330726623535,,,,
36863,36863,4.817330360412598,,,,
36864,36864,4.8696675300598145,,,,
36865,36865,4.869524002075195,,,,
36866,36866,4.865858554840088,,,,
36867,36867,4.862820148468018,,,,
36868,36868,4.861897945404053,,,,
36869,36869,,4.841626167297363,,,
36869,36869,4.841626167297363,,,,
36870,36870,4.842144012451172,,,,
36871,36871,4.871022701263428,,,,
36872,36872,4.837560176849365,,,,
36873,36873,4.818684101104736,,,,
36874,36874,4.800285816192627,,,,
36875,36875,4.808423042297363,,,,
36876,36876,4.78618049621582,,,,
36877,36877,4.783125400543213,,,,
36878,36878,4.790915012359619,,,,
36879,36879,,4.7345075607299805,,,
36879,36879,4.7345075607299805,,,,
36880,36880,4.732000827789307,,,,
36881,36881,4.749698162078857,,,,
36882,36882,4.728038311004639,,,,
36883,36883,4.764836311340332,,,,
36884,36884,4.7745890617370605,,,,
36885,36885,4.774350643157959,,,,
36886,36886,4.751700401306152,,,,
36887,36887,4.75051736831665,,,,
36888,36888,4.755418300628662,,,,
36889,36889,,4.702164649963379,,,
36889,36889,4.702164649963379,,,,
36890,36890,4.688966751098633,,,,
36891,36891,4.701449394226074,,,,
36892,36892,4.679253578186035,,,,
36893,36893,4.665097713470459,,,,
36894,36894,4.644990921020508,,,,
36895,36895,4.657939910888672,,,,
36896,36896,4.613354206085205,,,,
36897,36897,4.599971771240234,,,,
36898,36898,4.622664451599121,,,,
36899,36899,,4.6120924949646,,,
36899,36899,4.6120924949646,,,,
36900,36900,4.619693756103516,,,,
36901,36901,4.609036922454834,,,,
36902,36902,4.590583324432373,,,,
36903,36903,4.579254150390625,,,,
36904,36904,4.57337760925293,,,,
36905,36905,4.561178684234619,,,,
36906,36906,4.553555488586426,,,,
36907,36907,4.537193298339844,,,,
36908,36908,4.57644510269165,,,,
36909,36909,,4.560910224914551,,,
36909,36909,4.560910224914551,,,,
36910,36910,4.553834915161133,,,,
36911,36911,4.492253303527832,,,,
36912,36912,4.495441913604736,,,,
36913,36913,4.490604400634766,,,,
36914,36914,4.489912509918213,,,,
36915,36915,4.480093955993652,,,,
36916,36916,4.467287540435791,,,,
36917,36917,4.472134113311768,,,,
36918,36918,4.4576005935668945,,,,
36919,36919,,4.447341442108154,,,
36919,36919,4.447341442108154,,,,
36920,36920,4.406500339508057,,,,
36921,36921,4.384690761566162,,,,
36922,36922,4.400226593017578,,,,
36923,36923,4.403830528259277,,,,
36924,36924,4.381043910980225,,,,
36925,36925,4.381884574890137,,,,
36926,36926,4.369447708129883,,,,
36927,36927,4.389444828033447,,,,
36928,36928,4.377858638763428,,,,
36929,36929,,4.371406555175781,,,
36929,36929,4.371406555175781,,,,
36930,36930,4.380078315734863,,,,
36931,36931,4.363967418670654,,,,
36932,36932,4.383794784545898,,,,
36933,36933,4.386305332183838,,,,
36934,36934,4.371955394744873,,,,
36935,36935,4.373686790466309,,,,
36936,36936,4.36685037612915,,,,
36937,36937,4.346419334411621,,,,
36938,36938,4.332945823669434,,,,
36939,36939,,4.344510078430176,,,
36939,36939,4.344510078430176,,,,
36940,36940,4.322204113006592,,,,
36941,36941,4.315059185028076,,,,
36942,36942,4.3238677978515625,,,,
36943,36943,4.2899932861328125,,,,
36944,36944,4.292331218719482,,,,
36945,36945,4.323138236999512,,,,
36946,36946,4.293028354644775,,,,
36947,36947,4.280270099639893,,,,
36948,36948,4.269567489624023,,,,
36949,36949,,4.247620582580566,,,
36949,36949,4.247620582580566,,,,
36950,36950,4.2432684898376465,,,,
36951,36951,4.233140468597412,,,,
36952,36952,4.23024320602417,,,,
36953,36953,4.221036434173584,,,,
36954,36954,4.227025508880615,,,,
36955,36955,4.229079246520996,,,,
36956,36956,4.232679843902588,,,,
36957,36957,4.223935127258301,,,,
36958,36958,4.204012870788574,,,,
36959,36959,,4.196321487426758,,,
36959,36959,4.196321487426758,,,,
36960,36960,4.206603527069092,,,,
36961,36961,4.220569133758545,,,,
36962,36962,4.213705062866211,,,,
36963,36963,4.22962760925293,,,,
36964,36964,4.225407123565674,,,,
36965,36965,4.197219371795654,,,,
36966,36966,4.195441722869873,,,,
36967,36967,4.185410499572754,,,,
36968,36968,4.212055206298828,,,,
36969,36969,,4.19618558883667,,,
36969,36969,4.19618558883667,,,,
36970,36970,4.204132556915283,,,,
36971,36971,4.191148281097412,,,,
36972,36972,4.19663143157959,,,,
36973,36973,4.1868062019348145,,,,
36974,36974,4.192685604095459,,,,
36975,36975,4.194404602050781,,,,
36976,36976,4.197912693023682,,,,
36977,36977,4.196386337280273,,,,
36978,36978,4.1877641677856445,,,,
36979,36979,,4.1910834312438965,,,
36979,36979,4.1910834312438965,,,,
36980,36980,4.183984279632568,,,,
36981,36981,4.182960510253906,,,,
36982,36982,4.177327632904053,,,,
36983,36983,4.1816086769104,,,,
36984,36984,4.157100677490234,,,,
36985,36985,4.132513523101807,,,,
36986,36986,4.115832328796387,,,,
36987,36987,4.125468730926514,,,,
36988,36988,4.101255893707275,,,,
36989,36989,,4.111384868621826,,,
36989,36989,4.111384868621826,,,,
36990,36990,4.111950397491455,,,,
36991,36991,4.104340553283691,,,,
36992,36992,4.111604690551758,,,,
36993,36993,4.105121612548828,,,,
36994,36994,4.110136032104492,,,,
36995,36995,4.102705955505371,,,,
36996,36996,4.092987537384033,,,,
36997,36997,4.0947160720825195,,,,
36998,36998,4.0851311683654785,,,,
36999,36999,,4.09436559677124,,,
36999,36999,,,0.17282235622406006,182.6800994873047,156.13107299804688
36999,36999,4.09436559677124,,,,
37000,37000,4.096801280975342,,,,
37001,37001,4.084550857543945,,,,
37002,37002,4.07859992980957,,,,
37003,37003,4.062800407409668,,,,
37004,37004,4.072208404541016,,,,
37005,37005,4.036869049072266,,,,
37006,37006,4.032198429107666,,,,
37007,37007,4.030824661254883,,,,
37008,37008,4.012781143188477,,,,
37009,37009,,3.9999237060546875,,,
37009,37009,3.9999237060546875,,,,
37010,37010,3.9900903701782227,,,,
37011,37011,4.001463890075684,,,,
37012,37012,3.9673104286193848,,,,
37013,37013,3.9719090461730957,,,,
37014,37014,3.9703445434570312,,,,
37015,37015,3.9632821083068848,,,,
37016,37016,3.9614317417144775,,,,
37017,37017,3.959878444671631,,,,
37018,37018,3.9500815868377686,,,,
37019,37019,,3.9508771896362305,,,
37019,37019,3.9508771896362305,,,,
37020,37020,3.94785737991333,,,,
37021,37021,3.94883394241333,,,,
37022,37022,3.937305212020874,,,,
37023,37023,3.9501023292541504,,,,
37024,37024,3.9483516216278076,,,,
37025,37025,3.9039084911346436,,,,
37026,37026,3.9042346477508545,,,,
37027,37027,3.900574207305908,,,,
37028,37028,3.926245927810669,,,,
37029,37029,,3.922504425048828,,,
37029,37029,3.922504425048828,,,,
37030,37030,3.903444766998291,,,,
37031,37031,3.886413335800171,,,,
37032,37032,3.8814971446990967,,,,
37033,37033,3.885685920715332,,,,
37034,37034,3.885688304901123,,,,
37035,37035,3.883120536804199,,,,
37036,37036,3.877594232559204,,,,
37037,37037,3.8861427307128906,,,,
37038,37038,3.8746650218963623,,,,
37039,37039,,3.8683152198791504,,,
37039,37039,3.8683152198791504,,,,
37040,37040,3.878196954727173,,,,
37041,37041,3.871156930923462,,,,
37042,37042,3.8685154914855957,,,,
37043,37043,3.852656602859497,,,,
37044,37044,3.8498141765594482,,,,
37045,37045,3.8929457664489746,,,,
37046,37046,3.8885886669158936,,,,
37047,37047,3.880099296569824,,,,
37048,37048,3.8848767280578613,,,,
37049,37049,,3.893310070037842,,,
37049,37049,3.893310070037842,,,,
37050,37050,3.852734327316284,,,,
37051,37051,3.866377353668213,,,,
37052,37052,3.849963903427124,,,,
37053,37053,3.837542772293091,,,,
37054,37054,3.843494415283203,,,,
37055,37055,3.8212790489196777,,,,
37056,37056,3.828400135040283,,,,
37057,37057,3.8259449005126953,,,,
37058,37058,3.8266568183898926,,,,
37059,37059,,3.812286615371704,,,
37059,37059,3.812286615371704,,,,
37060,37060,3.796679735183716,,,,
37061,37061,3.8009419441223145,,,,
37062,37062,3.792917490005493,,,,
37063,37063,3.8329949378967285,,,,
37064,37064,3.8034658432006836,,,,
37065,37065,3.8205885887145996,,,,
37066,37066,3.8211944103240967,,,,
37067,37067,3.8292315006256104,,,,
37068,37068,3.824070453643799,,,,
37069,37069,,3.8318889141082764,,,
37069,37069,3.8318889141082764,,,,
37070,37070,3.825131893157959,,,,
37071,37071,3.820849895477295,,,,
37072,37072,3.846540927886963,,,,
37073,37073,3.831721305847168,,,,
37074,37074,3.8410487174987793,,,,
37075,37075,3.8296473026275635,,,,
37076,37076,3.8341403007507324,,,,
37077,37077,3.8376553058624268,,,,
37078,37078,3.8318400382995605,,,,
37079,37079,,3.834475040435791,,,
37079,37079,3.834475040435791,,,,
37080,37080,3.8250374794006348,,,,
37081,37081,3.8245761394500732,,,,
37082,37082,3.8359925746917725,,,,
37083,37083,3.8193893432617188,,,,
37084,37084,3.8057780265808105,,,,
37085,37085,3.806507110595703,,,,
37086,37086,3.7943150997161865,,,,
37087,37087,3.786613941192627,,,,
37088,37088,3.783080577850342,,,,
37089,37089,,3.7826833724975586,,,
37089,37089,3.7826833724975586,,,,
37090,37090,3.7880747318267822,,,,
37091,37091,3.7859435081481934,,,,
37092,37092,3.7719080448150635,,,,
37093,37093,3.772019624710083,,,,
37094,37094,3.782790422439575,,,,
37095,37095,3.7893786430358887,,,,
37096,37096,3.7773349285125732,,,,
37097,37097,3.7753489017486572,,,,
37098,37098,3.773545742034912,,,,
37099,37099,,3.7615418434143066,,,
37099,37099,3.7615418434143066,,,,
37100,37100,3.7564210891723633,,,,
37101,37101,3.7518861293792725,,,,
37102,37102,3.7529067993164062,,,,
37103,37103,3.7542970180511475,,,,
37104,37104,3.7360150814056396,,,,
37105,37105,3.722100257873535,,,,
37106,37106,3.7323708534240723,,,,
37107,37107,3.7257776260375977,,,,
37108,37108,3.733882427215576,,,,
37109,37109,,3.727825164794922,,,
37109,37109,3.727825164794922,,,,
37110,37110,3.7157328128814697,,,,
37111,37111,3.7180256843566895,,,,
37112,37112,3.7019248008728027,,,,
37113,37113,3.703566551208496,,,,
37114,37114,3.692791223526001,,,,
37115,37115,3.685662269592285,,,,
37116,37116,3.685244083404541,,,,
37117,37117,3.693472146987915,,,,
37118,37118,3.654562473297119,,,,
37119,37119,,3.690124273300171,,,
37119,37119,3.690124273300171,,,,
37120,37120,3.6704628467559814,,,,
37121,37121,3.6645116806030273,,,,
37122,37122,3.6580748558044434,,,,
37123,37123,3.656928777694702,,,,
37124,37124,3.6584339141845703,,,,
37125,37125,3.636221170425415,,,,
37126,37126,3.632070541381836,,,,
37127,37127,3.6254239082336426,,,,
37128,37128,3.6269891262054443,,,,
37129,37129,,3.6282801628112793,,,
37129,37129,3.6282801628112793,,,,
37130,37130,3.6162631511688232,,,,
37131,37131,3.6300923824310303,,,,
37132,37132,3.6303341388702393,,,,
37133,37133,3.6034116744995117,,,,
37134,37134,3.609182357788086,,,,
37135,37135,3.6013119220733643,,,,
37136,37136,3.5989248752593994,,,,
37137,37137,3.5969014167785645,,,,
37138,37138,3.600856065750122,,,,
37139,37139,,3.5950379371643066,,,
37139,37139,3.5950379371643066,,,,
37140,37140,3.5874204635620117,,,,
37141,37141,3.583477258682251,,,,
37142,37142,3.566053628921509,,,,
37143,37143,3.551178455352783,,,,
37144,37144,3.534546136856079,,,,
37145,37145,3.533797264099121,,,,
37146,37146,3.5342719554901123,,,,
37147,37147,3.542191743850708,,,,
37148,37148,3.5282485485076904,,,,
37149,37149,,3.5456795692443848,,,
37149,37149,3.5456795692443848,,,,
37150,37150,3.5462372303009033,,,,
37151,37151,3.535646677017212,,,,
37152,37152,3.5190625190734863,,,,
37153,37153,3.5174753665924072,,,,
37154,37154,3.5136055946350098,,,,
37155,37155,3.5179553031921387,,,,
37156,37156,3.524405002593994,,,,
37157,37157,3.516674518585205,,,,
37158,37158,3.5147149562835693,,,,
37159,37159,,3.515407085418701,,,
37159,37159,3.515407085418701,,,,
37160,37160,3.5113329887390137,,,,
37161,37161,3.5100650787353516,,,,
37162,37162,3.489607810974121,,,,
37163,37163,3.4884276390075684,,,,
37164,37164,3.4652116298675537,,,,
37165,37165,3.4720406532287598,,,,
37166,37166,3.453958749771118,,,,
37167,37167,3.45570969581604,,,,
37168,37168,3.458226442337036,,,,
37169,37169,,3.445564031600952,,,
37169,37169,3.445564031600952,,,,
37170,37170,3.454033374786377,,,,
37171,37171,3.45003080368042,,,,
37172,37172,3.45600962638855,,,,
37173,37173,3.4509658813476562,,,,
37174,37174,3.439438581466675,,,,
37175,37175,3.4314725399017334,,,,
37176,37176,3.437434196472168,,,,
37177,37177,3.4425418376922607,,,,
37178,37178,3.4384288787841797,,,,
37179,37179,,3.4309866428375244,,,
37179,37179,3.4309866428375244,,,,
37180,37180,3.4301211833953857,,,,
37181,37181,3.423766851425171,,,,
37182,37182,3.4045088291168213,,,,
37183,37183,3.396315097808838,,,,
37184,37184,3.401639938354492,,,,
37185,37185,3.4028680324554443,,,,
37186,37186,3.402111291885376,,,,
37187,37187,3.3986105918884277,,,,
37188,37188,3.382488965988159,,,,
37189,37189,,3.390289306640625,,,
37189,37189,3.390289306640625,,,,
37190,37190,3.381286382675171,,,,
37191,37191,3.384730100631714,,,,
37192,37192,3.379859447479248,,,,
37193,37193,3.3675715923309326,,,,
37194,37194,3.3695528507232666,,,,
37195,37195,3.3612632751464844,,,,
37196,37196,3.3781521320343018,,,,
37197,37197,3.3797435760498047,,,,
37198,37198,3.3643622398376465,,,,
37199,37199,,3.367347240447998,,,
37199,37199,3.367347240447998,,,,
37200,37200,3.3522346019744873,,,,
37201,37201,3.346675157546997,,,,
37202,37202,3.345635175704956,,,,
37203,37203,3.3407273292541504,,,,
37204,37204,3.318303346633911,,,,
37205,37205,3.322033405303955,,,,
37206,37206,3.3240628242492676,,,,
37207,37207,3.3114306926727295,,,,
37208,37208,3.3152847290039062,,,,
37209,37209,,3.3097293376922607,,,
37209,37209,3.3097293376922607,,,,
37210,37210,3.3060994148254395,,,,
37211,37211,3.3056867122650146,,,,
37212,37212,3.3104443550109863,,,,
37213,37213,3.308814764022827,,,,
37214,37214,3.3041937351226807,,,,
37215,37215,3.3033738136291504,,,,
37216,37216,3.302964448928833,,,,
37217,37217,3.2998204231262207,,,,
37218,37218,3.3190698623657227,,,,
37219,37219,,3.2903783321380615,,,
37219,37219,3.2903783321380615,,,,
37220,37220,3.307626962661743,,,,
37221,37221,3.2999136447906494,,,,
37222,37222,3.302260637283325,,,,
37223,37223,3.283067226409912,,,,
37224,37224,3.2823071479797363,,,,
37225,37225,3.2690794467926025,,,,
37226,37226,3.285698413848877,,,,
37227,37227,3.297546148300171,,,,
37228,37228,3.2666032314300537,,,,
37229,37229,,3.292922019958496,,,
37229,37229,3.292922019958496,,,,
37230,37230,3.2776618003845215,,,,
37231,37231,3.284808397293091,,,,
37232,37232,3.292137622833252,,,,
37233,37233,3.2830615043640137,,,,
37234,37234,3.2501280307769775,,,,
37235,37235,3.265293598175049,,,,
37236,37236,3.2622454166412354,,,,
37237,37237,3.259214401245117,,,,
37238,37238,3.2490179538726807,,,,
37239,37239,,3.253528594970703,,,
37239,37239,3.253528594970703,,,,
37240,37240,3.2529096603393555,,,,
37241,37241,3.2574987411499023,,,,
37242,37242,3.2723851203918457,,,,
37243,37243,3.2266952991485596,,,,
37244,37244,3.228611707687378,,,,
37245,37245,3.240959644317627,,,,
37246,37246,3.244626045227051,,,,
37247,37247,3.2385833263397217,,,,
37248,37248,3.2205584049224854,,,,
37249,37249,,3.2193384170532227,,,
37249,37249,3.2193384170532227,,,,
37250,37250,3.2202506065368652,,,,
37251,37251,3.2066826820373535,,,,
37252,37252,3.2307236194610596,,,,
37253,37253,3.2417309284210205,,,,
37254,37254,3.2162492275238037,,,,
37255,37255,3.2192695140838623,,,,
37256,37256,3.2313599586486816,,,,
37257,37257,3.2212865352630615,,,,
37258,37258,3.2349369525909424,,,,
37259,37259,,3.217003107070923,,,
37259,37259,3.217003107070923,,,,
37260,37260,3.228198766708374,,,,
37261,37261,3.2399752140045166,,,,
37262,37262,3.2140400409698486,,,,
37263,37263,3.219097375869751,,,,
37264,37264,3.2087886333465576,,,,
37265,37265,3.202824115753174,,,,
37266,37266,3.2037296295166016,,,,
37267,37267,3.1988651752471924,,,,
37268,37268,3.1843762397766113,,,,
37269,37269,,3.172520637512207,,,
37269,37269,3.172520637512207,,,,
37270,37270,3.1752512454986572,,,,
37271,37271,3.1793975830078125,,,,
37272,37272,3.157137393951416,,,,
37273,37273,3.1369917392730713,,,,
37274,37274,3.127805233001709,,,,
37275,37275,3.146899938583374,,,,
37276,37276,3.1477138996124268,,,,
37277,37277,3.1644694805145264,,,,
37278,37278,3.149494171142578,,,,
37279,37279,,3.1604504585266113,,,
37279,37279,3.1604504585266113,,,,
37280,37280,3.144291639328003,,,,
37281,37281,3.165475368499756,,,,
37282,37282,3.160252094268799,,,,
37283,37283,3.160339832305908,,,,
37284,37284,3.1699886322021484,,,,
37285,37285,3.162325620651245,,,,
37286,37286,3.16241717338562,,,,
37287,37287,3.163010597229004,,,,
37288,37288,3.1769540309906006,,,,
37289,37289,,3.1664657592773438,,,
37289,37289,3.1664657592773438,,,,
37290,37290,3.178494930267334,,,,
37291,37291,3.166883945465088,,,,
37292,37292,3.1661665439605713,,,,
37293,37293,3.1728498935699463,,,,
37294,37294,3.1747560501098633,,,,
37295,37295,3.1611647605895996,,,,
37296,37296,3.1400575637817383,,,,
37297,37297,3.1362173557281494,,,,
37298,37298,3.1238200664520264,,,,
37299,37299,,3.1180784702301025,,,
37299,37299,3.1180784702301025,,,,
37300,37300,3.117870807647705,,,,
37301,37301,3.110739231109619,,,,
37302,37302,3.1254632472991943,,,,
37303,37303,3.0961484909057617,,,,
37304,37304,3.114344358444214,,,,
37305,37305,3.0804762840270996,,,,
37306,37306,3.0674710273742676,,,,
37307,37307,3.061955213546753,,,,
37308,37308,3.0581884384155273,,,,
37309,37309,,3.0442252159118652,,,
37309,37309,3.0442252159118652,,,,
37310,37310,3.033869504928589,,,,
37311,37311,3.02417254447937,,,,
37312,37312,3.024080276489258,,,,
37313,37313,3.0185861587524414,,,,
37314,37314,3.01248836517334,,,,
37315,37315,3.0167150497436523,,,,
37316,37316,3.0194389820098877,,,,
37317,37317,3.017470359802246,,,,
37318,37318,3.023777484893799,,,,
37319,37319,,3.00600528717041,,,
37319,37319,3.00600528717041,,,,
37320,37320,2.9982831478118896,,,,
37321,37321,2.9926061630249023,,,,
37322,37322,2.981215476989746,,,,
37323,37323,2.9876248836517334,,,,
37324,37324,2.9757633209228516,,,,
37325,37325,2.9642179012298584,,,,
37326,37326,2.974393129348755,,,,
37327,37327,2.97080659866333,,,,
37328,37328,2.970909357070923,,,,
37329,37329,,2.971641778945923,,,
37329,37329,2.971641778945923,,,,
37330,37330,2.95711350440979,,,,
37331,37331,2.960566520690918,,,,
37332,37332,2.9718801975250244,,,,
37333,37333,2.987649917602539,,,,
37334,37334,2.9540958404541016,,,,
37335,37335,2.9688704013824463,,,,
37336,37336,2.977328062057495,,,,
37337,37337,2.978722095489502,,,,
37338,37338,2.96801495552063,,,,
37339,37339,,2.9748799800872803,,,
37339,37339,2.9748799800872803,,,,
37340,37340,2.967862129211426,,,,
37341,37341,2.9717214107513428,,,,
37342,37342,2.9648919105529785,,,,
37343,37343,2.97047758102417,,,,
37344,37344,2.9603278636932373,,,,
37345,37345,2.9550209045410156,,,,
37346,37346,2.9514081478118896,,,,
37347,37347,2.95426607131958,,,,
37348,37348,2.948330879211426,,,,
37349,37349,,2.9391696453094482,,,
37349,37349,2.9391696453094482,,,,
37350,37350,2.932896375656128,,,,
37351,37351,2.936588764190674,,,,
37352,37352,2.9301180839538574,,,,
37353,37353,2.926471471786499,,,,
37354,37354,2.9340248107910156,,,,
37355,37355,2.9261837005615234,,,,
37356,37356,2.9243664741516113,,,,
37357,37357,2.9268901348114014,,,,
37358,37358,2.927870750427246,,,,
37359,37359,,2.909060478210449,,,
37359,37359,2.909060478210449,,,,
37360,37360,2.927503824234009,,,,
37361,37361,2.9180829524993896,,,,
37362,37362,2.9108521938323975,,,,
37363,37363,2.9201972484588623,,,,
37364,37364,2.9010984897613525,,,,
37365,37365,2.901602268218994,,,,
37366,37366,2.899970293045044,,,,
37367,37367,2.9002175331115723,,,,
37368,37368,2.9090495109558105,,,,
37369,37369,,2.898139238357544,,,
37369,37369,2.898139238357544,,,,
37370,37370,2.8980348110198975,,,,
37371,37371,2.903978109359741,,,,
37372,37372,2.892761468887329,,,,
37373,37373,2.884723663330078,,,,
37374,37374,2.8772120475769043,,,,
37375,37375,2.8852579593658447,,,,
37376,37376,2.881612539291382,,,,
37377,37377,2.88403058052063,,,,
37378,37378,2.8800740242004395,,,,
37379,37379,,2.881588935852051,,,
37379,37379,2.881588935852051,,,,
37380,37380,2.8832743167877197,,,,
37381,37381,2.887620210647583,,,,
37382,37382,2.877824306488037,,,,
37383,37383,2.874732255935669,,,,
37384,37384,2.875669479370117,,,,
37385,37385,2.872654914855957,,,,
37386,37386,2.866283655166626,,,,
37387,37387,2.8652091026306152,,,,
37388,37388,2.8644137382507324,,,,
37389,37389,,2.8584611415863037,,,
37389,37389,2.8584611415863037,,,,
37390,37390,2.877009868621826,,,,
37391,37391,2.8687903881073,,,,
37392,37392,2.86555814743042,,,,
37393,37393,2.8712358474731445,,,,
37394,37394,2.8560268878936768,,,,
37395,37395,2.866865396499634,,,,
37396,37396,2.8590219020843506,,,,
37397,37397,2.8588013648986816,,,,
37398,37398,2.857762098312378,,,,
37399,37399,,2.85361647605896,,,
37399,37399,2.85361647605896,,,,
37400,37400,2.8492696285247803,,,,
37401,37401,2.845851182937622,,,,
37402,37402,2.8266777992248535,,,,
37403,37403,2.8362948894500732,,,,
37404,37404,2.8207955360412598,,,,
37405,37405,2.81492018699646,,,,
37406,37406,2.818873882293701,,,,
37407,37407,2.818474292755127,,,,
37408,37408,2.807331085205078,,,,
37409,37409,,2.8036906719207764,,,
37409,37409,2.8036906719207764,,,,
37410,37410,2.8158960342407227,,,,
37411,37411,2.806018829345703,,,,
37412,37412,2.80342173576355,,,,
37413,37413,2.811711549758911,,,,
37414,37414,2.811643123626709,,,,
37415,37415,2.802711009979248,,,,
37416,37416,2.807955503463745,,,,
37417,37417,2.825792074203491,,,,
37418,37418,2.7956526279449463,,,,
37419,37419,,2.816568613052368,,,
37419,37419,2.816568613052368,,,,
37420,37420,2.808316230773926,,,,
37421,37421,2.8052282333374023,,,,
37422,37422,2.79319429397583,,,,
37423,37423,2.8024251461029053,,,,
37424,37424,2.791245222091675,,,,
37425,37425,2.7836203575134277,,,,
37426,37426,2.7871897220611572,,,,
37427,37427,2.781198501586914,,,,
37428,37428,2.7844269275665283,,,,
37429,37429,,2.794940948486328,,,
37429,37429,2.794940948486328,,,,
37430,37430,2.798598051071167,,,,
37431,37431,2.7950692176818848,,,,
37432,37432,2.7929112911224365,,,,
37433,37433,2.795814037322998,,,,
37434,37434,2.79299259185791,,,,
37435,37435,2.7892801761627197,,,,
37436,37436,2.784252405166626,,,,
37437,37437,2.7729873657226562,,,,
37438,37438,2.76650071144104,,,,
37439,37439,,2.761190891265869,,,
37439,37439,2.761190891265869,,,,
37440,37440,2.7617642879486084,,,,
37441,37441,2.7636020183563232,,,,
37442,37442,2.7506461143493652,,,,
37443,37443,2.7531111240386963,,,,
37444,37444,2.7665765285491943,,,,
37445,37445,2.7595696449279785,,,,
37446,37446,2.748072385787964,,,,
37447,37447,2.7515618801116943,,,,
37448,37448,2.7560043334960938,,,,
37449,37449,,2.739725351333618,,,
37449,37449,2.739725351333618,,,,
37450,37450,2.7437291145324707,,,,
37451,37451,2.7526161670684814,,,,
37452,37452,2.735132932662964,,,,
37453,37453,2.741555690765381,,,,
37454,37454,2.74334454536438,,,,
37455,37455,2.739452600479126,,,,
37456,37456,2.7457003593444824,,,,
37457,37457,2.755964994430542,,,,
37458,37458,2.7496750354766846,,,,
37459,37459,,2.7441933155059814,,,
37459,37459,2.7441933155059814,,,,
37460,37460,2.740582227706909,,,,
37461,37461,2.737675428390503,,,,
37462,37462,2.7300779819488525,,,,
37463,37463,2.7362418174743652,,,,
37464,37464,2.7322163581848145,,,,
37465,37465,2.7449100017547607,,,,
37466,37466,2.729668378829956,,,,
37467,37467,2.733726978302002,,,,
37468,37468,2.729405403137207,,,,
37469,37469,,2.726947784423828,,,
37469,37469,2.726947784423828,,,,
37470,37470,2.735687732696533,,,,
37471,37471,2.726532220840454,,,,
37472,37472,2.7308313846588135,,,,
37473,37473,2.72731876373291,,,,
37474,37474,2.7307937145233154,,,,
37475,37475,2.7258222103118896,,,,
37476,37476,2.717719554901123,,,,
37477,37477,2.7375190258026123,,,,
37478,37478,2.718238115310669,,,,
37479,37479,,2.7266175746917725,,,
37479,37479,2.7266175746917725,,,,
37480,37480,2.735719919204712,,,,
37481,37481,2.71199369430542,,,,
37482,37482,2.726044178009033,,,,
37483,37483,2.7273502349853516,,,,
37484,37484,2.7209980487823486,,,,
37485,37485,2.7177257537841797,,,,
37486,37486,2.7171571254730225,,,,
37487,37487,2.7256109714508057,,,,
37488,37488,2.7232587337493896,,,,
37489,37489,,2.7118468284606934,,,
37489,37489,2.7118468284606934,,,,
37490,37490,2.7143242359161377,,,,
37491,37491,2.7211246490478516,,,,
37492,37492,2.715620279312134,,,,
37493,37493,2.701577663421631,,,,
37494,37494,2.7117249965667725,,,,
37495,37495,2.711137294769287,,,,
37496,37496,2.70043683052063,,,,
37497,37497,2.7185754776000977,,,,
37498,37498,2.6704518795013428,,,,
37499,37499,,2.672577142715454,,,
37499,37499,,,0.17010487616062164,176.98028564453125,156.13107299804688
37499,37499,2.672577142715454,,,,
37500,37500,2.6754672527313232,,,,
37501,37501,2.677659749984741,,,,
37502,37502,2.671365261077881,,,,
37503,37503,2.6710870265960693,,,,
37504,37504,2.668245792388916,,,,
37505,37505,2.672497272491455,,,,
37506,37506,2.6676111221313477,,,,
37507,37507,2.6668059825897217,,,,
37508,37508,2.6640193462371826,,,,
37509,37509,,2.6651244163513184,,,
37509,37509,2.6651244163513184,,,,
37510,37510,2.6600053310394287,,,,
37511,37511,2.6590452194213867,,,,
37512,37512,2.6518852710723877,,,,
37513,37513,2.6503820419311523,,,,
37514,37514,2.644547462463379,,,,
37515,37515,2.646446704864502,,,,
37516,37516,2.6395370960235596,,,,
37517,37517,2.637507915496826,,,,
37518,37518,2.6361443996429443,,,,
37519,37519,,2.629575729370117,,,
37519,37519,2.629575729370117,,,,
37520,37520,2.626950979232788,,,,
37521,37521,2.623565912246704,,,,
37522,37522,2.6244428157806396,,,,
37523,37523,2.623340129852295,,,,
37524,37524,2.6311326026916504,,,,
37525,37525,2.6205050945281982,,,,
37526,37526,2.621819496154785,,,,
37527,37527,2.6235885620117188,,,,
37528,37528,2.6534056663513184,,,,
37529,37529,,2.626244306564331,,,
37529,37529,2.626244306564331,,,,
37530,37530,2.660658597946167,,,,
37531,37531,2.6177988052368164,,,,
37532,37532,2.6407225131988525,,,,
37533,37533,2.6365654468536377,,,,
37534,37534,2.618851900100708,,,,
37535,37535,2.6405699253082275,,,,
37536,37536,2.6220805644989014,,,,
37537,37537,2.6322994232177734,,,,
37538,37538,2.6371235847473145,,,,
37539,37539,,2.621934175491333,,,
37539,37539,2.621934175491333,,,,
37540,37540,2.6420257091522217,,,,
37541,37541,2.6220407485961914,,,,
37542,37542,2.6273980140686035,,,,
37543,37543,2.6226930618286133,,,,
37544,37544,2.620296001434326,,,,
37545,37545,2.640411376953125,,,,
37546,37546,2.62288761138916,,,,
37547,37547,2.6263554096221924,,,,
37548,37548,2.626201868057251,,,,
37549,37549,,2.6185121536254883,,,
37549,37549,2.6185121536254883,,,,
37550,37550,2.622467517852783,,,,
37551,37551,2.6260287761688232,,,,
37552,37552,2.624565362930298,,,,
37553,37553,2.6175920963287354,,,,
37554,37554,2.620425224304199,,,,
37555,37555,2.6175179481506348,,,,
37556,37556,2.6074979305267334,,,,
37557,37557,2.6172292232513428,,,,
37558,37558,2.616781711578369,,,,
37559,37559,,2.6067395210266113,,,
37559,37559,2.6067395210266113,,,,
37560,37560,2.6066033840179443,,,,
37561,37561,2.5948896408081055,,,,
37562,37562,2.5955519676208496,,,,
37563,37563,2.60672664642334,,,,
37564,37564,2.594754934310913,,,,
37565,37565,2.601655960083008,,,,
37566,37566,2.592090368270874,,,,
37567,37567,2.5828044414520264,,,,
37568,37568,2.588134288787842,,,,
37569,37569,,2.5905916690826416,,,
37569,37569,2.5905916690826416,,,,
37570,37570,2.583075523376465,,,,
37571,37571,2.5819854736328125,,,,
37572,37572,2.590823173522949,,,,
37573,37573,2.5793466567993164,,,,
37574,37574,2.5808932781219482,,,,
37575,37575,2.594393730163574,,,,
37576,37576,2.5840115547180176,,,,
37577,37577,2.59005069732666,,,,
37578,37578,2.584573745727539,,,,
37579,37579,,2.596290111541748,,,
37579,37579,2.596290111541748,,,,
37580,37580,2.586531639099121,,,,
37581,37581,2.5912370681762695,,,,
37582,37582,2.594937801361084,,,,
37583,37583,2.5991952419281006,,,,
37584,37584,2.6015284061431885,,,,
37585,37585,2.5858850479125977,,,,
37586,37586,2.5904619693756104,,,,
37587,37587,2.5989813804626465,,,,
37588,37588,2.5916173458099365,,,,
37589,37589,,2.5833587646484375,,,
37589,37589,2.5833587646484375,,,,
37590,37590,2.587824821472168,,,,
37591,37591,2.5929646492004395,,,,
37592,37592,2.5934219360351562,,,,
37593,37593,2.5924739837646484,,,,
37594,37594,2.5956850051879883,,,,
37595,37595,2.6054208278656006,,,,
37596,37596,2.5862560272216797,,,,
37597,37597,2.6065330505371094,,,,
37598,37598,2.647991895675659,,,,
37599,37599,,2.626587390899658,,,
37599,37599,2.626587390899658,,,,
37600,37600,2.5839481353759766,,,,
37601,37601,2.6312525272369385,,,,
37602,37602,2.7420687675476074,,,,
37603,37603,2.6973602771759033,,,,
37604,37604,2.5967934131622314,,,,
37605,37605,2.581568956375122,,,,
37606,37606,2.6612708568573,,,,
37607,37607,2.7579588890075684,,,,
37608,37608,2.718297004699707,,,,
37609,37609,,2.6151537895202637,,,
37609,37609,2.6151537895202637,,,,
37610,37610,2.5789806842803955,,,,
37611,37611,2.6626291275024414,,,,
37612,37612,2.763317346572876,,,,
37613,37613,2.688018798828125,,,,
37614,37614,2.5932626724243164,,,,
37615,37615,2.570533037185669,,,,
37616,37616,2.6034469604492188,,,,
37617,37617,2.613194227218628,,,,
37618,37618,2.596055030822754,,,,
37619,37619,,2.554816722869873,,,
37619,37619,2.554816722869873,,,,
37620,37620,2.551119804382324,,,,
37621,37621,2.6029109954833984,,,,
37622,37622,2.598212242126465,,,,
37623,37623,2.5905532836914062,,,,
37624,37624,2.552905321121216,,,,
37625,37625,2.557400941848755,,,,
37626,37626,2.587169647216797,,,,
37627,37627,2.5856504440307617,,,,
37628,37628,2.5848546028137207,,,,
37629,37629,,2.545673131942749,,,
37629,37629,2.545673131942749,,,,
37630,37630,2.553084373474121,,,,
37631,37631,2.6114540100097656,,,,
37632,37632,2.7703685760498047,,,,
37633,37633,2.7482080459594727,,,,
37634,37634,2.775439739227295,,,,
37635,37635,2.6406126022338867,,,,
37636,37636,2.5611419677734375,,,,
37637,37637,2.538048028945923,,,,
37638,37638,2.6045584678649902,,,,
37639,37639,,2.733013391494751,,,
37639,37639,2.733013391494751,,,,
37640,37640,2.7001242637634277,,,,
37641,37641,2.683870792388916,,,,
37642,37642,2.540165901184082,,,,
37643,37643,2.5364294052124023,,,,
37644,37644,2.633793592453003,,,,
37645,37645,2.705031156539917,,,,
37646,37646,2.8552663326263428,,,,
37647,37647,2.729048252105713,,,,
37648,37648,2.6652796268463135,,,,
37649,37649,,2.5580642223358154,,,
37649,37649,2.5580642223358154,,,,
37650,37650,2.530529737472534,,,,
37651,37651,2.527024984359741,,,,
37652,37652,2.544259548187256,,,,
37653,37653,2.6031744480133057,,,,
37654,37654,2.627112865447998,,,,
37655,37655,2.7185065746307373,,,,
37656,37656,2.661938190460205,,,,
37657,37657,2.6312642097473145,,,,
37658,37658,2.552375555038452,,,,
37659,37659,,2.525672435760498,,,
37659,37659,2.525672435760498,,,,
37660,37660,2.517828941345215,,,,
37661,37661,2.529648780822754,,,,
37662,37662,2.550126791000366,,,,
37663,37663,2.6197149753570557,,,,
37664,37664,2.7660157680511475,,,,
37665,37665,2.7533187866210938,,,,
37666,37666,2.8289706707000732,,,,
37667,37667,2.651386022567749,,,,
37668,37668,2.599273443222046,,,,
37669,37669,,2.5266942977905273,,,
37669,37669,2.5266942977905273,,,,
37670,37670,2.5066146850585938,,,,
37671,37671,2.510019540786743,,,,
37672,37672,2.499173164367676,,,,
37673,37673,2.510681629180908,,,,
37674,37674,2.561225175857544,,,,
37675,37675,2.6051180362701416,,,,
37676,37676,2.7133007049560547,,,,
37677,37677,2.6370036602020264,,,,
37678,37678,2.6198198795318604,,,,
37679,37679,,2.5105531215667725,,,
37679,37679,2.5105531215667725,,,,
37680,37680,2.487921714782715,,,,
37681,37681,2.518670082092285,,,,
37682,37682,2.658583164215088,,,,
37683,37683,2.8833699226379395,,,,
37684,37684,2.7904582023620605,,,,
37685,37685,2.8846025466918945,,,,
37686,37686,2.6485581398010254,,,,
37687,37687,2.5208048820495605,,,,
37688,37688,2.48307466506958,,,,
37689,37689,,2.494802951812744,,,
37689,37689,2.494802951812744,,,,
37690,37690,2.58294939994812,,,,
37691,37691,2.587341547012329,,,,
37692,37692,2.6107523441314697,,,,
37693,37693,2.5122859477996826,,,,
37694,37694,2.475869655609131,,,,
37695,37695,2.5364654064178467,,,,
37696,37696,2.673398733139038,,,,
37697,37697,2.92114520072937,,,,
37698,37698,2.7644975185394287,,,,
37699,37699,,2.747342348098755,,,
37699,37699,2.747342348098755,,,,
37700,37700,2.5072004795074463,,,,
37701,37701,2.463898181915283,,,,
37702,37702,2.6166460514068604,,,,
37703,37703,2.7565529346466064,,,,
37704,37704,3.081177234649658,,,,
37705,37705,2.7023861408233643,,,,
37706,37706,2.563310384750366,,,,
37707,37707,2.4429774284362793,,,,
37708,37708,2.439077615737915,,,,
37709,37709,,2.49934983253479,,,
37709,37709,2.49934983253479,,,,
37710,37710,2.547335147857666,,,,
37711,37711,2.640366554260254,,,,
37712,37712,2.6200740337371826,,,,
37713,37713,2.6881473064422607,,,,
37714,37714,2.5908188819885254,,,,
37715,37715,2.5994582176208496,,,,
37716,37716,2.5003623962402344,,,,
37717,37717,2.4373257160186768,,,,
37718,37718,2.501121759414673,,,,
37719,37719,,2.6277265548706055,,,
37719,37719,2.6277265548706055,,,,
37720,37720,3.006399631500244,,,,
37721,37721,2.7925949096679688,,,,
37722,37722,2.803271770477295,,,,
37723,37723,2.5560381412506104,,,,
37724,37724,2.4261767864227295,,,,
37725,37725,2.4989120960235596,,,,
37726,37726,2.666792631149292,,,,
37727,37727,3.0565872192382812,,,,
37728,37728,2.7451019287109375,,,,
37729,37729,,2.646089792251587,,,
37729,37729,2.646089792251587,,,,
37730,37730,2.453486919403076,,,,
37731,37731,2.4506306648254395,,,,
37732,37732,2.6146035194396973,,,,
37733,37733,2.687547206878662,,,,
37734,37734,2.9410738945007324,,,,
37735,37735,2.682828903198242,,,,
37736,37736,2.626471996307373,,,,
37737,37737,2.4759929180145264,,,,
37738,37738,2.41728138923645,,,,
37739,37739,,2.421304941177368,,,
37739,37739,2.421304941177368,,,,
37740,37740,2.438798427581787,,,,
37741,37741,2.4482245445251465,,,,
37742,37742,2.433861255645752,,,,
37743,37743,2.415182113647461,,,,
37744,37744,2.3980133533477783,,,,
37745,37745,2.4034173488616943,,,,
37746,37746,2.4143130779266357,,,,
37747,37747,2.390239953994751,,,,
37748,37748,2.3953349590301514,,,,
37749,37749,,2.3936967849731445,,,
37749,37749,2.3936967849731445,,,,
37750,37750,2.3936588764190674,,,,
37751,37751,2.411327362060547,,,,
37752,37752,2.412231206893921,,,,
37753,37753,2.3959758281707764,,,,
37754,37754,2.389754295349121,,,,
37755,37755,2.389777421951294,,,,
37756,37756,2.388603925704956,,,,
37757,37757,2.390899896621704,,,,
37758,37758,2.385690450668335,,,,
37759,37759,,2.4013750553131104,,,
37759,37759,2.4013750553131104,,,,
37760,37760,2.4038290977478027,,,,
37761,37761,2.404575824737549,,,,
37762,37762,2.4140191078186035,,,,
37763,37763,2.3919248580932617,,,,
37764,37764,2.403158187866211,,,,
37765,37765,2.378232002258301,,,,
37766,37766,2.3905396461486816,,,,
37767,37767,2.386958360671997,,,,
37768,37768,2.3851065635681152,,,,
37769,37769,,2.3844950199127197,,,
37769,37769,2.3844950199127197,,,,
37770,37770,2.3769025802612305,,,,
37771,37771,2.378441095352173,,,,
37772,37772,2.3748738765716553,,,,
37773,37773,2.3735175132751465,,,,
37774,37774,2.3701133728027344,,,,
37775,37775,2.377427339553833,,,,
37776,37776,2.377559185028076,,,,
37777,37777,2.369859218597412,,,,
37778,37778,2.3750219345092773,,,,
37779,37779,,2.3811378479003906,,,
37779,37779,2.3811378479003906,,,,
37780,37780,2.381967306137085,,,,
37781,37781,2.3689353466033936,,,,
37782,37782,2.3541676998138428,,,,
37783,37783,2.3719730377197266,,,,
37784,37784,2.3624534606933594,,,,
37785,37785,2.360595464706421,,,,
37786,37786,2.4020004272460938,,,,
37787,37787,2.364438056945801,,,,
37788,37788,2.393545150756836,,,,
37789,37789,,2.365054130554199,,,
37789,37789,2.365054130554199,,,,
37790,37790,2.358827590942383,,,,
37791,37791,2.38517427444458,,,,
37792,37792,2.3691625595092773,,,,
37793,37793,2.395843029022217,,,,
37794,37794,2.36997127532959,,,,
37795,37795,2.402738332748413,,,,
37796,37796,2.371248245239258,,,,
37797,37797,2.3640806674957275,,,,
37798,37798,2.369546413421631,,,,
37799,37799,,2.366126298904419,,,
37799,37799,2.366126298904419,,,,
37800,37800,2.375462532043457,,,,
37801,37801,2.382020950317383,,,,
37802,37802,2.4011096954345703,,,,
37803,37803,2.3842756748199463,,,,
37804,37804,2.418178081512451,,,,
37805,37805,2.4268901348114014,,,,
37806,37806,2.4963226318359375,,,,
37807,37807,2.6652028560638428,,,,
37808,37808,2.771959066390991,,,,
37809,37809,,3.7490615844726562,,,
37809,37809,3.7490615844726562,,,,
37810,37810,2.953672409057617,,,,
37811,37811,2.9777252674102783,,,,
37812,37812,2.516282081604004,,,,
37813,37813,2.394160270690918,,,,
37814,37814,2.3646912574768066,,,,
37815,37815,2.3747246265411377,,,,
37816,37816,2.469503879547119,,,,
37817,37817,2.6590516567230225,,,,
37818,37818,3.5874462127685547,,,,
37819,37819,,3.3712456226348877,,,
37819,37819,3.3712456226348877,,,,
37820,37820,4.690964698791504,,,,
37821,37821,2.364729166030884,,,,
37822,37822,5.278466701507568,,,,
37823,37823,11.8737211227417,,,,
37824,37824,14.279180526733398,,,,
37825,37825,5.3332977294921875,,,,
37826,37826,24.07612419128418,,,,
37827,37827,38.276187896728516,,,,
37828,37828,68.95894622802734,,,,
37829,37829,,70.3437728881836,,,
37829,37829,70.3437728881836,,,,
37830,37830,47.84954833984375,,,,
37831,37831,9.656440734863281,,,,
37832,37832,165.41490173339844,,,,
37833,37833,85.51079559326172,,,,
37834,37834,165.1008758544922,,,,
37835,37835,222.76068115234375,,,,
37836,37836,265.4552307128906,,,,
37837,37837,297.3175964355469,,,,
37838,37838,320.4024963378906,,,,
37839,37839,,336.7449951171875,,,
37839,37839,336.7449951171875,,,,
37840,37840,347.3701477050781,,,,
37841,37841,353.5213928222656,,,,
37842,37842,355.9072570800781,,,,
37843,37843,355.1925354003906,,,,
37844,37844,352.056884765625,,,,
37845,37845,346.631591796875,,,,
37846,37846,339.55865478515625,,,,
37847,37847,331.1415710449219,,,,
37848,37848,321.6648254394531,,,,
37849,37849,,311.2625427246094,,,
37849,37849,311.2625427246094,,,,
37850,37850,300.2057800292969,,,,
37851,37851,288.78912353515625,,,,
37852,37852,276.8580627441406,,,,
37853,37853,265.00384521484375,,,,
37854,37854,252.8788604736328,,,,
37855,37855,240.8162384033203,,,,
37856,37856,228.82948303222656,,,,
37857,37857,217.11590576171875,,,,
37858,37858,205.53912353515625,,,,
37859,37859,,194.2854461669922,,,
37859,37859,194.2854461669922,,,,
37860,37860,183.3226776123047,,,,
37861,37861,172.7693328857422,,,,
37862,37862,162.47972106933594,,,,
37863,37863,152.69189453125,,,,
37864,37864,143.34832763671875,,,,
37865,37865,134.45150756835938,,,,
37866,37866,126.00672149658203,,,,
37867,37867,117.8203353881836,,,,
37868,37868,110.02871704101562,,,,
37869,37869,,102.4889144897461,,,
37869,37869,102.4889144897461,,,,
37870,37870,95.3728256225586,,,,
37871,37871,88.69084930419922,,,,
37872,37872,82.2771224975586,,,,
37873,37873,76.28889465332031,,,,
37874,37874,70.53619384765625,,,,
37875,37875,65.05401611328125,,,,
37876,37876,60.28047561645508,,,,
37877,37877,56.22206497192383,,,,
37878,37878,51.841888427734375,,,,
37879,37879,,47.42609786987305,,,
37879,37879,47.42609786987305,,,,
37880,37880,43.94580841064453,,,,
37881,37881,41.33301544189453,,,,
37882,37882,39.35181427001953,,,,
37883,37883,37.61737060546875,,,,
37884,37884,36.017913818359375,,,,
37885,37885,33.98307800292969,,,,
37886,37886,32.1071662902832,,,,
37887,37887,33.10202407836914,,,,
37888,37888,35.802490234375,,,,
37889,37889,,36.865089416503906,,,
37889,37889,36.865089416503906,,,,
37890,37890,35.61637878417969,,,,
37891,37891,32.536773681640625,,,,
37892,37892,29.513723373413086,,,,
37893,37893,28.542633056640625,,,,
37894,37894,29.240842819213867,,,,
37895,37895,29.95793914794922,,,,
37896,37896,30.431808471679688,,,,
37897,37897,30.540517807006836,,,,
37898,37898,30.46289825439453,,,,
37899,37899,,30.128217697143555,,,
37899,37899,30.128217697143555,,,,
37900,37900,29.61435890197754,,,,
37901,37901,28.82558822631836,,,,
37902,37902,27.803804397583008,,,,
37903,37903,26.904672622680664,,,,
37904,37904,26.431690216064453,,,,
37905,37905,26.44858169555664,,,,
37906,37906,26.81517791748047,,,,
37907,37907,27.060678482055664,,,,
37908,37908,26.769718170166016,,,,
37909,37909,,26.125621795654297,,,
37909,37909,26.125621795654297,,,,
37910,37910,25.524423599243164,,,,
37911,37911,25.278175354003906,,,,
37912,37912,25.285791397094727,,,,
37913,37913,25.34729766845703,,,,
37914,37914,25.340980529785156,,,,
37915,37915,25.244796752929688,,,,
37916,37916,25.06243324279785,,,,
37917,37917,24.77821159362793,,,,
37918,37918,24.46628189086914,,,,
37919,37919,,24.227907180786133,,,
37919,37919,24.227907180786133,,,,
37920,37920,24.195159912109375,,,,
37921,37921,24.243526458740234,,,,
37922,37922,24.219406127929688,,,,
37923,37923,24.078781127929688,,,,
37924,37924,23.8584041595459,,,,
37925,37925,23.647865295410156,,,,
37926,37926,23.582839965820312,,,,
37927,37927,23.612070083618164,,,,
37928,37928,23.577756881713867,,,,
37929,37929,,23.520666122436523,,,
37929,37929,23.520666122436523,,,,
37930,37930,23.378826141357422,,,,
37931,37931,23.213956832885742,,,,
37932,37932,23.109947204589844,,,,
37933,37933,23.081981658935547,,,,
37934,37934,23.055408477783203,,,,
37935,37935,22.963279724121094,,,,
37936,37936,22.834110260009766,,,,
37937,37937,22.750776290893555,,,,
37938,37938,22.63617706298828,,,,
37939,37939,,22.565711975097656,,,
37939,37939,22.565711975097656,,,,
37940,37940,22.504066467285156,,,,
37941,37941,22.439170837402344,,,,
37942,37942,22.38227081298828,,,,
37943,37943,22.324228286743164,,,,
37944,37944,22.223417282104492,,,,
37945,37945,22.232650756835938,,,,
37946,37946,22.1359920501709,,,,
37947,37947,22.03255271911621,,,,
37948,37948,21.98000717163086,,,,
37949,37949,,21.917030334472656,,,
37949,37949,21.917030334472656,,,,
37950,37950,21.820844650268555,,,,
37951,37951,21.736597061157227,,,,
37952,37952,21.661338806152344,,,,
37953,37953,21.608444213867188,,,,
37954,37954,21.520488739013672,,,,
37955,37955,21.495424270629883,,,,
37956,37956,21.43546485900879,,,,
37957,37957,21.33673095703125,,,,
37958,37958,21.3268985748291,,,,
37959,37959,,21.242076873779297,,,
37959,37959,21.242076873779297,,,,
37960,37960,21.157180786132812,,,,
37961,37961,21.090557098388672,,,,
37962,37962,21.010334014892578,,,,
37963,37963,20.95029640197754,,,,
37964,37964,20.88601303100586,,,,
37965,37965,20.837270736694336,,,,
37966,37966,20.76001739501953,,,,
37967,37967,20.69843292236328,,,,
37968,37968,20.624073028564453,,,,
37969,37969,,20.545000076293945,,,
37969,37969,20.545000076293945,,,,
37970,37970,20.518898010253906,,,,
37971,37971,20.451662063598633,,,,
37972,37972,20.35087013244629,,,,
37973,37973,20.284942626953125,,,,
37974,37974,20.186946868896484,,,,
37975,37975,20.130809783935547,,,,
37976,37976,20.09556770324707,,,,
37977,37977,20.030487060546875,,,,
37978,37978,20.007112503051758,,,,
37979,37979,,19.93112564086914,,,
37979,37979,19.93112564086914,,,,
37980,37980,19.851390838623047,,,,
37981,37981,19.79650115966797,,,,
37982,37982,19.778928756713867,,,,
37983,37983,19.723482131958008,,,,
37984,37984,19.63168716430664,,,,
37985,37985,19.56302833557129,,,,
37986,37986,19.464845657348633,,,,
37987,37987,19.409826278686523,,,,
37988,37988,19.406356811523438,,,,
37989,37989,,19.338083267211914,,,
37989,37989,19.338083267211914,,,,
37990,37990,19.333261489868164,,,,
37991,37991,19.264015197753906,,,,
37992,37992,19.1757755279541,,,,
37993,37993,19.115947723388672,,,,
37994,37994,19.045333862304688,,,,
37995,37995,18.968969345092773,,,,
37996,37996,18.909780502319336,,,,
37997,37997,18.863967895507812,,,,
37998,37998,18.813730239868164,,,,
37999,37999,,18.811464309692383,,,
37999,37999,,,0.12576282024383545,96.73773956298828,96.73773956298828
37999,37999,18.811464309692383,,,,
38000,38000,18.796916961669922,,,,
38001,38001,18.72443962097168,,,,
38002,38002,18.67378044128418,,,,
38003,38003,18.633689880371094,,,,
38004,38004,18.567604064941406,,,,
38005,38005,18.487367630004883,,,,
38006,38006,18.41438102722168,,,,
38007,38007,18.379180908203125,,,,
38008,38008,18.373371124267578,,,,
38009,38009,,18.333602905273438,,,
38009,38009,18.333602905273438,,,,
38010,38010,18.26150894165039,,,,
38011,38011,18.248289108276367,,,,
38012,38012,18.211177825927734,,,,
38013,38013,18.15424919128418,,,,
38014,38014,18.107315063476562,,,,
38015,38015,18.085418701171875,,,,
38016,38016,18.08504867553711,,,,
38017,38017,18.031095504760742,,,,
38018,38018,17.97060775756836,,,,
38019,38019,,17.93389892578125,,,
38019,38019,17.93389892578125,,,,
38020,38020,17.899127960205078,,,,
38021,38021,17.84123420715332,,,,
38022,38022,17.763320922851562,,,,
38023,38023,17.725374221801758,,,,
38024,38024,17.66044807434082,,,,
38025,38025,17.618141174316406,,,,
38026,38026,17.600229263305664,,,,
38027,38027,17.581575393676758,,,,
38028,38028,17.543495178222656,,,,
38029,38029,,17.48524284362793,,,
38029,38029,17.48524284362793,,,,
38030,38030,17.418912887573242,,,,
38031,38031,17.408706665039062,,,,
38032,38032,17.399106979370117,,,,
38033,38033,17.30471420288086,,,,
38034,38034,17.270856857299805,,,,
38035,38035,17.301408767700195,,,,
38036,38036,17.28072166442871,,,,
38037,38037,17.231454849243164,,,,
38038,38038,17.20550537109375,,,,
38039,38039,,17.100358963012695,,,
38039,38039,17.100358963012695,,,,
38040,38040,17.070995330810547,,,,
38041,38041,17.06157684326172,,,,
38042,38042,17.124374389648438,,,,
38043,38043,17.10270118713379,,,,
38044,38044,17.058469772338867,,,,
38045,38045,17.028465270996094,,,,
38046,38046,16.975900650024414,,,,
38047,38047,16.860891342163086,,,,
38048,38048,16.85352325439453,,,,
38049,38049,,16.847640991210938,,,
38049,38049,16.847640991210938,,,,
38050,38050,16.840240478515625,,,,
38051,38051,16.850988388061523,,,,
38052,38052,16.83557891845703,,,,
38053,38053,16.780757904052734,,,,
38054,38054,16.695171356201172,,,,
38055,38055,16.68304443359375,,,,
38056,38056,16.644899368286133,,,,
38057,38057,16.580659866333008,,,,
38058,38058,16.59296989440918,,,,
38059,38059,,16.538467407226562,,,
38059,38059,16.538467407226562,,,,
38060,38060,16.473529815673828,,,,
38061,38061,16.46053123474121,,,,
38062,38062,16.39015007019043,,,,
38063,38063,16.36390495300293,,,,
38064,38064,16.39288902282715,,,,
38065,38065,16.375442504882812,,,,
38066,38066,16.364986419677734,,,,
38067,38067,16.340126037597656,,,,
38068,38068,16.291473388671875,,,,
38069,38069,,16.236156463623047,,,
38069,38069,16.236156463623047,,,,
38070,38070,16.190021514892578,,,,
38071,38071,16.11153221130371,,,,
38072,38072,16.143091201782227,,,,
38073,38073,16.135318756103516,,,,
38074,38074,16.06764030456543,,,,
38075,38075,16.038728713989258,,,,
38076,38076,16.0135440826416,,,,
38077,38077,15.97697925567627,,,,
38078,38078,15.952032089233398,,,,
38079,38079,,15.92308521270752,,,
38079,38079,15.92308521270752,,,,
38080,38080,15.867905616760254,,,,
38081,38081,15.783589363098145,,,,
38082,38082,15.780101776123047,,,,
38083,38083,15.757377624511719,,,,
38084,38084,15.714674949645996,,,,
38085,38085,15.693547248840332,,,,
38086,38086,15.688928604125977,,,,
38087,38087,15.695490837097168,,,,
38088,38088,15.648069381713867,,,,
38089,38089,,15.60936450958252,,,
38089,38089,15.60936450958252,,,,
38090,38090,15.581911087036133,,,,
38091,38091,15.59329891204834,,,,
38092,38092,15.549181938171387,,,,
38093,38093,15.515764236450195,,,,
38094,38094,15.475521087646484,,,,
38095,38095,15.4386625289917,,,,
38096,38096,15.410487174987793,,,,
38097,38097,15.330440521240234,,,,
38098,38098,15.309694290161133,,,,
38099,38099,,15.240791320800781,,,
38099,38099,15.240791320800781,,,,
38100,38100,15.222491264343262,,,,
38101,38101,15.19221019744873,,,,
38102,38102,15.109823226928711,,,,
38103,38103,15.077704429626465,,,,
38104,38104,14.999982833862305,,,,
38105,38105,14.96499252319336,,,,
38106,38106,14.908635139465332,,,,
38107,38107,14.84897232055664,,,,
38108,38108,14.822123527526855,,,,
38109,38109,,14.827286720275879,,,
38109,38109,14.827286720275879,,,,
38110,38110,14.79457950592041,,,,
38111,38111,14.8046293258667,,,,
38112,38112,14.805886268615723,,,,
38113,38113,14.75990104675293,,,,
38114,38114,14.71363639831543,,,,
38115,38115,14.710206031799316,,,,
38116,38116,14.677644729614258,,,,
38117,38117,14.636713027954102,,,,
38118,38118,14.547499656677246,,,,
38119,38119,,14.500444412231445,,,
38119,38119,14.500444412231445,,,,
38120,38120,14.53536319732666,,,,
38121,38121,14.488848686218262,,,,
38122,38122,14.433899879455566,,,,
38123,38123,14.421616554260254,,,,
38124,38124,14.40251636505127,,,,
38125,38125,14.357171058654785,,,,
38126,38126,14.293230056762695,,,,
38127,38127,14.227852821350098,,,,
38128,38128,14.206945419311523,,,,
38129,38129,,14.204893112182617,,,
38129,38129,14.204893112182617,,,,
38130,38130,14.1738920211792,,,,
38131,38131,14.137226104736328,,,,
38132,38132,14.135000228881836,,,,
38133,38133,14.128203392028809,,,,
38134,38134,14.070075035095215,,,,
38135,38135,14.05107307434082,,,,
38136,38136,14.032702445983887,,,,
38137,38137,14.041108131408691,,,,
38138,38138,14.013920783996582,,,,
38139,38139,,13.953350067138672,,,
38139,38139,13.953350067138672,,,,
38140,38140,13.922134399414062,,,,
38141,38141,13.851906776428223,,,,
38142,38142,13.82119369506836,,,,
38143,38143,13.772503852844238,,,,
38144,38144,13.745340347290039,,,,
38145,38145,13.723777770996094,,,,
38146,38146,13.672138214111328,,,,
38147,38147,13.679729461669922,,,,
38148,38148,13.657339096069336,,,,
38149,38149,,13.632128715515137,,,
38149,38149,13.632128715515137,,,,
38150,38150,13.58580207824707,,,,
38151,38151,13.558839797973633,,,,
38152,38152,13.52501106262207,,,,
38153,38153,13.474601745605469,,,,
38154,38154,13.453670501708984,,,,
38155,38155,13.452645301818848,,,,
38156,38156,13.406359672546387,,,,
38157,38157,13.366996765136719,,,,
38158,38158,13.418089866638184,,,,
38159,38159,,13.384283065795898,,,
38159,38159,13.384283065795898,,,,
38160,38160,13.360648155212402,,,,
38161,38161,13.349828720092773,,,,
38162,38162,13.279196739196777,,,,
38163,38163,13.258193969726562,,,,
38164,38164,13.203300476074219,,,,
38165,38165,13.197345733642578,,,,
38166,38166,13.184744834899902,,,,
38167,38167,13.169570922851562,,,,
38168,38168,13.103408813476562,,,,
38169,38169,,13.072070121765137,,,
38169,38169,13.072070121765137,,,,
38170,38170,13.013534545898438,,,,
38171,38171,12.98412036895752,,,,
38172,38172,12.956460952758789,,,,
38173,38173,12.945029258728027,,,,
38174,38174,12.914590835571289,,,,
38175,38175,12.895095825195312,,,,
38176,38176,12.85371208190918,,,,
38177,38177,12.831789016723633,,,,
38178,38178,12.796501159667969,,,,
38179,38179,,12.762405395507812,,,
38179,38179,12.762405395507812,,,,
38180,38180,12.7305326461792,,,,
38181,38181,12.696004867553711,,,,
38182,38182,12.668787956237793,,,,
38183,38183,12.633272171020508,,,,
38184,38184,12.596542358398438,,,,
38185,38185,12.551473617553711,,,,
38186,38186,12.53427505493164,,,,
38187,38187,12.52553653717041,,,,
38188,38188,12.490520477294922,,,,
38189,38189,,12.460162162780762,,,
38189,38189,12.460162162780762,,,,
38190,38190,12.475455284118652,,,,
38191,38191,12.41633415222168,,,,
38192,38192,12.379958152770996,,,,
38193,38193,12.373220443725586,,,,
38194,38194,12.389914512634277,,,,
38195,38195,12.356505393981934,,,,
38196,38196,12.34926986694336,,,,
38197,38197,12.334043502807617,,,,
38198,38198,12.316539764404297,,,,
38199,38199,,12.30394172668457,,,
38199,38199,12.30394172668457,,,,
38200,38200,12.320624351501465,,,,
38201,38201,12.284869194030762,,,,
38202,38202,12.272988319396973,,,,
38203,38203,12.25218391418457,,,,
38204,38204,12.241620063781738,,,,
38205,38205,12.229717254638672,,,,
38206,38206,12.186712265014648,,,,
38207,38207,12.152581214904785,,,,
38208,38208,12.134469032287598,,,,
38209,38209,,12.114969253540039,,,
38209,38209,12.114969253540039,,,,
38210,38210,12.10134506225586,,,,
38211,38211,12.079370498657227,,,,
38212,38212,12.039278030395508,,,,
38213,38213,12.041152000427246,,,,
38214,38214,12.006060600280762,,,,
38215,38215,12.001428604125977,,,,
38216,38216,11.949481964111328,,,,
38217,38217,11.93399715423584,,,,
38218,38218,11.943256378173828,,,,
38219,38219,,11.94780445098877,,,
38219,38219,11.94780445098877,,,,
38220,38220,11.905657768249512,,,,
38221,38221,11.896557807922363,,,,
38222,38222,11.878506660461426,,,,
38223,38223,11.84750747680664,,,,
38224,38224,11.841689109802246,,,,
38225,38225,11.796503067016602,,,,
38226,38226,11.775609016418457,,,,
38227,38227,11.747749328613281,,,,
38228,38228,11.710729598999023,,,,
38229,38229,,11.679102897644043,,,
38229,38229,11.679102897644043,,,,
38230,38230,11.631068229675293,,,,
38231,38231,11.601546287536621,,,,
38232,38232,11.59298324584961,,,,
38233,38233,11.592952728271484,,,,
38234,38234,11.594351768493652,,,,
38235,38235,11.578001976013184,,,,
38236,38236,11.548304557800293,,,,
38237,38237,11.52954387664795,,,,
38238,38238,11.49061393737793,,,,
38239,38239,,11.447159767150879,,,
38239,38239,11.447159767150879,,,,
38240,38240,11.421886444091797,,,,
38241,38241,11.417808532714844,,,,
38242,38242,11.3930082321167,,,,
38243,38243,11.386251449584961,,,,
38244,38244,11.360637664794922,,,,
38245,38245,11.3358736038208,,,,
38246,38246,11.321328163146973,,,,
38247,38247,11.30491828918457,,,,
38248,38248,11.258499145507812,,,,
38249,38249,,11.238911628723145,,,
38249,38249,11.238911628723145,,,,
38250,38250,11.254791259765625,,,,
38251,38251,11.250906944274902,,,,
38252,38252,11.217992782592773,,,,
38253,38253,11.180916786193848,,,,
38254,38254,11.172322273254395,,,,
38255,38255,11.140509605407715,,,,
38256,38256,11.111919403076172,,,,
38257,38257,11.087798118591309,,,,
38258,38258,11.064330101013184,,,,
38259,38259,,11.039162635803223,,,
38259,38259,11.039162635803223,,,,
38260,38260,11.017411231994629,,,,
38261,38261,10.986401557922363,,,,
38262,38262,10.960246086120605,,,,
38263,38263,10.9287691116333,,,,
38264,38264,10.906453132629395,,,,
38265,38265,10.892149925231934,,,,
38266,38266,10.864748001098633,,,,
38267,38267,10.847589492797852,,,,
38268,38268,10.857836723327637,,,,
38269,38269,,10.857881546020508,,,
38269,38269,10.857881546020508,,,,
38270,38270,10.874917984008789,,,,
38271,38271,10.838432312011719,,,,
38272,38272,10.825235366821289,,,,
38273,38273,10.791169166564941,,,,
38274,38274,10.748434066772461,,,,
38275,38275,10.734177589416504,,,,
38276,38276,10.702117919921875,,,,
38277,38277,10.656550407409668,,,,
38278,38278,10.639056205749512,,,,
38279,38279,,10.596878051757812,,,
38279,38279,10.596878051757812,,,,
38280,38280,10.581208229064941,,,,
38281,38281,10.571602821350098,,,,
38282,38282,10.53640079498291,,,,
38283,38283,10.499707221984863,,,,
38284,38284,10.486593246459961,,,,
38285,38285,10.480355262756348,,,,
38286,38286,10.431842803955078,,,,
38287,38287,10.427957534790039,,,,
38288,38288,10.41977596282959,,,,
38289,38289,,10.390634536743164,,,
38289,38289,10.390634536743164,,,,
38290,38290,10.358952522277832,,,,
38291,38291,10.321390151977539,,,,
38292,38292,10.308155059814453,,,,
38293,38293,10.25821590423584,,,,
38294,38294,10.243697166442871,,,,
38295,38295,10.228347778320312,,,,
38296,38296,10.211008071899414,,,,
38297,38297,10.17928695678711,,,,
38298,38298,10.131763458251953,,,,
38299,38299,,10.120271682739258,,,
38299,38299,10.120271682739258,,,,
38300,38300,10.10531234741211,,,,
38301,38301,10.093974113464355,,,,
38302,38302,10.076461791992188,,,,
38303,38303,10.050795555114746,,,,
38304,38304,10.019083976745605,,,,
38305,38305,9.981614112854004,,,,
38306,38306,9.998007774353027,,,,
38307,38307,10.018274307250977,,,,
38308,38308,9.984949111938477,,,,
38309,38309,,9.949504852294922,,,
38309,38309,9.949504852294922,,,,
38310,38310,9.928037643432617,,,,
38311,38311,9.903694152832031,,,,
38312,38312,9.882065773010254,,,,
38313,38313,9.84940242767334,,,,
38314,38314,9.825408935546875,,,,
38315,38315,9.860304832458496,,,,
38316,38316,9.84765625,,,,
38317,38317,9.82841682434082,,,,
38318,38318,9.804888725280762,,,,
38319,38319,,9.80392074584961,,,
38319,38319,9.80392074584961,,,,
38320,38320,9.796619415283203,,,,
38321,38321,9.798755645751953,,,,
38322,38322,9.753425598144531,,,,
38323,38323,9.705676078796387,,,,
38324,38324,9.649888038635254,,,,
38325,38325,9.656123161315918,,,,
38326,38326,9.622714042663574,,,,
38327,38327,9.635424613952637,,,,
38328,38328,9.641035079956055,,,,
38329,38329,,9.631793022155762,,,
38329,38329,9.631793022155762,,,,
38330,38330,9.608156204223633,,,,
38331,38331,9.580758094787598,,,,
38332,38332,9.536645889282227,,,,
38333,38333,9.522232055664062,,,,
38334,38334,9.467859268188477,,,,
38335,38335,9.46081829071045,,,,
38336,38336,9.441186904907227,,,,
38337,38337,9.405569076538086,,,,
38338,38338,9.388964653015137,,,,
38339,38339,,9.358802795410156,,,
38339,38339,9.358802795410156,,,,
38340,38340,9.357979774475098,,,,
38341,38341,9.33951187133789,,,,
38342,38342,9.320463180541992,,,,
38343,38343,9.309127807617188,,,,
38344,38344,9.282295227050781,,,,
38345,38345,9.279085159301758,,,,
38346,38346,9.261630058288574,,,,
38347,38347,9.225993156433105,,,,
38348,38348,9.191080093383789,,,,
38349,38349,,9.14478588104248,,,
38349,38349,9.14478588104248,,,,
38350,38350,9.16690731048584,,,,
38351,38351,9.154151916503906,,,,
38352,38352,9.165668487548828,,,,
38353,38353,9.152857780456543,,,,
38354,38354,9.136198043823242,,,,
38355,38355,9.133011817932129,,,,
38356,38356,9.133193969726562,,,,
38357,38357,9.098526000976562,,,,
38358,38358,9.094874382019043,,,,
38359,38359,,9.063019752502441,,,
38359,38359,9.063019752502441,,,,
38360,38360,9.049120903015137,,,,
38361,38361,9.04822826385498,,,,
38362,38362,9.014507293701172,,,,
38363,38363,9.043561935424805,,,,
38364,38364,9.036280632019043,,,,
38365,38365,9.020575523376465,,,,
38366,38366,8.974138259887695,,,,
38367,38367,9.025506019592285,,,,
38368,38368,8.99455738067627,,,,
38369,38369,,8.992671012878418,,,
38369,38369,8.992671012878418,,,,
38370,38370,8.981229782104492,,,,
38371,38371,8.953804969787598,,,,
38372,38372,8.943994522094727,,,,
38373,38373,8.917553901672363,,,,
38374,38374,8.878565788269043,,,,
38375,38375,8.862120628356934,,,,
38376,38376,8.855549812316895,,,,
38377,38377,8.873783111572266,,,,
38378,38378,8.807307243347168,,,,
38379,38379,,8.75275707244873,,,
38379,38379,8.75275707244873,,,,
38380,38380,8.780651092529297,,,,
38381,38381,8.76692008972168,,,,
38382,38382,8.731271743774414,,,,
38383,38383,8.71805191040039,,,,
38384,38384,8.657093048095703,,,,
38385,38385,8.671746253967285,,,,
38386,38386,8.66589641571045,,,,
38387,38387,8.653678894042969,,,,
38388,38388,8.632266998291016,,,,
38389,38389,,8.605046272277832,,,
38389,38389,8.605046272277832,,,,
38390,38390,8.604841232299805,,,,
38391,38391,8.589166641235352,,,,
38392,38392,8.57524585723877,,,,
38393,38393,8.559814453125,,,,
38394,38394,8.555577278137207,,,,
38395,38395,8.539525985717773,,,,
38396,38396,8.516202926635742,,,,
38397,38397,8.489152908325195,,,,
38398,38398,8.493416786193848,,,,
38399,38399,,8.42241382598877,,,
38399,38399,8.42241382598877,,,,
38400,38400,8.422428131103516,,,,
38401,38401,8.369807243347168,,,,
38402,38402,8.36482048034668,,,,
38403,38403,8.330695152282715,,,,
38404,38404,8.307549476623535,,,,
38405,38405,8.314051628112793,,,,
38406,38406,8.312003135681152,,,,
38407,38407,8.27481746673584,,,,
38408,38408,8.238130569458008,,,,
38409,38409,,8.201598167419434,,,
38409,38409,8.201598167419434,,,,
38410,38410,8.185888290405273,,,,
38411,38411,8.176770210266113,,,,
38412,38412,8.170446395874023,,,,
38413,38413,8.16260814666748,,,,
38414,38414,8.137486457824707,,,,
38415,38415,8.118553161621094,,,,
38416,38416,8.10653018951416,,,,
38417,38417,8.108953475952148,,,,
38418,38418,8.097386360168457,,,,
38419,38419,,8.084928512573242,,,
38419,38419,8.084928512573242,,,,
38420,38420,8.073749542236328,,,,
38421,38421,8.061047554016113,,,,
38422,38422,8.037924766540527,,,,
38423,38423,8.02918529510498,,,,
38424,38424,8.04039478302002,,,,
38425,38425,8.040780067443848,,,,
38426,38426,8.035225868225098,,,,
38427,38427,8.013806343078613,,,,
38428,38428,7.985601902008057,,,,
38429,38429,,7.971521854400635,,,
38429,38429,7.971521854400635,,,,
38430,38430,7.987309455871582,,,,
38431,38431,7.9637675285339355,,,,
38432,38432,7.962353229522705,,,,
38433,38433,7.923348426818848,,,,
38434,38434,7.920113563537598,,,,
38435,38435,7.958857536315918,,,,
38436,38436,7.942900657653809,,,,
38437,38437,7.912562847137451,,,,
38438,38438,7.88018798828125,,,,
38439,38439,,7.8600687980651855,,,
38439,38439,7.8600687980651855,,,,
38440,38440,7.858248710632324,,,,
38441,38441,7.845408916473389,,,,
38442,38442,7.824325084686279,,,,
38443,38443,7.789439678192139,,,,
38444,38444,7.786954879760742,,,,
38445,38445,7.778320789337158,,,,
38446,38446,7.7673115730285645,,,,
38447,38447,7.75160551071167,,,,
38448,38448,7.739585876464844,,,,
38449,38449,,7.709537029266357,,,
38449,38449,7.709537029266357,,,,
38450,38450,7.657829284667969,,,,
38451,38451,7.643116474151611,,,,
38452,38452,7.60529899597168,,,,
38453,38453,7.576686382293701,,,,
38454,38454,7.568175315856934,,,,
38455,38455,7.588735103607178,,,,
38456,38456,7.564256191253662,,,,
38457,38457,7.5575151443481445,,,,
38458,38458,7.534630298614502,,,,
38459,38459,,7.541472911834717,,,
38459,38459,7.541472911834717,,,,
38460,38460,7.530673027038574,,,,
38461,38461,7.511994361877441,,,,
38462,38462,7.511354446411133,,,,
38463,38463,7.499743938446045,,,,
38464,38464,7.479424476623535,,,,
38465,38465,7.47150182723999,,,,
38466,38466,7.461681842803955,,,,
38467,38467,7.4622039794921875,,,,
38468,38468,7.453046798706055,,,,
38469,38469,,7.440070629119873,,,
38469,38469,7.440070629119873,,,,
38470,38470,7.468443393707275,,,,
38471,38471,7.451304912567139,,,,
38472,38472,7.422661304473877,,,,
38473,38473,7.419706344604492,,,,
38474,38474,7.3990912437438965,,,,
38475,38475,7.3851776123046875,,,,
38476,38476,7.365601539611816,,,,
38477,38477,7.359071254730225,,,,
38478,38478,7.344299793243408,,,,
38479,38479,,7.336084842681885,,,
38479,38479,7.336084842681885,,,,
38480,38480,7.33674430847168,,,,
38481,38481,7.322041988372803,,,,
38482,38482,7.320707321166992,,,,
38483,38483,7.298507213592529,,,,
38484,38484,7.28041410446167,,,,
38485,38485,7.239019393920898,,,,
38486,38486,7.217612266540527,,,,
38487,38487,7.22291374206543,,,,
38488,38488,7.209160804748535,,,,
38489,38489,,7.228742599487305,,,
38489,38489,7.228742599487305,,,,
38490,38490,7.214003562927246,,,,
38491,38491,7.19481086730957,,,,
38492,38492,7.171971321105957,,,,
38493,38493,7.149341583251953,,,,
38494,38494,7.141765117645264,,,,
38495,38495,7.124948024749756,,,,
38496,38496,7.104775905609131,,,,
38497,38497,7.080591201782227,,,,
38498,38498,7.074530124664307,,,,
38499,38499,,7.071488380432129,,,
38499,38499,,,0.16631333529949188,169.1785888671875,96.73773956298828
38499,38499,7.071488380432129,,,,
38500,38500,7.059889316558838,,,,
38501,38501,7.045853614807129,,,,
38502,38502,7.055502891540527,,,,
38503,38503,7.028407573699951,,,,
38504,38504,7.0047831535339355,,,,
38505,38505,7.002150535583496,,,,
38506,38506,6.99538516998291,,,,
38507,38507,6.976499080657959,,,,
38508,38508,7.007938385009766,,,,
38509,38509,,6.989508628845215,,,
38509,38509,6.989508628845215,,,,
38510,38510,6.970800399780273,,,,
38511,38511,6.995615482330322,,,,
38512,38512,6.975740432739258,,,,
38513,38513,6.9496588706970215,,,,
38514,38514,6.930593013763428,,,,
38515,38515,6.9180755615234375,,,,
38516,38516,6.907087326049805,,,,
38517,38517,6.906379699707031,,,,
38518,38518,6.918544292449951,,,,
38519,38519,,6.901369094848633,,,
38519,38519,6.901369094848633,,,,
38520,38520,6.87521505355835,,,,
38521,38521,6.865525722503662,,,,
38522,38522,6.833262920379639,,,,
38523,38523,6.8201398849487305,,,,
38524,38524,6.815755367279053,,,,
38525,38525,6.798152923583984,,,,
38526,38526,6.78302001953125,,,,
38527,38527,6.76002311706543,,,,
38528,38528,6.745500564575195,,,,
38529,38529,,6.751430034637451,,,
38529,38529,6.751430034637451,,,,
38530,38530,6.717010498046875,,,,
38531,38531,6.703425884246826,,,,
38532,38532,6.707423210144043,,,,
38533,38533,6.682460308074951,,,,
38534,38534,6.634684085845947,,,,
38535,38535,6.5792236328125,,,,
38536,38536,6.586962699890137,,,,
38537,38537,6.560341835021973,,,,
38538,38538,6.5740180015563965,,,,
38539,38539,,6.573498725891113,,,
38539,38539,6.573498725891113,,,,
38540,38540,6.552528381347656,,,,
38541,38541,6.5518293380737305,,,,
38542,38542,6.511229515075684,,,,
38543,38543,6.48284912109375,,,,
38544,38544,6.496616363525391,,,,
38545,38545,6.5298333168029785,,,,
38546,38546,6.486966609954834,,,,
38547,38547,6.470859527587891,,,,
38548,38548,6.459636211395264,,,,
38549,38549,,6.41716194152832,,,
38549,38549,6.41716194152832,,,,
38550,38550,6.429936408996582,,,,
38551,38551,6.386912822723389,,,,
38552,38552,6.366373538970947,,,,
38553,38553,6.341104984283447,,,,
38554,38554,6.338077545166016,,,,
38555,38555,6.351927280426025,,,,
38556,38556,6.325442314147949,,,,
38557,38557,6.2891106605529785,,,,
38558,38558,6.273077487945557,,,,
38559,38559,,6.257656574249268,,,
38559,38559,6.257656574249268,,,,
38560,38560,6.282739639282227,,,,
38561,38561,6.25245475769043,,,,
38562,38562,6.2610859870910645,,,,
38563,38563,6.257342338562012,,,,
38564,38564,6.213284969329834,,,,
38565,38565,6.174610614776611,,,,
38566,38566,6.160080909729004,,,,
38567,38567,6.184043884277344,,,,
38568,38568,6.165816307067871,,,,
38569,38569,,6.180119514465332,,,
38569,38569,6.180119514465332,,,,
38570,38570,6.159585475921631,,,,
38571,38571,6.145834445953369,,,,
38572,38572,6.135673522949219,,,,
38573,38573,6.130862712860107,,,,
38574,38574,6.088252544403076,,,,
38575,38575,6.080215930938721,,,,
38576,38576,6.05499792098999,,,,
38577,38577,6.034069061279297,,,,
38578,38578,6.003568172454834,,,,
38579,38579,,5.9844465255737305,,,
38579,38579,5.9844465255737305,,,,
38580,38580,5.994563102722168,,,,
38581,38581,5.990562915802002,,,,
38582,38582,5.978695869445801,,,,
38583,38583,5.977008819580078,,,,
38584,38584,5.975631237030029,,,,
38585,38585,5.9664998054504395,,,,
38586,38586,5.979603290557861,,,,
38587,38587,5.962950706481934,,,,
38588,38588,5.902841567993164,,,,
38589,38589,,5.904701232910156,,,
38589,38589,5.904701232910156,,,,
38590,38590,5.901115894317627,,,,
38591,38591,5.877155303955078,,,,
38592,38592,5.872715473175049,,,,
38593,38593,5.839845657348633,,,,
38594,38594,5.831193447113037,,,,
38595,38595,5.798466205596924,,,,
38596,38596,5.804693698883057,,,,
38597,38597,5.802660942077637,,,,
38598,38598,5.767261505126953,,,,
38599,38599,,5.77374792098999,,,
38599,38599,5.77374792098999,,,,
38600,38600,5.805098056793213,,,,
38601,38601,5.802740097045898,,,,
38602,38602,5.786285877227783,,,,
38603,38603,5.777575969696045,,,,
38604,38604,5.750645160675049,,,,
38605,38605,5.7410197257995605,,,,
38606,38606,5.727564811706543,,,,
38607,38607,5.707758903503418,,,,
38608,38608,5.671205043792725,,,,
38609,38609,,5.637860298156738,,,
38609,38609,5.637860298156738,,,,
38610,38610,5.5999250411987305,,,,
38611,38611,5.604244709014893,,,,
38612,38612,5.617537975311279,,,,
38613,38613,5.619334697723389,,,,
38614,38614,5.594141006469727,,,,
38615,38615,5.568034648895264,,,,
38616,38616,5.55874490737915,,,,
38617,38617,5.5687971115112305,,,,
38618,38618,5.564296245574951,,,,
38619,38619,,5.525136470794678,,,
38619,38619,5.525136470794678,,,,
38620,38620,5.512754917144775,,,,
38621,38621,5.521518230438232,,,,
38622,38622,5.563011646270752,,,,
38623,38623,5.548099517822266,,,,
38624,38624,5.520773410797119,,,,
38625,38625,5.509549140930176,,,,
38626,38626,5.500966548919678,,,,
38627,38627,5.506930351257324,,,,
38628,38628,5.504073619842529,,,,
38629,38629,,5.512299537658691,,,
38629,38629,5.512299537658691,,,,
38630,38630,5.52144718170166,,,,
38631,38631,5.537741184234619,,,,
38632,38632,5.503924369812012,,,,
38633,38633,5.460183620452881,,,,
38634,38634,5.464417457580566,,,,
38635,38635,5.480372428894043,,,,
38636,38636,5.450632095336914,,,,
38637,38637,5.409768581390381,,,,
38638,38638,5.455142974853516,,,,
38639,38639,,5.451024055480957,,,
38639,38639,5.451024055480957,,,,
38640,38640,5.416144371032715,,,,
38641,38641,5.375124454498291,,,,
38642,38642,5.360440254211426,,,,
38643,38643,5.342704772949219,,,,
38644,38644,5.361279010772705,,,,
38645,38645,5.363820552825928,,,,
38646,38646,5.352768898010254,,,,
38647,38647,5.351028919219971,,,,
38648,38648,5.362675666809082,,,,
38649,38649,,5.350592613220215,,,
38649,38649,5.350592613220215,,,,
38650,38650,5.330594539642334,,,,
38651,38651,5.320089817047119,,,,
38652,38652,5.317526817321777,,,,
38653,38653,5.327808380126953,,,,
38654,38654,5.303329944610596,,,,
38655,38655,5.312454700469971,,,,
38656,38656,5.309157848358154,,,,
38657,38657,5.306787014007568,,,,
38658,38658,5.308769226074219,,,,
38659,38659,,5.267161846160889,,,
38659,38659,5.267161846160889,,,,
38660,38660,5.237525463104248,,,,
38661,38661,5.236505508422852,,,,
38662,38662,5.239263534545898,,,,
38663,38663,5.233612060546875,,,,
38664,38664,5.224428653717041,,,,
38665,38665,5.2382917404174805,,,,
38666,38666,5.273952484130859,,,,
38667,38667,5.2768683433532715,,,,
38668,38668,5.269199371337891,,,,
38669,38669,,5.23988676071167,,,
38669,38669,5.23988676071167,,,,
38670,38670,5.21947717666626,,,,
38671,38671,5.240982532501221,,,,
38672,38672,5.198095798492432,,,,
38673,38673,5.188316822052002,,,,
38674,38674,5.181472301483154,,,,
38675,38675,5.173316955566406,,,,
38676,38676,5.152944087982178,,,,
38677,38677,5.149234771728516,,,,
38678,38678,5.1370697021484375,,,,
38679,38679,,5.140109062194824,,,
38679,38679,5.140109062194824,,,,
38680,38680,5.143490791320801,,,,
38681,38681,5.144145488739014,,,,
38682,38682,5.143698215484619,,,,
38683,38683,5.1427130699157715,,,,
38684,38684,5.110723972320557,,,,
38685,38685,5.139235973358154,,,,
38686,38686,5.132955551147461,,,,
38687,38687,5.088650226593018,,,,
38688,38688,5.0879225730896,,,,
38689,38689,,5.0957722663879395,,,
38689,38689,5.0957722663879395,,,,
38690,38690,5.080135822296143,,,,
38691,38691,5.080796718597412,,,,
38692,38692,5.078967094421387,,,,
38693,38693,5.041031837463379,,,,
38694,38694,5.0294575691223145,,,,
38695,38695,5.022471904754639,,,,
38696,38696,5.013333320617676,,,,
38697,38697,5.014558792114258,,,,
38698,38698,5.017830848693848,,,,
38699,38699,,5.009281635284424,,,
38699,38699,5.009281635284424,,,,
38700,38700,5.020358562469482,,,,
38701,38701,4.976592063903809,,,,
38702,38702,4.976747035980225,,,,
38703,38703,5.038413047790527,,,,
38704,38704,5.041154384613037,,,,
38705,38705,5.0154218673706055,,,,
38706,38706,5.004720687866211,,,,
38707,38707,4.957213401794434,,,,
38708,38708,4.937582015991211,,,,
38709,38709,,4.915355682373047,,,
38709,38709,4.915355682373047,,,,
38710,38710,4.893362045288086,,,,
38711,38711,4.857340335845947,,,,
38712,38712,4.862519264221191,,,,
38713,38713,4.845592975616455,,,,
38714,38714,4.844698429107666,,,,
38715,38715,4.823275089263916,,,,
38716,38716,4.854441165924072,,,,
38717,38717,4.850244522094727,,,,
38718,38718,4.844386577606201,,,,
38719,38719,,4.853729248046875,,,
38719,38719,4.853729248046875,,,,
38720,38720,4.815731525421143,,,,
38721,38721,4.827480316162109,,,,
38722,38722,4.794567584991455,,,,
38723,38723,4.786469459533691,,,,
38724,38724,4.776345252990723,,,,
38725,38725,4.748230457305908,,,,
38726,38726,4.72689962387085,,,,
38727,38727,4.689826011657715,,,,
38728,38728,4.673586368560791,,,,
38729,38729,,4.683688163757324,,,
38729,38729,4.683688163757324,,,,
38730,38730,4.670906066894531,,,,
38731,38731,4.661206245422363,,,,
38732,38732,4.682177543640137,,,,
38733,38733,4.6820526123046875,,,,
38734,38734,4.657412528991699,,,,
38735,38735,4.656992435455322,,,,
38736,38736,4.641626834869385,,,,
38737,38737,4.6358256340026855,,,,
38738,38738,4.596250534057617,,,,
38739,38739,,4.626075744628906,,,
38739,38739,4.626075744628906,,,,
38740,38740,4.629648208618164,,,,
38741,38741,4.624664306640625,,,,
38742,38742,4.609949111938477,,,,
38743,38743,4.606613636016846,,,,
38744,38744,4.597250938415527,,,,
38745,38745,4.575911521911621,,,,
38746,38746,4.580063343048096,,,,
38747,38747,4.557978630065918,,,,
38748,38748,4.537916660308838,,,,
38749,38749,,4.5311479568481445,,,
38749,38749,4.5311479568481445,,,,
38750,38750,4.541537761688232,,,,
38751,38751,4.4932756423950195,,,,
38752,38752,4.4787421226501465,,,,
38753,38753,4.462027549743652,,,,
38754,38754,4.479011058807373,,,,
38755,38755,4.4709672927856445,,,,
38756,38756,4.4630255699157715,,,,
38757,38757,4.4530768394470215,,,,
38758,38758,4.439449787139893,,,,
38759,38759,,4.438205718994141,,,
38759,38759,4.438205718994141,,,,
38760,38760,4.399519443511963,,,,
38761,38761,4.4079766273498535,,,,
38762,38762,4.415157318115234,,,,
38763,38763,4.3992390632629395,,,,
38764,38764,4.4063005447387695,,,,
38765,38765,4.374961853027344,,,,
38766,38766,4.3306074142456055,,,,
38767,38767,4.31141471862793,,,,
38768,38768,4.322766304016113,,,,
38769,38769,,4.3020405769348145,,,
38769,38769,4.3020405769348145,,,,
38770,38770,4.2883477210998535,,,,
38771,38771,4.291297435760498,,,,
38772,38772,4.286004066467285,,,,
38773,38773,4.2779412269592285,,,,
38774,38774,4.297920227050781,,,,
38775,38775,4.273885250091553,,,,
38776,38776,4.258397102355957,,,,
38777,38777,4.220954418182373,,,,
38778,38778,4.225246429443359,,,,
38779,38779,,4.230629920959473,,,
38779,38779,4.230629920959473,,,,
38780,38780,4.224127292633057,,,,
38781,38781,4.224933624267578,,,,
38782,38782,4.210952281951904,,,,
38783,38783,4.2119550704956055,,,,
38784,38784,4.217409133911133,,,,
38785,38785,4.171291828155518,,,,
38786,38786,4.180943965911865,,,,
38787,38787,4.173003673553467,,,,
38788,38788,4.149693012237549,,,,
38789,38789,,4.130090236663818,,,
38789,38789,4.130090236663818,,,,
38790,38790,4.13822603225708,,,,
38791,38791,4.127756595611572,,,,
38792,38792,4.123437881469727,,,,
38793,38793,4.088606357574463,,,,
38794,38794,4.038715362548828,,,,
38795,38795,4.046087265014648,,,,
38796,38796,4.036712169647217,,,,
38797,38797,4.0148396492004395,,,,
38798,38798,4.015992641448975,,,,
38799,38799,,4.001716613769531,,,
38799,38799,4.001716613769531,,,,
38800,38800,3.98626971244812,,,,
38801,38801,3.9752278327941895,,,,
38802,38802,3.967926025390625,,,,
38803,38803,3.981689214706421,,,,
38804,38804,3.966796636581421,,,,
38805,38805,3.9486587047576904,,,,
38806,38806,3.9354608058929443,,,,
38807,38807,3.922773838043213,,,,
38808,38808,3.904691457748413,,,,
38809,38809,,3.8911397457122803,,,
38809,38809,3.8911397457122803,,,,
38810,38810,3.896806001663208,,,,
38811,38811,3.868922233581543,,,,
38812,38812,3.8705761432647705,,,,
38813,38813,3.854285955429077,,,,
38814,38814,3.84950590133667,,,,
38815,38815,3.8339993953704834,,,,
38816,38816,3.8445847034454346,,,,
38817,38817,3.827420949935913,,,,
38818,38818,3.8101210594177246,,,,
38819,38819,,3.787705898284912,,,
38819,38819,3.787705898284912,,,,
38820,38820,3.7931571006774902,,,,
38821,38821,3.7905287742614746,,,,
38822,38822,3.7983903884887695,,,,
38823,38823,3.7864816188812256,,,,
38824,38824,3.773185968399048,,,,
38825,38825,3.750174045562744,,,,
38826,38826,3.7539281845092773,,,,
38827,38827,3.7590603828430176,,,,
38828,38828,3.7511987686157227,,,,
38829,38829,,3.718736410140991,,,
38829,38829,3.718736410140991,,,,
38830,38830,3.697312593460083,,,,
38831,38831,3.696890115737915,,,,
38832,38832,3.739424228668213,,,,
38833,38833,3.7258565425872803,,,,
38834,38834,3.6951208114624023,,,,
38835,38835,3.725861072540283,,,,
38836,38836,3.7197468280792236,,,,
38837,38837,3.6875157356262207,,,,
38838,38838,3.6560165882110596,,,,
38839,38839,,3.681365966796875,,,
38839,38839,3.681365966796875,,,,
38840,38840,3.6907095909118652,,,,
38841,38841,3.6309702396392822,,,,
38842,38842,3.623488426208496,,,,
38843,38843,3.59916090965271,,,,
38844,38844,3.610504150390625,,,,
38845,38845,3.601566791534424,,,,
38846,38846,3.608407974243164,,,,
38847,38847,3.5914599895477295,,,,
38848,38848,3.5733816623687744,,,,
38849,38849,,3.561025619506836,,,
38849,38849,3.561025619506836,,,,
38850,38850,3.5789899826049805,,,,
38851,38851,3.563129425048828,,,,
38852,38852,3.545292615890503,,,,
38853,38853,3.544341564178467,,,,
38854,38854,3.5467779636383057,,,,
38855,38855,3.5284807682037354,,,,
38856,38856,3.523512840270996,,,,
38857,38857,3.518054485321045,,,,
38858,38858,3.515683174133301,,,,
38859,38859,,3.5073304176330566,,,
38859,38859,3.5073304176330566,,,,
38860,38860,3.4935781955718994,,,,
38861,38861,3.4801275730133057,,,,
38862,38862,3.484046220779419,,,,
38863,38863,3.4780921936035156,,,,
38864,38864,3.46317195892334,,,,
38865,38865,3.444554090499878,,,,
38866,38866,3.4318149089813232,,,,
38867,38867,3.4258198738098145,,,,
38868,38868,3.4438891410827637,,,,
38869,38869,,3.4367620944976807,,,
38869,38869,3.4367620944976807,,,,
38870,38870,3.4336235523223877,,,,
38871,38871,3.414278268814087,,,,
38872,38872,3.427602767944336,,,,
38873,38873,3.413857936859131,,,,
38874,38874,3.401193857192993,,,,
38875,38875,3.3883180618286133,,,,
38876,38876,3.3882954120635986,,,,
38877,38877,3.379739284515381,,,,
38878,38878,3.3571698665618896,,,,
38879,38879,,3.3528285026550293,,,
38879,38879,3.3528285026550293,,,,
38880,38880,3.355677843093872,,,,
38881,38881,3.34391450881958,,,,
38882,38882,3.3676891326904297,,,,
38883,38883,3.378148317337036,,,,
38884,38884,3.3648719787597656,,,,
38885,38885,3.338670253753662,,,,
38886,38886,3.3413076400756836,,,,
38887,38887,3.3456082344055176,,,,
38888,38888,3.3255836963653564,,,,
38889,38889,,3.330284357070923,,,
38889,38889,3.330284357070923,,,,
38890,38890,3.3274946212768555,,,,
38891,38891,3.320664167404175,,,,
38892,38892,3.2851123809814453,,,,
38893,38893,3.2655367851257324,,,,
38894,38894,3.285832405090332,,,,
38895,38895,3.2637135982513428,,,,
38896,38896,3.267064332962036,,,,
38897,38897,3.2524380683898926,,,,
38898,38898,3.245450019836426,,,,
38899,38899,,3.2304255962371826,,,
38899,38899,3.2304255962371826,,,,
38900,38900,3.227550506591797,,,,
38901,38901,3.181520938873291,,,,
38902,38902,3.184412717819214,,,,
38903,38903,3.2381503582000732,,,,
38904,38904,3.194218873977661,,,,
38905,38905,3.1736319065093994,,,,
38906,38906,3.164193630218506,,,,
38907,38907,3.168062925338745,,,,
38908,38908,3.167196273803711,,,,
38909,38909,,3.150068521499634,,,
38909,38909,3.150068521499634,,,,
38910,38910,3.137009859085083,,,,
38911,38911,3.1300151348114014,,,,
38912,38912,3.105872392654419,,,,
38913,38913,3.098480701446533,,,,
38914,38914,3.099766969680786,,,,
38915,38915,3.0912067890167236,,,,
38916,38916,3.09899640083313,,,,
38917,38917,3.1053237915039062,,,,
38918,38918,3.066572666168213,,,,
38919,38919,,3.074215888977051,,,
38919,38919,3.074215888977051,,,,
38920,38920,3.076479434967041,,,,
38921,38921,3.05041241645813,,,,
38922,38922,3.051429510116577,,,,
38923,38923,3.0623605251312256,,,,
38924,38924,3.053385019302368,,,,
38925,38925,3.050877809524536,,,,
38926,38926,3.030036687850952,,,,
38927,38927,3.0190742015838623,,,,
38928,38928,3.0041210651397705,,,,
38929,38929,,3.0007712841033936,,,
38929,38929,3.0007712841033936,,,,
38930,38930,2.9992620944976807,,,,
38931,38931,2.984503984451294,,,,
38932,38932,2.997795343399048,,,,
38933,38933,2.9823262691497803,,,,
38934,38934,2.984623670578003,,,,
38935,38935,2.9735920429229736,,,,
38936,38936,2.9673068523406982,,,,
38937,38937,2.96457576751709,,,,
38938,38938,2.9455666542053223,,,,
38939,38939,,2.953658103942871,,,
38939,38939,2.953658103942871,,,,
38940,38940,2.9436256885528564,,,,
38941,38941,2.9290871620178223,,,,
38942,38942,2.92606258392334,,,,
38943,38943,2.9185950756073,,,,
38944,38944,2.9320180416107178,,,,
38945,38945,2.9507439136505127,,,,
38946,38946,2.9368700981140137,,,,
38947,38947,2.920792818069458,,,,
38948,38948,2.928129196166992,,,,
38949,38949,,2.9158236980438232,,,
38949,38949,2.9158236980438232,,,,
38950,38950,2.9246103763580322,,,,
38951,38951,2.8871307373046875,,,,
38952,38952,2.8783953189849854,,,,
38953,38953,2.8794820308685303,,,,
38954,38954,2.8902900218963623,,,,
38955,38955,2.8936574459075928,,,,
38956,38956,2.8726484775543213,,,,
38957,38957,2.8758134841918945,,,,
38958,38958,2.8826472759246826,,,,
38959,38959,,2.8838908672332764,,,
38959,38959,2.8838908672332764,,,,
38960,38960,2.8728530406951904,,,,
38961,38961,2.869601011276245,,,,
38962,38962,2.870981216430664,,,,
38963,38963,2.861382246017456,,,,
38964,38964,2.862919569015503,,,,
38965,38965,2.8623580932617188,,,,
38966,38966,2.8603949546813965,,,,
38967,38967,2.8714778423309326,,,,
38968,38968,2.858705520629883,,,,
38969,38969,,2.8528316020965576,,,
38969,38969,2.8528316020965576,,,,
38970,38970,2.8617095947265625,,,,
38971,38971,2.8449604511260986,,,,
38972,38972,2.854430913925171,,,,
38973,38973,2.854926824569702,,,,
38974,38974,2.844104051589966,,,,
38975,38975,2.832003355026245,,,,
38976,38976,2.818418025970459,,,,
38977,38977,2.810366153717041,,,,
38978,38978,2.8075833320617676,,,,
38979,38979,,2.80257248878479,,,
38979,38979,2.80257248878479,,,,
38980,38980,2.789942979812622,,,,
38981,38981,2.7949535846710205,,,,
38982,38982,2.794440746307373,,,,
38983,38983,2.7916603088378906,,,,
38984,38984,2.78946590423584,,,,
38985,38985,2.792489528656006,,,,
38986,38986,2.787757396697998,,,,
38987,38987,2.787031650543213,,,,
38988,38988,2.7798094749450684,,,,
38989,38989,,2.7828526496887207,,,
38989,38989,2.7828526496887207,,,,
38990,38990,2.7770164012908936,,,,
38991,38991,2.7748613357543945,,,,
38992,38992,2.7793853282928467,,,,
38993,38993,2.772775650024414,,,,
38994,38994,2.7789783477783203,,,,
38995,38995,2.7715015411376953,,,,
38996,38996,2.762331008911133,,,,
38997,38997,2.7697031497955322,,,,
38998,38998,2.7668533325195312,,,,
38999,38999,,2.754565715789795,,,
38999,38999,,,0.1728208214044571,182.6768341064453,96.73773956298828
38999,38999,2.754565715789795,,,,
39000,39000,2.7360424995422363,,,,
39001,39001,2.7456932067871094,,,,
39002,39002,2.749277114868164,,,,
39003,39003,2.736908435821533,,,,
39004,39004,2.71708607673645,,,,
39005,39005,2.713705539703369,,,,
39006,39006,2.7133638858795166,,,,
39007,39007,2.715674638748169,,,,
39008,39008,2.71773624420166,,,,
39009,39009,,2.7150774002075195,,,
39009,39009,2.7150774002075195,,,,
39010,39010,2.715430974960327,,,,
39011,39011,2.7274093627929688,,,,
39012,39012,2.732847213745117,,,,
39013,39013,2.728121280670166,,,,
39014,39014,2.728020668029785,,,,
39015,39015,2.7267396450042725,,,,
39016,39016,2.7111270427703857,,,,
39017,39017,2.699887752532959,,,,
39018,39018,2.7238004207611084,,,,
39019,39019,,2.705209255218506,,,
39019,39019,2.705209255218506,,,,
39020,39020,2.704038381576538,,,,
39021,39021,2.71317982673645,,,,
39022,39022,2.7124180793762207,,,,
39023,39023,2.6956787109375,,,,
39024,39024,2.71401309967041,,,,
39025,39025,2.708993673324585,,,,
39026,39026,2.713874340057373,,,,
39027,39027,2.6608824729919434,,,,
39028,39028,2.678273916244507,,,,
39029,39029,,2.678255796432495,,,
39029,39029,2.678255796432495,,,,
39030,39030,2.6586010456085205,,,,
39031,39031,2.6652352809906006,,,,
39032,39032,2.661818742752075,,,,
39033,39033,2.66068959236145,,,,
39034,39034,2.6620023250579834,,,,
39035,39035,2.662672519683838,,,,
39036,39036,2.661757230758667,,,,
39037,39037,2.6532132625579834,,,,
39038,39038,2.6469011306762695,,,,
39039,39039,,2.642423391342163,,,
39039,39039,2.642423391342163,,,,
39040,39040,2.636647939682007,,,,
39041,39041,2.6315886974334717,,,,
39042,39042,2.6304843425750732,,,,
39043,39043,2.6286733150482178,,,,
39044,39044,2.6349964141845703,,,,
39045,39045,2.632596254348755,,,,
39046,39046,2.613952398300171,,,,
39047,39047,2.6109328269958496,,,,
39048,39048,2.6067566871643066,,,,
39049,39049,,2.6062934398651123,,,
39049,39049,2.6062934398651123,,,,
39050,39050,2.629060745239258,,,,
39051,39051,2.6070780754089355,,,,
39052,39052,2.603131055831909,,,,
39053,39053,2.606177568435669,,,,
39054,39054,2.607443332672119,,,,
39055,39055,2.600085973739624,,,,
39056,39056,2.5994300842285156,,,,
39057,39057,2.5963287353515625,,,,
39058,39058,2.5877573490142822,,,,
39059,39059,,2.5843663215637207,,,
39059,39059,2.5843663215637207,,,,
39060,39060,2.5847597122192383,,,,
39061,39061,2.572810649871826,,,,
39062,39062,2.5671472549438477,,,,
39063,39063,2.572005033493042,,,,
39064,39064,2.578871965408325,,,,
39065,39065,2.580059766769409,,,,
39066,39066,2.5687804222106934,,,,
39067,39067,2.57854962348938,,,,
39068,39068,2.573645830154419,,,,
39069,39069,,2.5706186294555664,,,
39069,39069,2.5706186294555664,,,,
39070,39070,2.567528009414673,,,,
39071,39071,2.563431978225708,,,,
39072,39072,2.5565311908721924,,,,
39073,39073,2.5551161766052246,,,,
39074,39074,2.552701711654663,,,,
39075,39075,2.5477795600891113,,,,
39076,39076,2.5402801036834717,,,,
39077,39077,2.5392937660217285,,,,
39078,39078,2.5395476818084717,,,,
39079,39079,,2.5341765880584717,,,
39079,39079,2.5341765880584717,,,,
39080,39080,2.524451971054077,,,,
39081,39081,2.529900312423706,,,,
39082,39082,2.5195553302764893,,,,
39083,39083,2.5229098796844482,,,,
39084,39084,2.5342702865600586,,,,
39085,39085,2.532562494277954,,,,
39086,39086,2.526524305343628,,,,
39087,39087,2.5270309448242188,,,,
39088,39088,2.5268361568450928,,,,
39089,39089,,2.5200014114379883,,,
39089,39089,2.5200014114379883,,,,
39090,39090,2.4963884353637695,,,,
39091,39091,2.499630928039551,,,,
39092,39092,2.5029137134552,,,,
39093,39093,2.5088155269622803,,,,
39094,39094,2.4976892471313477,,,,
39095,39095,2.501420259475708,,,,
39096,39096,2.5033118724823,,,,
39097,39097,2.5033202171325684,,,,
39098,39098,2.5045697689056396,,,,
39099,39099,,2.499973773956299,,,
39099,39099,2.499973773956299,,,,
39100,39100,2.5003108978271484,,,,
39101,39101,2.4907548427581787,,,,
39102,39102,2.4949002265930176,,,,
39103,39103,2.4980077743530273,,,,
39104,39104,2.4942660331726074,,,,
39105,39105,2.4959614276885986,,,,
39106,39106,2.497906446456909,,,,
39107,39107,2.4942965507507324,,,,
39108,39108,2.490420341491699,,,,
39109,39109,,2.4905495643615723,,,
39109,39109,2.4905495643615723,,,,
39110,39110,2.488600254058838,,,,
39111,39111,2.4798624515533447,,,,
39112,39112,2.47690486907959,,,,
39113,39113,2.480893611907959,,,,
39114,39114,2.4814364910125732,,,,
39115,39115,2.469672918319702,,,,
39116,39116,2.475963592529297,,,,
39117,39117,2.471604347229004,,,,
39118,39118,2.4666247367858887,,,,
39119,39119,,2.4696359634399414,,,
39119,39119,2.4696359634399414,,,,
39120,39120,2.4716618061065674,,,,
39121,39121,2.465618371963501,,,,
39122,39122,2.4686083793640137,,,,
39123,39123,2.473874807357788,,,,
39124,39124,2.464414358139038,,,,
39125,39125,2.4623329639434814,,,,
39126,39126,2.469953775405884,,,,
39127,39127,2.469017267227173,,,,
39128,39128,2.464937448501587,,,,
39129,39129,,2.47104549407959,,,
39129,39129,2.47104549407959,,,,
39130,39130,2.4589157104492188,,,,
39131,39131,2.4404988288879395,,,,
39132,39132,2.442272663116455,,,,
39133,39133,2.4423866271972656,,,,
39134,39134,2.4373066425323486,,,,
39135,39135,2.4431655406951904,,,,
39136,39136,2.430615186691284,,,,
39137,39137,2.436643600463867,,,,
39138,39138,2.4361302852630615,,,,
39139,39139,,2.4195990562438965,,,
39139,39139,2.4195990562438965,,,,
39140,39140,2.4285476207733154,,,,
39141,39141,2.4222378730773926,,,,
39142,39142,2.419023275375366,,,,
39143,39143,2.424830913543701,,,,
39144,39144,2.425969123840332,,,,
39145,39145,2.42602276802063,,,,
39146,39146,2.4274463653564453,,,,
39147,39147,2.4276790618896484,,,,
39148,39148,2.4123945236206055,,,,
39149,39149,,2.417586088180542,,,
39149,39149,2.417586088180542,,,,
39150,39150,2.4049432277679443,,,,
39151,39151,2.4267141819000244,,,,
39152,39152,2.4027793407440186,,,,
39153,39153,2.4104671478271484,,,,
39154,39154,2.431593894958496,,,,
39155,39155,2.409921884536743,,,,
39156,39156,2.405465841293335,,,,
39157,39157,2.405348777770996,,,,
39158,39158,2.402116537094116,,,,
39159,39159,,2.3993537425994873,,,
39159,39159,2.3993537425994873,,,,
39160,39160,2.3847174644470215,,,,
39161,39161,2.3986382484436035,,,,
39162,39162,2.39445161819458,,,,
39163,39163,2.3951644897460938,,,,
39164,39164,2.3926620483398438,,,,
39165,39165,2.3950929641723633,,,,
39166,39166,2.3875439167022705,,,,
39167,39167,2.3848352432250977,,,,
39168,39168,2.376999616622925,,,,
39169,39169,,2.3707261085510254,,,
39169,39169,2.3707261085510254,,,,
39170,39170,2.368307590484619,,,,
39171,39171,2.3678979873657227,,,,
39172,39172,2.3778889179229736,,,,
39173,39173,2.3723325729370117,,,,
39174,39174,2.3773581981658936,,,,
39175,39175,2.370619535446167,,,,
39176,39176,2.3745076656341553,,,,
39177,39177,2.375774621963501,,,,
39178,39178,2.3699512481689453,,,,
39179,39179,,2.371757984161377,,,
39179,39179,2.371757984161377,,,,
39180,39180,2.3684451580047607,,,,
39181,39181,2.3643057346343994,,,,
39182,39182,2.366727828979492,,,,
39183,39183,2.3646154403686523,,,,
39184,39184,2.366480827331543,,,,
39185,39185,2.360239267349243,,,,
39186,39186,2.3569552898406982,,,,
39187,39187,2.3546085357666016,,,,
39188,39188,2.360041379928589,,,,
39189,39189,,2.3511412143707275,,,
39189,39189,2.3511412143707275,,,,
39190,39190,2.346229314804077,,,,
39191,39191,2.3467206954956055,,,,
39192,39192,2.333758592605591,,,,
39193,39193,2.333895683288574,,,,
39194,39194,2.33065128326416,,,,
39195,39195,2.3319027423858643,,,,
39196,39196,2.3430325984954834,,,,
39197,39197,2.3327133655548096,,,,
39198,39198,2.3417115211486816,,,,
39199,39199,,2.337810754776001,,,
39199,39199,2.337810754776001,,,,
39200,39200,2.3323514461517334,,,,
39201,39201,2.3354878425598145,,,,
39202,39202,2.3365046977996826,,,,
39203,39203,2.3341355323791504,,,,
39204,39204,2.336090326309204,,,,
39205,39205,2.3352506160736084,,,,
39206,39206,2.3193392753601074,,,,
39207,39207,2.3319485187530518,,,,
39208,39208,2.32725191116333,,,,
39209,39209,,2.3173928260803223,,,
39209,39209,2.3173928260803223,,,,
39210,39210,2.327355146408081,,,,
39211,39211,2.3249247074127197,,,,
39212,39212,2.3194098472595215,,,,
39213,39213,2.3201332092285156,,,,
39214,39214,2.3146913051605225,,,,
39215,39215,2.3127810955047607,,,,
39216,39216,2.309856414794922,,,,
39217,39217,2.2947287559509277,,,,
39218,39218,2.302666664123535,,,,
39219,39219,,2.2978737354278564,,,
39219,39219,2.2978737354278564,,,,
39220,39220,2.2904393672943115,,,,
39221,39221,2.287884473800659,,,,
39222,39222,2.288823366165161,,,,
39223,39223,2.285080909729004,,,,
39224,39224,2.292145013809204,,,,
39225,39225,2.2861549854278564,,,,
39226,39226,2.296170473098755,,,,
39227,39227,2.282991409301758,,,,
39228,39228,2.2658469676971436,,,,
39229,39229,,2.2701425552368164,,,
39229,39229,2.2701425552368164,,,,
39230,39230,2.2577176094055176,,,,
39231,39231,2.2520313262939453,,,,
39232,39232,2.2547898292541504,,,,
39233,39233,2.258924961090088,,,,
39234,39234,2.254279851913452,,,,
39235,39235,2.258490562438965,,,,
39236,39236,2.2606892585754395,,,,
39237,39237,2.253042221069336,,,,
39238,39238,2.258495569229126,,,,
39239,39239,,2.2447495460510254,,,
39239,39239,2.2447495460510254,,,,
39240,39240,2.248898983001709,,,,
39241,39241,2.2316646575927734,,,,
39242,39242,2.2208456993103027,,,,
39243,39243,2.235417604446411,,,,
39244,39244,2.2376561164855957,,,,
39245,39245,2.220625638961792,,,,
39246,39246,2.2266643047332764,,,,
39247,39247,2.2291741371154785,,,,
39248,39248,2.2210166454315186,,,,
39249,39249,,2.2168965339660645,,,
39249,39249,2.2168965339660645,,,,
39250,39250,2.2191755771636963,,,,
39251,39251,2.218296766281128,,,,
39252,39252,2.2154176235198975,,,,
39253,39253,2.2278926372528076,,,,
39254,39254,2.2264351844787598,,,,
39255,39255,2.253713369369507,,,,
39256,39256,2.2469794750213623,,,,
39257,39257,2.3033952713012695,,,,
39258,39258,2.293811798095703,,,,
39259,39259,,2.300743579864502,,,
39259,39259,2.300743579864502,,,,
39260,39260,2.240710973739624,,,,
39261,39261,2.240595579147339,,,,
39262,39262,2.22589373588562,,,,
39263,39263,2.231005907058716,,,,
39264,39264,2.2555670738220215,,,,
39265,39265,2.2324116230010986,,,,
39266,39266,2.319326639175415,,,,
39267,39267,2.3417580127716064,,,,
39268,39268,2.3423783779144287,,,,
39269,39269,,2.2956645488739014,,,
39269,39269,2.2956645488739014,,,,
39270,39270,2.3063645362854004,,,,
39271,39271,2.2794666290283203,,,,
39272,39272,2.3189024925231934,,,,
39273,39273,2.346710443496704,,,,
39274,39274,2.40879487991333,,,,
39275,39275,2.453322649002075,,,,
39276,39276,2.396441698074341,,,,
39277,39277,2.3187501430511475,,,,
39278,39278,2.318578004837036,,,,
39279,39279,,2.2955055236816406,,,
39279,39279,2.2955055236816406,,,,
39280,39280,2.3796863555908203,,,,
39281,39281,2.47271466255188,,,,
39282,39282,2.4999921321868896,,,,
39283,39283,2.592874765396118,,,,
39284,39284,2.4612677097320557,,,,
39285,39285,2.414508581161499,,,,
39286,39286,2.34230899810791,,,,
39287,39287,2.2208456993103027,,,,
39288,39288,2.1926639080047607,,,,
39289,39289,,2.178380012512207,,,
39289,39289,2.178380012512207,,,,
39290,39290,2.1831796169281006,,,,
39291,39291,2.2758665084838867,,,,
39292,39292,2.267026662826538,,,,
39293,39293,2.305173397064209,,,,
39294,39294,2.251221179962158,,,,
39295,39295,2.2448337078094482,,,,
39296,39296,2.185344696044922,,,,
39297,39297,2.156850576400757,,,,
39298,39298,2.1974713802337646,,,,
39299,39299,,2.2641241550445557,,,
39299,39299,2.2641241550445557,,,,
39300,39300,2.3716282844543457,,,,
39301,39301,2.393765687942505,,,,
39302,39302,2.32344651222229,,,,
39303,39303,2.219701051712036,,,,
39304,39304,2.2107794284820557,,,,
39305,39305,2.1782138347625732,,,,
39306,39306,2.164217948913574,,,,
39307,39307,2.155789375305176,,,,
39308,39308,2.1606297492980957,,,,
39309,39309,,2.192936420440674,,,
39309,39309,2.192936420440674,,,,
39310,39310,2.230761766433716,,,,
39311,39311,2.237605094909668,,,,
39312,39312,2.297583818435669,,,,
39313,39313,2.276602268218994,,,,
39314,39314,2.2655956745147705,,,,
39315,39315,2.197909116744995,,,,
39316,39316,2.1898245811462402,,,,
39317,39317,2.184032440185547,,,,
39318,39318,2.218085765838623,,,,
39319,39319,,2.243983268737793,,,
39319,39319,2.243983268737793,,,,
39320,39320,2.2827954292297363,,,,
39321,39321,2.3252947330474854,,,,
39322,39322,2.3716790676116943,,,,
39323,39323,2.5215232372283936,,,,
39324,39324,2.4312636852264404,,,,
39325,39325,2.458453416824341,,,,
39326,39326,2.3355815410614014,,,,
39327,39327,2.3343381881713867,,,,
39328,39328,2.363715887069702,,,,
39329,39329,,2.474544048309326,,,
39329,39329,2.474544048309326,,,,
39330,39330,2.376957416534424,,,,
39331,39331,2.3832085132598877,,,,
39332,39332,2.2988173961639404,,,,
39333,39333,2.2242836952209473,,,,
39334,39334,2.193234920501709,,,,
39335,39335,2.1461470127105713,,,,
39336,39336,2.1665709018707275,,,,
39337,39337,2.14083194732666,,,,
39338,39338,2.157766103744507,,,,
39339,39339,,2.1529335975646973,,,
39339,39339,2.1529335975646973,,,,
39340,39340,2.2165372371673584,,,,
39341,39341,2.293733835220337,,,,
39342,39342,2.4294865131378174,,,,
39343,39343,2.7988951206207275,,,,
39344,39344,2.550422191619873,,,,
39345,39345,2.6268811225891113,,,,
39346,39346,2.3734617233276367,,,,
39347,39347,2.280647039413452,,,,
39348,39348,2.2252824306488037,,,,
39349,39349,,2.1686453819274902,,,
39349,39349,2.1686453819274902,,,,
39350,39350,2.1613407135009766,,,,
39351,39351,2.148421049118042,,,,
39352,39352,2.1900365352630615,,,,
39353,39353,2.219543933868408,,,,
39354,39354,2.2551231384277344,,,,
39355,39355,2.2985012531280518,,,,
39356,39356,2.3067140579223633,,,,
39357,39357,2.324337959289551,,,,
39358,39358,2.2680742740631104,,,,
39359,39359,,2.2002620697021484,,,
39359,39359,2.2002620697021484,,,,
39360,39360,2.1366522312164307,,,,
39361,39361,2.0902585983276367,,,,
39362,39362,2.0888473987579346,,,,
39363,39363,2.0782907009124756,,,,
39364,39364,2.0911707878112793,,,,
39365,39365,2.1205673217773438,,,,
39366,39366,2.1747851371765137,,,,
39367,39367,2.1575570106506348,,,,
39368,39368,2.162153720855713,,,,
39369,39369,,2.122162103652954,,,
39369,39369,2.122162103652954,,,,
39370,39370,2.0888543128967285,,,,
39371,39371,2.075105667114258,,,,
39372,39372,2.068910837173462,,,,
39373,39373,2.062664270401001,,,,
39374,39374,2.055908203125,,,,
39375,39375,2.0604379177093506,,,,
39376,39376,2.0592048168182373,,,,
39377,39377,2.058676242828369,,,,
39378,39378,2.0584561824798584,,,,
39379,39379,,2.056074619293213,,,
39379,39379,2.056074619293213,,,,
39380,39380,2.052914619445801,,,,
39381,39381,2.0553221702575684,,,,
39382,39382,2.0517780780792236,,,,
39383,39383,2.0581557750701904,,,,
39384,39384,2.06288480758667,,,,
39385,39385,2.0486321449279785,,,,
39386,39386,2.0914499759674072,,,,
39387,39387,2.0789482593536377,,,,
39388,39388,2.1701154708862305,,,,
39389,39389,,2.2701101303100586,,,
39389,39389,2.2701101303100586,,,,
39390,39390,2.411817789077759,,,,
39391,39391,2.70625638961792,,,,
39392,39392,2.4573724269866943,,,,
39393,39393,2.3960909843444824,,,,
39394,39394,2.185072660446167,,,,
39395,39395,2.0448124408721924,,,,
39396,39396,2.028029203414917,,,,
39397,39397,2.1566221714019775,,,,
39398,39398,2.299717426300049,,,,
39399,39399,,2.414869785308838,,,
39399,39399,2.414869785308838,,,,
39400,39400,2.53227162361145,,,,
39401,39401,2.233379364013672,,,,
39402,39402,2.0402700901031494,,,,
39403,39403,2.0289299488067627,,,,
39404,39404,2.1514880657196045,,,,
39405,39405,2.257082462310791,,,,
39406,39406,2.358978748321533,,,,
39407,39407,2.4547243118286133,,,,
39408,39408,2.2165141105651855,,,,
39409,39409,,2.0501866340637207,,,
39409,39409,2.0501866340637207,,,,
39410,39410,2.019167900085449,,,,
39411,39411,2.0359914302825928,,,,
39412,39412,2.1351351737976074,,,,
39413,39413,2.316030502319336,,,,
39414,39414,2.5534141063690186,,,,
39415,39415,2.274608612060547,,,,
39416,39416,2.096198081970215,,,,
39417,39417,2.0221283435821533,,,,
39418,39418,2.0386784076690674,,,,
39419,39419,,2.1956231594085693,,,
39419,39419,2.1956231594085693,,,,
39420,39420,2.3952724933624268,,,,
39421,39421,2.695969581604004,,,,
39422,39422,2.2597904205322266,,,,
39423,39423,2.0341176986694336,,,,
39424,39424,2.011337995529175,,,,
39425,39425,2.1005985736846924,,,,
39426,39426,2.265523672103882,,,,
39427,39427,2.2535033226013184,,,,
39428,39428,2.190868854522705,,,,
39429,39429,,2.084397315979004,,,
39429,39429,2.084397315979004,,,,
39430,39430,2.0067217350006104,,,,
39431,39431,1.9937264919281006,,,,
39432,39432,2.021070957183838,,,,
39433,39433,2.1377339363098145,,,,
39434,39434,2.1831181049346924,,,,
39435,39435,2.1716387271881104,,,,
39436,39436,2.048738718032837,,,,
39437,39437,1.985609769821167,,,,
39438,39438,1.9781593084335327,,,,
39439,39439,,1.9839211702346802,,,
39439,39439,1.9839211702346802,,,,
39440,39440,2.0336453914642334,,,,
39441,39441,2.0524604320526123,,,,
39442,39442,2.0654797554016113,,,,
39443,39443,2.0247201919555664,,,,
39444,39444,1.9850467443466187,,,,
39445,39445,1.9727857112884521,,,,
39446,39446,1.9638385772705078,,,,
39447,39447,1.9605554342269897,,,,
39448,39448,1.9805567264556885,,,,
39449,39449,,1.992075800895691,,,
39449,39449,1.992075800895691,,,,
39450,39450,2.033221483230591,,,,
39451,39451,2.1042118072509766,,,,
39452,39452,2.2044944763183594,,,,
39453,39453,2.1408538818359375,,,,
39454,39454,2.1599280834198,,,,
39455,39455,2.135514736175537,,,,
39456,39456,2.1627583503723145,,,,
39457,39457,2.162989616394043,,,,
39458,39458,2.2600228786468506,,,,
39459,39459,,2.228724241256714,,,
39459,39459,2.228724241256714,,,,
39460,39460,2.450441598892212,,,,
39461,39461,2.459131956100464,,,,
39462,39462,3.1035687923431396,,,,
39463,39463,2.29250431060791,,,,
39464,39464,2.0203356742858887,,,,
39465,39465,1.9519773721694946,,,,
39466,39466,2.0568628311157227,,,,
39467,39467,2.2405405044555664,,,,
39468,39468,2.293769359588623,,,,
39469,39469,,2.5954084396362305,,,
39469,39469,2.5954084396362305,,,,
39470,39470,2.3270857334136963,,,,
39471,39471,2.4342145919799805,,,,
39472,39472,2.1907835006713867,,,,
39473,39473,2.1588385105133057,,,,
39474,39474,2.038156509399414,,,,
39475,39475,1.9712642431259155,,,,
39476,39476,1.9434332847595215,,,,
39477,39477,1.9459424018859863,,,,
39478,39478,1.9871408939361572,,,,
39479,39479,,2.043165445327759,,,
39479,39479,2.043165445327759,,,,
39480,39480,2.0843517780303955,,,,
39481,39481,2.048565626144409,,,,
39482,39482,2.0158090591430664,,,,
39483,39483,2.0005950927734375,,,,
39484,39484,1.948323130607605,,,,
39485,39485,1.930723786354065,,,,
39486,39486,1.9392200708389282,,,,
39487,39487,1.937903642654419,,,,
39488,39488,1.9385673999786377,,,,
39489,39489,,1.9363785982131958,,,
39489,39489,1.9363785982131958,,,,
39490,39490,1.931676983833313,,,,
39491,39491,1.9365012645721436,,,,
39492,39492,1.9375919103622437,,,,
39493,39493,1.9362601041793823,,,,
39494,39494,1.9402732849121094,,,,
39495,39495,1.9378339052200317,,,,
39496,39496,1.9395153522491455,,,,
39497,39497,1.927158236503601,,,,
39498,39498,1.9400291442871094,,,,
39499,39499,,1.9415092468261719,,,
39499,39499,,,0.16782507300376892,172.26817321777344,96.73773956298828
39499,39499,1.9415092468261719,,,,
39500,39500,1.9556492567062378,,,,
39501,39501,1.962604284286499,,,,
39502,39502,2.041806221008301,,,,
39503,39503,2.382305383682251,,,,
39504,39504,3.869034767150879,,,,
39505,39505,2.2779667377471924,,,,
39506,39506,1.9596939086914062,,,,
39507,39507,1.9451303482055664,,,,
39508,39508,2.0865635871887207,,,,
39509,39509,,2.562349319458008,,,
39509,39509,2.562349319458008,,,,
39510,39510,2.7388248443603516,,,,
39511,39511,3.955277681350708,,,,
39512,39512,1.974515438079834,,,,
39513,39513,3.95585560798645,,,,
39514,39514,10.518988609313965,,,,
39515,39515,10.077425956726074,,,,
39516,39516,2.5936667919158936,,,,
39517,39517,9.968779563903809,,,,
39518,39518,29.280790328979492,,,,
39519,39519,,46.36383056640625,,,
39519,39519,46.36383056640625,,,,
39520,39520,31.612199783325195,,,,
39521,39521,10.391221046447754,,,,
39522,39522,190.48614501953125,,,,
39523,39523,135.4755859375,,,,
39524,39524,236.25912475585938,,,,
39525,39525,307.3534851074219,,,,
39526,39526,358.5492858886719,,,,
39527,39527,394.8756103515625,,,,
39528,39528,419.8487548828125,,,,
39529,39529,,435.5166015625,,,
39529,39529,435.5166015625,,,,
39530,39530,443.9993896484375,,,,
39531,39531,446.64630126953125,,,,
39532,39532,444.6268310546875,,,,
39533,39533,439.16412353515625,,,,
39534,39534,430.6678771972656,,,,
39535,39535,420.0074462890625,,,,
39536,39536,407.75274658203125,,,,
39537,39537,394.1114196777344,,,,
39538,39538,379.5199890136719,,,,
39539,39539,,364.28338623046875,,,
39539,39539,364.28338623046875,,,,
39540,39540,348.7054138183594,,,,
39541,39541,333.05694580078125,,,,
39542,39542,317.49224853515625,,,,
39543,39543,302.2903137207031,,,,
39544,39544,287.3592529296875,,,,
39545,39545,272.9241027832031,,,,
39546,39546,258.8934631347656,,,,
39547,39547,245.41989135742188,,,,
39548,39548,232.45919799804688,,,,
39549,39549,,220.06817626953125,,,
39549,39549,220.06817626953125,,,,
39550,39550,208.2435302734375,,,,
39551,39551,197.1474151611328,,,,
39552,39552,186.4773712158203,,,,
39553,39553,176.18429565429688,,,,
39554,39554,166.40045166015625,,,,
39555,39555,157.289794921875,,,,
39556,39556,148.88011169433594,,,,
39557,39557,141.03399658203125,,,,
39558,39558,133.73916625976562,,,,
39559,39559,,127.08556365966797,,,
39559,39559,127.08556365966797,,,,
39560,39560,120.88924407958984,,,,
39561,39561,115.0592041015625,,,,
39562,39562,109.7717056274414,,,,
39563,39563,104.92976379394531,,,,
39564,39564,100.5380859375,,,,
39565,39565,96.53109741210938,,,,
39566,39566,92.73849487304688,,,,
39567,39567,89.21033477783203,,,,
39568,39568,86.03370666503906,,,,
39569,39569,,83.19615936279297,,,
39569,39569,83.19615936279297,,,,
39570,39570,80.67577362060547,,,,
39571,39571,78.33576965332031,,,,
39572,39572,76.15821838378906,,,,
39573,39573,74.20309448242188,,,,
39574,39574,72.44744110107422,,,,
39575,39575,70.92842102050781,,,,
39576,39576,69.62034606933594,,,,
39577,39577,68.4507064819336,,,,
39578,39578,67.41899108886719,,,,
39579,39579,,66.43025207519531,,,
39579,39579,66.43025207519531,,,,
39580,39580,65.5770263671875,,,,
39581,39581,64.75579071044922,,,,
39582,39582,64.01950073242188,,,,
39583,39583,63.37860870361328,,,,
39584,39584,62.810020446777344,,,,
39585,39585,62.2525520324707,,,,
39586,39586,61.7281379699707,,,,
39587,39587,61.20260238647461,,,,
39588,39588,60.71514892578125,,,,
39589,39589,,60.2366828918457,,,
39589,39589,60.2366828918457,,,,
39590,39590,59.85687255859375,,,,
39591,39591,59.43288803100586,,,,
39592,39592,59.06026077270508,,,,
39593,39593,58.66802978515625,,,,
39594,39594,58.2745361328125,,,,
39595,39595,57.88645935058594,,,,
39596,39596,57.516807556152344,,,,
39597,39597,57.17542266845703,,,,
39598,39598,56.84556198120117,,,,
39599,39599,,56.54022216796875,,,
39599,39599,56.54022216796875,,,,
39600,39600,56.24367141723633,,,,
39601,39601,55.91551208496094,,,,
39602,39602,55.62653350830078,,,,
39603,39603,55.33102035522461,,,,
39604,39604,55.04765319824219,,,,
39605,39605,54.75878143310547,,,,
39606,39606,54.45783233642578,,,,
39607,39607,54.175045013427734,,,,
39608,39608,53.891178131103516,,,,
39609,39609,,53.61138916015625,,,
39609,39609,53.61138916015625,,,,
39610,39610,53.34468078613281,,,,
39611,39611,53.10009765625,,,,
39612,39612,52.854007720947266,,,,
39613,39613,52.63850402832031,,,,
39614,39614,52.442535400390625,,,,
39615,39615,52.26191329956055,,,,
39616,39616,52.07491683959961,,,,
39617,39617,51.897850036621094,,,,
39618,39618,51.70685577392578,,,,
39619,39619,,51.5404052734375,,,
39619,39619,51.5404052734375,,,,
39620,39620,51.37541961669922,,,,
39621,39621,51.223384857177734,,,,
39622,39622,51.06301498413086,,,,
39623,39623,50.892906188964844,,,,
39624,39624,50.741065979003906,,,,
39625,39625,50.593326568603516,,,,
39626,39626,50.44013214111328,,,,
39627,39627,50.28948974609375,,,,
39628,39628,50.160491943359375,,,,
39629,39629,,49.99482727050781,,,
39629,39629,49.99482727050781,,,,
39630,39630,49.85650634765625,,,,
39631,39631,49.7266731262207,,,,
39632,39632,49.58327865600586,,,,
39633,39633,49.44526290893555,,,,
39634,39634,49.30845260620117,,,,
39635,39635,49.183719635009766,,,,
39636,39636,49.03935241699219,,,,
39637,39637,48.90836715698242,,,,
39638,39638,48.78789520263672,,,,
39639,39639,,48.65394592285156,,,
39639,39639,48.65394592285156,,,,
39640,39640,48.52009963989258,,,,
39641,39641,48.40471649169922,,,,
39642,39642,48.278663635253906,,,,
39643,39643,48.143646240234375,,,,
39644,39644,48.042022705078125,,,,
39645,39645,47.92038345336914,,,,
39646,39646,47.81813049316406,,,,
39647,39647,47.71815490722656,,,,
39648,39648,47.58736038208008,,,,
39649,39649,,47.476036071777344,,,
39649,39649,47.476036071777344,,,,
39650,39650,47.37397766113281,,,,
39651,39651,47.27716827392578,,,,
39652,39652,47.174076080322266,,,,
39653,39653,47.08039474487305,,,,
39654,39654,46.99797058105469,,,,
39655,39655,46.89051818847656,,,,
39656,39656,46.803619384765625,,,,
39657,39657,46.706356048583984,,,,
39658,39658,46.6165885925293,,,,
39659,39659,,46.538700103759766,,,
39659,39659,46.538700103759766,,,,
39660,39660,46.452552795410156,,,,
39661,39661,46.36800003051758,,,,
39662,39662,46.28563690185547,,,,
39663,39663,46.197998046875,,,,
39664,39664,46.13535690307617,,,,
39665,39665,46.06708908081055,,,,
39666,39666,45.98861312866211,,,,
39667,39667,45.91703414916992,,,,
39668,39668,45.86124801635742,,,,
39669,39669,,45.790924072265625,,,
39669,39669,45.790924072265625,,,,
39670,39670,45.710018157958984,,,,
39671,39671,45.63827133178711,,,,
39672,39672,45.557952880859375,,,,
39673,39673,45.48648452758789,,,,
39674,39674,45.392520904541016,,,,
39675,39675,45.32966232299805,,,,
39676,39676,45.252689361572266,,,,
39677,39677,45.17707443237305,,,,
39678,39678,45.12445068359375,,,,
39679,39679,,45.0517578125,,,
39679,39679,45.0517578125,,,,
39680,39680,44.99026870727539,,,,
39681,39681,44.937660217285156,,,,
39682,39682,44.85464096069336,,,,
39683,39683,44.7928466796875,,,,
39684,39684,44.72227096557617,,,,
39685,39685,44.646358489990234,,,,
39686,39686,44.57276153564453,,,,
39687,39687,44.5070686340332,,,,
39688,39688,44.45705795288086,,,,
39689,39689,,44.39796447753906,,,
39689,39689,44.39796447753906,,,,
39690,39690,44.331912994384766,,,,
39691,39691,44.273651123046875,,,,
39692,39692,44.20646667480469,,,,
39693,39693,44.141639709472656,,,,
39694,39694,44.073997497558594,,,,
39695,39695,44.00592803955078,,,,
39696,39696,43.93296432495117,,,,
39697,39697,43.855777740478516,,,,
39698,39698,43.7877311706543,,,,
39699,39699,,43.708316802978516,,,
39699,39699,43.708316802978516,,,,
39700,39700,43.65022659301758,,,,
39701,39701,43.584922790527344,,,,
39702,39702,43.521514892578125,,,,
39703,39703,43.45489501953125,,,,
39704,39704,43.38304138183594,,,,
39705,39705,43.322025299072266,,,,
39706,39706,43.25098419189453,,,,
39707,39707,43.1975212097168,,,,
39708,39708,43.129905700683594,,,,
39709,39709,,43.05332565307617,,,
39709,39709,43.05332565307617,,,,
39710,39710,42.98160934448242,,,,
39711,39711,42.9260139465332,,,,
39712,39712,42.853912353515625,,,,
39713,39713,42.7823486328125,,,,
39714,39714,42.710655212402344,,,,
39715,39715,42.619384765625,,,,
39716,39716,42.5399284362793,,,,
39717,39717,42.472652435302734,,,,
39718,39718,42.39320373535156,,,,
39719,39719,,42.33064270019531,,,
39719,39719,42.33064270019531,,,,
39720,39720,42.26557159423828,,,,
39721,39721,42.202293395996094,,,,
39722,39722,42.11591339111328,,,,
39723,39723,42.009742736816406,,,,
39724,39724,41.934051513671875,,,,
39725,39725,41.838172912597656,,,,
39726,39726,41.73060989379883,,,,
39727,39727,41.668731689453125,,,,
39728,39728,41.584774017333984,,,,
39729,39729,,41.48363494873047,,,
39729,39729,41.48363494873047,,,,
39730,39730,41.39485549926758,,,,
39731,39731,41.2814826965332,,,,
39732,39732,41.181121826171875,,,,
39733,39733,41.08986282348633,,,,
39734,39734,40.968605041503906,,,,
39735,39735,40.8504524230957,,,,
39736,39736,40.738685607910156,,,,
39737,39737,40.588035583496094,,,,
39738,39738,40.441627502441406,,,,
39739,39739,,40.27885055541992,,,
39739,39739,40.27885055541992,,,,
39740,39740,40.121864318847656,,,,
39741,39741,39.965431213378906,,,,
39742,39742,39.83220291137695,,,,
39743,39743,39.717750549316406,,,,
39744,39744,39.594661712646484,,,,
39745,39745,39.463809967041016,,,,
39746,39746,39.35129165649414,,,,
39747,39747,39.20900344848633,,,,
39748,39748,39.08226013183594,,,,
39749,39749,,38.980262756347656,,,
39749,39749,38.980262756347656,,,,
39750,39750,38.872276306152344,,,,
39751,39751,38.772972106933594,,,,
39752,39752,38.66569900512695,,,,
39753,39753,38.5652961730957,,,,
39754,39754,38.45826721191406,,,,
39755,39755,38.35315704345703,,,,
39756,39756,38.25654983520508,,,,
39757,39757,38.145633697509766,,,,
39758,39758,38.03807067871094,,,,
39759,39759,,37.94725799560547,,,
39759,39759,37.94725799560547,,,,
39760,39760,37.83147430419922,,,,
39761,39761,37.74333190917969,,,,
39762,39762,37.6700439453125,,,,
39763,39763,37.57127380371094,,,,
39764,39764,37.476444244384766,,,,
39765,39765,37.380401611328125,,,,
39766,39766,37.293758392333984,,,,
39767,39767,37.17729187011719,,,,
39768,39768,37.08845138549805,,,,
39769,39769,,36.98481369018555,,,
39769,39769,36.98481369018555,,,,
39770,39770,36.88846969604492,,,,
39771,39771,36.78969192504883,,,,
39772,39772,36.698028564453125,,,,
39773,39773,36.607872009277344,,,,
39774,39774,36.5322151184082,,,,
39775,39775,36.448486328125,,,,
39776,39776,36.36874771118164,,,,
39777,39777,36.27272415161133,,,,
39778,39778,36.163414001464844,,,,
39779,39779,,36.09718704223633,,,
39779,39779,36.09718704223633,,,,
39780,39780,36.020782470703125,,,,
39781,39781,35.926876068115234,,,,
39782,39782,35.834716796875,,,,
39783,39783,35.744354248046875,,,,
39784,39784,35.65008544921875,,,,
39785,39785,35.54953384399414,,,,
39786,39786,35.449424743652344,,,,
39787,39787,35.378875732421875,,,,
39788,39788,35.296669006347656,,,,
39789,39789,,35.203956604003906,,,
39789,39789,35.203956604003906,,,,
39790,39790,35.12467575073242,,,,
39791,39791,35.04788589477539,,,,
39792,39792,34.930240631103516,,,,
39793,39793,34.85797119140625,,,,
39794,39794,34.77024841308594,,,,
39795,39795,34.69591522216797,,,,
39796,39796,34.60576248168945,,,,
39797,39797,34.543251037597656,,,,
39798,39798,34.44719696044922,,,,
39799,39799,,34.349124908447266,,,
39799,39799,34.349124908447266,,,,
39800,39800,34.30169677734375,,,,
39801,39801,34.234161376953125,,,,
39802,39802,34.14408874511719,,,,
39803,39803,34.062225341796875,,,,
39804,39804,33.981719970703125,,,,
39805,39805,33.88018035888672,,,,
39806,39806,33.81022644042969,,,,
39807,39807,33.73496627807617,,,,
39808,39808,33.64706802368164,,,,
39809,39809,,33.58380126953125,,,
39809,39809,33.58380126953125,,,,
39810,39810,33.51942443847656,,,,
39811,39811,33.42850112915039,,,,
39812,39812,33.367431640625,,,,
39813,39813,33.30411911010742,,,,
39814,39814,33.245235443115234,,,,
39815,39815,33.17703628540039,,,,
39816,39816,33.100948333740234,,,,
39817,39817,33.029273986816406,,,,
39818,39818,32.981876373291016,,,,
39819,39819,,32.89299011230469,,,
39819,39819,32.89299011230469,,,,
39820,39820,32.8424186706543,,,,
39821,39821,32.77166748046875,,,,
39822,39822,32.72776794433594,,,,
39823,39823,32.65263366699219,,,,
39824,39824,32.587642669677734,,,,
39825,39825,32.5324821472168,,,,
39826,39826,32.49317169189453,,,,
39827,39827,32.43815612792969,,,,
39828,39828,32.39108657836914,,,,
39829,39829,,32.33641052246094,,,
39829,39829,32.33641052246094,,,,
39830,39830,32.27554702758789,,,,
39831,39831,32.21890640258789,,,,
39832,39832,32.161338806152344,,,,
39833,39833,32.11296463012695,,,,
39834,39834,32.07044219970703,,,,
39835,39835,32.0148811340332,,,,
39836,39836,31.96505355834961,,,,
39837,39837,31.90768051147461,,,,
39838,39838,31.84380531311035,,,,
39839,39839,,31.807926177978516,,,
39839,39839,31.807926177978516,,,,
39840,39840,31.770212173461914,,,,
39841,39841,31.71797752380371,,,,
39842,39842,31.63991355895996,,,,
39843,39843,31.60763168334961,,,,
39844,39844,31.54352569580078,,,,
39845,39845,31.453882217407227,,,,
39846,39846,31.423717498779297,,,,
39847,39847,31.39658546447754,,,,
39848,39848,31.358427047729492,,,,
39849,39849,,31.33180046081543,,,
39849,39849,31.33180046081543,,,,
39850,39850,31.283830642700195,,,,
39851,39851,31.229812622070312,,,,
39852,39852,31.189359664916992,,,,
39853,39853,31.115198135375977,,,,
39854,39854,31.06378173828125,,,,
39855,39855,31.008623123168945,,,,
39856,39856,30.941143035888672,,,,
39857,39857,30.88986587524414,,,,
39858,39858,30.828601837158203,,,,
39859,39859,,30.782665252685547,,,
39859,39859,30.782665252685547,,,,
39860,39860,30.735000610351562,,,,
39861,39861,30.690114974975586,,,,
39862,39862,30.64026641845703,,,,
39863,39863,30.6109561920166,,,,
39864,39864,30.58015251159668,,,,
39865,39865,30.553922653198242,,,,
39866,39866,30.52715492248535,,,,
39867,39867,30.493432998657227,,,,
39868,39868,30.437419891357422,,,,
39869,39869,,30.375078201293945,,,
39869,39869,30.375078201293945,,,,
39870,39870,30.341827392578125,,,,
39871,39871,30.29850196838379,,,,
39872,39872,30.26172637939453,,,,
39873,39873,30.223785400390625,,,,
39874,39874,30.1972599029541,,,,
39875,39875,30.168598175048828,,,,
39876,39876,30.129186630249023,,,,
39877,39877,30.1036376953125,,,,
39878,39878,30.05232048034668,,,,
39879,39879,,30.00516128540039,,,
39879,39879,30.00516128540039,,,,
39880,39880,29.936986923217773,,,,
39881,39881,29.891284942626953,,,,
39882,39882,29.839906692504883,,,,
39883,39883,29.798423767089844,,,,
39884,39884,29.75372314453125,,,,
39885,39885,29.691213607788086,,,,
39886,39886,29.662092208862305,,,,
39887,39887,29.63199806213379,,,,
39888,39888,29.581533432006836,,,,
39889,39889,,29.509849548339844,,,
39889,39889,29.509849548339844,,,,
39890,39890,29.501754760742188,,,,
39891,39891,29.464048385620117,,,,
39892,39892,29.420928955078125,,,,
39893,39893,29.372882843017578,,,,
39894,39894,29.329910278320312,,,,
39895,39895,29.310829162597656,,,,
39896,39896,29.258195877075195,,,,
39897,39897,29.21859359741211,,,,
39898,39898,29.175579071044922,,,,
39899,39899,,29.14214324951172,,,
39899,39899,29.14214324951172,,,,
39900,39900,29.098770141601562,,,,
39901,39901,29.057188034057617,,,,
39902,39902,28.997129440307617,,,,
39903,39903,28.960554122924805,,,,
39904,39904,28.941783905029297,,,,
39905,39905,28.895795822143555,,,,
39906,39906,28.867130279541016,,,,
39907,39907,28.852956771850586,,,,
39908,39908,28.81572914123535,,,,
39909,39909,,28.79104232788086,,,
39909,39909,28.79104232788086,,,,
39910,39910,28.743099212646484,,,,
39911,39911,28.710750579833984,,,,
39912,39912,28.638582229614258,,,,
39913,39913,28.595298767089844,,,,
39914,39914,28.575698852539062,,,,
39915,39915,28.503612518310547,,,,
39916,39916,28.463327407836914,,,,
39917,39917,28.42557716369629,,,,
39918,39918,28.343814849853516,,,,
39919,39919,,28.300535202026367,,,
39919,39919,28.300535202026367,,,,
39920,39920,28.241605758666992,,,,
39921,39921,28.214815139770508,,,,
39922,39922,28.152938842773438,,,,
39923,39923,28.10064697265625,,,,
39924,39924,28.074140548706055,,,,
39925,39925,28.06023597717285,,,,
39926,39926,27.997211456298828,,,,
39927,39927,27.987777709960938,,,,
39928,39928,27.957590103149414,,,,
39929,39929,,27.912343978881836,,,
39929,39929,27.912343978881836,,,,
39930,39930,27.875341415405273,,,,
39931,39931,27.82948112487793,,,,
39932,39932,27.790525436401367,,,,
39933,39933,27.751916885375977,,,,
39934,39934,27.715652465820312,,,,
39935,39935,27.673471450805664,,,,
39936,39936,27.635452270507812,,,,
39937,39937,27.606342315673828,,,,
39938,39938,27.544174194335938,,,,
39939,39939,,27.465726852416992,,,
39939,39939,27.465726852416992,,,,
39940,39940,27.39375877380371,,,,
39941,39941,27.33218002319336,,,,
39942,39942,27.304853439331055,,,,
39943,39943,27.242624282836914,,,,
39944,39944,27.194913864135742,,,,
39945,39945,27.161157608032227,,,,
39946,39946,27.106342315673828,,,,
39947,39947,27.071949005126953,,,,
39948,39948,27.033700942993164,,,,
39949,39949,,26.98731803894043,,,
39949,39949,26.98731803894043,,,,
39950,39950,26.938966751098633,,,,
39951,39951,26.905866622924805,,,,
39952,39952,26.857751846313477,,,,
39953,39953,26.828006744384766,,,,
39954,39954,26.749801635742188,,,,
39955,39955,26.71199607849121,,,,
39956,39956,26.676565170288086,,,,
39957,39957,26.650989532470703,,,,
39958,39958,26.6109676361084,,,,
39959,39959,,26.52308464050293,,,
39959,39959,26.52308464050293,,,,
39960,39960,26.462650299072266,,,,
39961,39961,26.39724349975586,,,,
39962,39962,26.347755432128906,,,,
39963,39963,26.218320846557617,,,,
39964,39964,26.116683959960938,,,,
39965,39965,26.03355598449707,,,,
39966,39966,25.920106887817383,,,,
39967,39967,25.903589248657227,,,,
39968,39968,25.80158042907715,,,,
39969,39969,,25.726032257080078,,,
39969,39969,25.726032257080078,,,,
39970,39970,25.582725524902344,,,,
39971,39971,25.48565673828125,,,,
39972,39972,25.325515747070312,,,,
39973,39973,25.194286346435547,,,,
39974,39974,25.03812026977539,,,,
39975,39975,24.93477439880371,,,,
39976,39976,24.83737564086914,,,,
39977,39977,24.697154998779297,,,,
39978,39978,24.585275650024414,,,,
39979,39979,,24.461748123168945,,,
39979,39979,24.461748123168945,,,,
39980,39980,24.389028549194336,,,,
39981,39981,24.25651741027832,,,,
39982,39982,24.177528381347656,,,,
39983,39983,24.04607582092285,,,,
39984,39984,23.893516540527344,,,,
39985,39985,23.744354248046875,,,,
39986,39986,23.632871627807617,,,,
39987,39987,23.53138542175293,,,,
39988,39988,23.392946243286133,,,,
39989,39989,,23.284624099731445,,,
39989,39989,23.284624099731445,,,,
39990,39990,23.18675422668457,,,,
39991,39991,23.118011474609375,,,,
39992,39992,23.006067276000977,,,,
39993,39993,22.90330696105957,,,,
39994,39994,22.809803009033203,,,,
39995,39995,22.695951461791992,,,,
39996,39996,22.59617042541504,,,,
39997,39997,22.522438049316406,,,,
39998,39998,22.416723251342773,,,,
39999,39999,,22.392013549804688,,,
39999,39999,,,0.15584596991539001,148.55337524414062,96.73773956298828
39999,39999,22.392013549804688,,,,
40000,40000,22.250465393066406,,,,
40001,40001,22.227529525756836,,,,
40002,40002,22.177940368652344,,,,
40003,40003,22.114696502685547,,,,
40004,40004,22.04271125793457,,,,
40005,40005,21.997905731201172,,,,
40006,40006,21.957897186279297,,,,
40007,40007,21.873462677001953,,,,
40008,40008,21.76946449279785,,,,
40009,40009,,21.699087142944336,,,
40009,40009,21.699087142944336,,,,
40010,40010,21.675888061523438,,,,
40011,40011,21.64611053466797,,,,
40012,40012,21.568761825561523,,,,
40013,40013,21.470653533935547,,,,
40014,40014,21.413551330566406,,,,
40015,40015,21.343233108520508,,,,
40016,40016,21.2846622467041,,,,
40017,40017,21.232925415039062,,,,
40018,40018,21.163982391357422,,,,
40019,40019,,21.096826553344727,,,
40019,40019,21.096826553344727,,,,
40020,40020,20.974313735961914,,,,
40021,40021,20.917444229125977,,,,
40022,40022,20.836807250976562,,,,
40023,40023,20.768930435180664,,,,
40024,40024,20.689987182617188,,,,
40025,40025,20.637958526611328,,,,
40026,40026,20.57803726196289,,,,
40027,40027,20.547515869140625,,,,
40028,40028,20.42633628845215,,,,
40029,40029,,20.32109260559082,,,
40029,40029,20.32109260559082,,,,
40030,40030,20.242704391479492,,,,
40031,40031,20.164888381958008,,,,
40032,40032,20.041791915893555,,,,
40033,40033,19.927165985107422,,,,
40034,40034,19.865982055664062,,,,
40035,40035,19.826541900634766,,,,
40036,40036,19.79849624633789,,,,
40037,40037,19.730886459350586,,,,
40038,40038,19.655292510986328,,,,
40039,40039,,19.51504898071289,,,
40039,40039,19.51504898071289,,,,
40040,40040,19.44186019897461,,,,
40041,40041,19.337554931640625,,,,
40042,40042,19.269878387451172,,,,
40043,40043,19.19352912902832,,,,
40044,40044,19.154987335205078,,,,
40045,40045,19.115324020385742,,,,
40046,40046,18.983068466186523,,,,
40047,40047,18.834495544433594,,,,
40048,40048,18.743789672851562,,,,
40049,40049,,18.660179138183594,,,
40049,40049,18.660179138183594,,,,
40050,40050,18.614543914794922,,,,
40051,40051,18.528867721557617,,,,
40052,40052,18.464218139648438,,,,
40053,40053,18.39323616027832,,,,
40054,40054,18.351715087890625,,,,
40055,40055,18.23872947692871,,,,
40056,40056,18.14096450805664,,,,
40057,40057,18.09804344177246,,,,
40058,40058,18.0417537689209,,,,
40059,40059,,18.010385513305664,,,
40059,40059,18.010385513305664,,,,
40060,40060,17.895517349243164,,,,
40061,40061,17.838037490844727,,,,
40062,40062,17.827573776245117,,,,
40063,40063,17.793231964111328,,,,
40064,40064,17.765918731689453,,,,
40065,40065,17.698701858520508,,,,
40066,40066,17.647165298461914,,,,
40067,40067,17.552555084228516,,,,
40068,40068,17.482280731201172,,,,
40069,40069,,17.51018714904785,,,
40069,40069,17.51018714904785,,,,
40070,40070,17.49179458618164,,,,
40071,40071,17.498342514038086,,,,
40072,40072,17.419279098510742,,,,
40073,40073,17.340282440185547,,,,
40074,40074,17.281967163085938,,,,
40075,40075,17.288700103759766,,,,
40076,40076,17.24602508544922,,,,
40077,40077,17.1955623626709,,,,
40078,40078,17.111942291259766,,,,
40079,40079,,17.060043334960938,,,
40079,40079,17.060043334960938,,,,
40080,40080,17.070476531982422,,,,
40081,40081,17.008392333984375,,,,
40082,40082,16.938533782958984,,,,
40083,40083,16.984699249267578,,,,
40084,40084,16.915430068969727,,,,
40085,40085,16.884353637695312,,,,
40086,40086,16.87635040283203,,,,
40087,40087,16.87019157409668,,,,
40088,40088,16.817527770996094,,,,
40089,40089,,16.78779411315918,,,
40089,40089,16.78779411315918,,,,
40090,40090,16.731407165527344,,,,
40091,40091,16.72589683532715,,,,
40092,40092,16.7242431640625,,,,
40093,40093,16.66681671142578,,,,
40094,40094,16.610380172729492,,,,
40095,40095,16.60709571838379,,,,
40096,40096,16.541593551635742,,,,
40097,40097,16.541086196899414,,,,
40098,40098,16.582380294799805,,,,
40099,40099,,16.51956558227539,,,
40099,40099,16.51956558227539,,,,
40100,40100,16.50360107421875,,,,
40101,40101,16.468626022338867,,,,
40102,40102,16.41360092163086,,,,
40103,40103,16.31627655029297,,,,
40104,40104,16.281719207763672,,,,
40105,40105,16.246021270751953,,,,
40106,40106,16.202455520629883,,,,
40107,40107,16.16952896118164,,,,
40108,40108,16.175914764404297,,,,
40109,40109,,16.135831832885742,,,
40109,40109,16.135831832885742,,,,
40110,40110,16.077369689941406,,,,
40111,40111,16.029510498046875,,,,
40112,40112,16.109437942504883,,,,
40113,40113,16.03822898864746,,,,
40114,40114,16.015954971313477,,,,
40115,40115,15.929781913757324,,,,
40116,40116,15.834012031555176,,,,
40117,40117,15.744033813476562,,,,
40118,40118,15.728555679321289,,,,
40119,40119,,15.718291282653809,,,
40119,40119,15.718291282653809,,,,
40120,40120,15.671568870544434,,,,
40121,40121,15.632514953613281,,,,
40122,40122,15.658516883850098,,,,
40123,40123,15.615639686584473,,,,
40124,40124,15.582976341247559,,,,
40125,40125,15.551725387573242,,,,
40126,40126,15.46550464630127,,,,
40127,40127,15.453661918640137,,,,
40128,40128,15.441967010498047,,,,
40129,40129,,15.393631935119629,,,
40129,40129,15.393631935119629,,,,
40130,40130,15.364535331726074,,,,
40131,40131,15.29409122467041,,,,
40132,40132,15.25604248046875,,,,
40133,40133,15.268333435058594,,,,
40134,40134,15.217243194580078,,,,
40135,40135,15.172236442565918,,,,
40136,40136,15.122389793395996,,,,
40137,40137,15.096637725830078,,,,
40138,40138,15.098102569580078,,,,
40139,40139,,15.074542999267578,,,
40139,40139,15.074542999267578,,,,
40140,40140,15.048142433166504,,,,
40141,40141,14.999516487121582,,,,
40142,40142,14.93062686920166,,,,
40143,40143,14.934822082519531,,,,
40144,40144,14.861581802368164,,,,
40145,40145,14.839801788330078,,,,
40146,40146,14.769079208374023,,,,
40147,40147,14.735879898071289,,,,
40148,40148,14.714110374450684,,,,
40149,40149,,14.67864990234375,,,
40149,40149,14.67864990234375,,,,
40150,40150,14.63265609741211,,,,
40151,40151,14.607682228088379,,,,
40152,40152,14.611749649047852,,,,
40153,40153,14.549991607666016,,,,
40154,40154,14.547560691833496,,,,
40155,40155,14.561291694641113,,,,
40156,40156,14.468810081481934,,,,
40157,40157,14.41022777557373,,,,
40158,40158,14.402962684631348,,,,
40159,40159,,14.345907211303711,,,
40159,40159,14.345907211303711,,,,
40160,40160,14.306333541870117,,,,
40161,40161,14.266535758972168,,,,
40162,40162,14.206438064575195,,,,
40163,40163,14.134714126586914,,,,
40164,40164,14.148713111877441,,,,
40165,40165,14.131972312927246,,,,
40166,40166,14.066909790039062,,,,
40167,40167,14.024455070495605,,,,
40168,40168,13.945294380187988,,,,
40169,40169,,13.89224624633789,,,
40169,40169,13.89224624633789,,,,
40170,40170,13.926795959472656,,,,
40171,40171,13.86695671081543,,,,
40172,40172,13.815389633178711,,,,
40173,40173,13.787565231323242,,,,
40174,40174,13.733475685119629,,,,
40175,40175,13.697855949401855,,,,
40176,40176,13.648608207702637,,,,
40177,40177,13.595009803771973,,,,
40178,40178,13.568148612976074,,,,
40179,40179,,13.54716682434082,,,
40179,40179,13.54716682434082,,,,
40180,40180,13.54109001159668,,,,
40181,40181,13.495972633361816,,,,
40182,40182,13.437623977661133,,,,
40183,40183,13.41539192199707,,,,
40184,40184,13.39734935760498,,,,
40185,40185,13.35580062866211,,,,
40186,40186,13.317118644714355,,,,
40187,40187,13.330554962158203,,,,
40188,40188,13.272619247436523,,,,
40189,40189,,13.256890296936035,,,
40189,40189,13.256890296936035,,,,
40190,40190,13.226806640625,,,,
40191,40191,13.15993881225586,,,,
40192,40192,13.156875610351562,,,,
40193,40193,13.196248054504395,,,,
40194,40194,13.189720153808594,,,,
40195,40195,13.1627779006958,,,,
40196,40196,13.100440979003906,,,,
40197,40197,13.028048515319824,,,,
40198,40198,12.993706703186035,,,,
40199,40199,,12.94472885131836,,,
40199,40199,12.94472885131836,,,,
40200,40200,12.89499568939209,,,,
40201,40201,12.871562004089355,,,,
40202,40202,12.817456245422363,,,,
40203,40203,12.822360038757324,,,,
40204,40204,12.78911018371582,,,,
40205,40205,12.743849754333496,,,,
40206,40206,12.690253257751465,,,,
40207,40207,12.667475700378418,,,,
40208,40208,12.605796813964844,,,,
40209,40209,,12.588102340698242,,,
40209,40209,12.588102340698242,,,,
40210,40210,12.508613586425781,,,,
40211,40211,12.478581428527832,,,,
40212,40212,12.484663009643555,,,,
40213,40213,12.477035522460938,,,,
40214,40214,12.422924995422363,,,,
40215,40215,12.384971618652344,,,,
40216,40216,12.376408576965332,,,,
40217,40217,12.339499473571777,,,,
40218,40218,12.33399772644043,,,,
40219,40219,,12.2975492477417,,,
40219,40219,12.2975492477417,,,,
40220,40220,12.23992919921875,,,,
40221,40221,12.18941879272461,,,,
40222,40222,12.159895896911621,,,,
40223,40223,12.130184173583984,,,,
40224,40224,12.107370376586914,,,,
40225,40225,12.065644264221191,,,,
40226,40226,12.034774780273438,,,,
40227,40227,12.020607948303223,,,,
40228,40228,11.98543643951416,,,,
40229,40229,,11.956586837768555,,,
40229,40229,11.956586837768555,,,,
40230,40230,11.944655418395996,,,,
40231,40231,11.916791915893555,,,,
40232,40232,11.91018009185791,,,,
40233,40233,11.843326568603516,,,,
40234,40234,11.774145126342773,,,,
40235,40235,11.735994338989258,,,,
40236,40236,11.69070816040039,,,,
40237,40237,11.687726020812988,,,,
40238,40238,11.647404670715332,,,,
40239,40239,,11.595566749572754,,,
40239,40239,11.595566749572754,,,,
40240,40240,11.539300918579102,,,,
40241,40241,11.505672454833984,,,,
40242,40242,11.46196460723877,,,,
40243,40243,11.412581443786621,,,,
40244,40244,11.365668296813965,,,,
40245,40245,11.320394515991211,,,,
40246,40246,11.334674835205078,,,,
40247,40247,11.341104507446289,,,,
40248,40248,11.304720878601074,,,,
40249,40249,,11.262537956237793,,,
40249,40249,11.262537956237793,,,,
40250,40250,11.235393524169922,,,,
40251,40251,11.198016166687012,,,,
40252,40252,11.184015274047852,,,,
40253,40253,11.164139747619629,,,,
40254,40254,11.135696411132812,,,,
40255,40255,11.05776596069336,,,,
40256,40256,10.99170207977295,,,,
40257,40257,10.975035667419434,,,,
40258,40258,10.952515602111816,,,,
40259,40259,,10.918309211730957,,,
40259,40259,10.918309211730957,,,,
40260,40260,10.91132640838623,,,,
40261,40261,10.870088577270508,,,,
40262,40262,10.853558540344238,,,,
40263,40263,10.857234954833984,,,,
40264,40264,10.810433387756348,,,,
40265,40265,10.779631614685059,,,,
40266,40266,10.746454238891602,,,,
40267,40267,10.737922668457031,,,,
40268,40268,10.738688468933105,,,,
40269,40269,,10.679120063781738,,,
40269,40269,10.679120063781738,,,,
40270,40270,10.644631385803223,,,,
40271,40271,10.599380493164062,,,,
40272,40272,10.585001945495605,,,,
40273,40273,10.534224510192871,,,,
40274,40274,10.509793281555176,,,,
40275,40275,10.491410255432129,,,,
40276,40276,10.465733528137207,,,,
40277,40277,10.462567329406738,,,,
40278,40278,10.410154342651367,,,,
40279,40279,,10.376520156860352,,,
40279,40279,10.376520156860352,,,,
40280,40280,10.314873695373535,,,,
40281,40281,10.274165153503418,,,,
40282,40282,10.228911399841309,,,,
40283,40283,10.188329696655273,,,,
40284,40284,10.18425178527832,,,,
40285,40285,10.16096305847168,,,,
40286,40286,10.113304138183594,,,,
40287,40287,10.087382316589355,,,,
40288,40288,10.062827110290527,,,,
40289,40289,,10.02773666381836,,,
40289,40289,10.02773666381836,,,,
40290,40290,9.984599113464355,,,,
40291,40291,9.9371976852417,,,,
40292,40292,9.921151161193848,,,,
40293,40293,9.862726211547852,,,,
40294,40294,9.871143341064453,,,,
40295,40295,9.854082107543945,,,,
40296,40296,9.81950569152832,,,,
40297,40297,9.80233383178711,,,,
40298,40298,9.765474319458008,,,,
40299,40299,,9.722185134887695,,,
40299,40299,9.722185134887695,,,,
40300,40300,9.681049346923828,,,,
40301,40301,9.649450302124023,,,,
40302,40302,9.611200332641602,,,,
40303,40303,9.626952171325684,,,,
40304,40304,9.60536003112793,,,,
40305,40305,9.595324516296387,,,,
40306,40306,9.54659366607666,,,,
40307,40307,9.485074043273926,,,,
40308,40308,9.450587272644043,,,,
40309,40309,,9.388238906860352,,,
40309,40309,9.388238906860352,,,,
40310,40310,9.326742172241211,,,,
40311,40311,9.347394943237305,,,,
40312,40312,9.27611255645752,,,,
40313,40313,9.268597602844238,,,,
40314,40314,9.223677635192871,,,,
40315,40315,9.185340881347656,,,,
40316,40316,9.173667907714844,,,,
40317,40317,9.16768741607666,,,,
40318,40318,9.169236183166504,,,,
40319,40319,,9.12697982788086,,,
40319,40319,9.12697982788086,,,,
40320,40320,9.047623634338379,,,,
40321,40321,9.050673484802246,,,,
40322,40322,9.036477088928223,,,,
40323,40323,9.000775337219238,,,,
40324,40324,8.982226371765137,,,,
40325,40325,8.955198287963867,,,,
40326,40326,8.98823070526123,,,,
40327,40327,8.98362922668457,,,,
40328,40328,8.916508674621582,,,,
40329,40329,,8.891883850097656,,,
40329,40329,8.891883850097656,,,,
40330,40330,8.87307071685791,,,,
40331,40331,8.842238426208496,,,,
40332,40332,8.824037551879883,,,,
40333,40333,8.806473731994629,,,,
40334,40334,8.732136726379395,,,,
40335,40335,8.735013008117676,,,,
40336,40336,8.69694709777832,,,,
40337,40337,8.677685737609863,,,,
40338,40338,8.620933532714844,,,,
40339,40339,,8.604214668273926,,,
40339,40339,8.604214668273926,,,,
40340,40340,8.582844734191895,,,,
40341,40341,8.525876998901367,,,,
40342,40342,8.496835708618164,,,,
40343,40343,8.490427017211914,,,,
40344,40344,8.50602912902832,,,,
40345,40345,8.467948913574219,,,,
40346,40346,8.477346420288086,,,,
40347,40347,8.406593322753906,,,,
40348,40348,8.409021377563477,,,,
40349,40349,,8.375330924987793,,,
40349,40349,8.375330924987793,,,,
40350,40350,8.354828834533691,,,,
40351,40351,8.333770751953125,,,,
40352,40352,8.27468204498291,,,,
40353,40353,8.22905158996582,,,,
40354,40354,8.216300964355469,,,,
40355,40355,8.16762924194336,,,,
40356,40356,8.20523452758789,,,,
40357,40357,8.156455993652344,,,,
40358,40358,8.142528533935547,,,,
40359,40359,,8.094732284545898,,,
40359,40359,8.094732284545898,,,,
40360,40360,8.101452827453613,,,,
40361,40361,8.054073333740234,,,,
40362,40362,8.075230598449707,,,,
40363,40363,8.033670425415039,,,,
40364,40364,8.031373977661133,,,,
40365,40365,7.993753433227539,,,,
40366,40366,8.003435134887695,,,,
40367,40367,7.98123025894165,,,,
40368,40368,8.008933067321777,,,,
40369,40369,,7.994555473327637,,,
40369,40369,7.994555473327637,,,,
40370,40370,7.965196132659912,,,,
40371,40371,7.960291862487793,,,,
40372,40372,7.895749568939209,,,,
40373,40373,7.892370223999023,,,,
40374,40374,7.861090183258057,,,,
40375,40375,7.833812713623047,,,,
40376,40376,7.821512222290039,,,,
40377,40377,7.791814804077148,,,,
40378,40378,7.789790153503418,,,,
40379,40379,,7.713080883026123,,,
40379,40379,7.713080883026123,,,,
40380,40380,7.705950736999512,,,,
40381,40381,7.711554527282715,,,,
40382,40382,7.72865629196167,,,,
40383,40383,7.687007904052734,,,,
40384,40384,7.681905746459961,,,,
40385,40385,7.711226463317871,,,,
40386,40386,7.69623327255249,,,,
40387,40387,7.713557243347168,,,,
40388,40388,7.6798624992370605,,,,
40389,40389,,7.697328090667725,,,
40389,40389,7.697328090667725,,,,
40390,40390,7.700583457946777,,,,
40391,40391,7.660125732421875,,,,
40392,40392,7.63040828704834,,,,
40393,40393,7.612078666687012,,,,
40394,40394,7.554022789001465,,,,
40395,40395,7.570862770080566,,,,
40396,40396,7.540053844451904,,,,
40397,40397,7.56485652923584,,,,
40398,40398,7.570727825164795,,,,
40399,40399,,7.568081378936768,,,
40399,40399,7.568081378936768,,,,
40400,40400,7.528374671936035,,,,
40401,40401,7.515980243682861,,,,
40402,40402,7.517731189727783,,,,
40403,40403,7.515942096710205,,,,
40404,40404,7.52457332611084,,,,
40405,40405,7.497378826141357,,,,
40406,40406,7.512063026428223,,,,
40407,40407,7.503082275390625,,,,
40408,40408,7.438324928283691,,,,
40409,40409,,7.426374435424805,,,
40409,40409,7.426374435424805,,,,
40410,40410,7.3826212882995605,,,,
40411,40411,7.341597080230713,,,,
40412,40412,7.3448004722595215,,,,
40413,40413,7.341872692108154,,,,
40414,40414,7.328845024108887,,,,
40415,40415,7.30330228805542,,,,
40416,40416,7.2589592933654785,,,,
40417,40417,7.229403495788574,,,,
40418,40418,7.210697174072266,,,,
40419,40419,,7.182567119598389,,,
40419,40419,7.182567119598389,,,,
40420,40420,7.161281108856201,,,,
40421,40421,7.133544445037842,,,,
40422,40422,7.129114151000977,,,,
40423,40423,7.104202747344971,,,,
40424,40424,7.094958305358887,,,,
40425,40425,7.097529411315918,,,,
40426,40426,7.082104206085205,,,,
40427,40427,7.071042537689209,,,,
40428,40428,7.043307304382324,,,,
40429,40429,,7.017143726348877,,,
40429,40429,7.017143726348877,,,,
40430,40430,7.019226551055908,,,,
40431,40431,6.996800899505615,,,,
40432,40432,6.98830509185791,,,,
40433,40433,6.982565879821777,,,,
40434,40434,6.950978755950928,,,,
40435,40435,6.920543670654297,,,,
40436,40436,6.931227207183838,,,,
40437,40437,6.925783634185791,,,,
40438,40438,6.9087748527526855,,,,
40439,40439,,6.846516132354736,,,
40439,40439,6.846516132354736,,,,
40440,40440,6.8143415451049805,,,,
40441,40441,6.785587787628174,,,,
40442,40442,6.78221321105957,,,,
40443,40443,6.771814823150635,,,,
40444,40444,6.755082130432129,,,,
40445,40445,6.728980541229248,,,,
40446,40446,6.699549198150635,,,,
40447,40447,6.697484493255615,,,,
40448,40448,6.689615249633789,,,,
40449,40449,,6.642846584320068,,,
40449,40449,6.642846584320068,,,,
40450,40450,6.63761043548584,,,,
40451,40451,6.597489833831787,,,,
40452,40452,6.562672138214111,,,,
40453,40453,6.551268577575684,,,,
40454,40454,6.555477619171143,,,,
40455,40455,6.577882766723633,,,,
40456,40456,6.551042556762695,,,,
40457,40457,6.544509410858154,,,,
40458,40458,6.514580249786377,,,,
40459,40459,,6.501576900482178,,,
40459,40459,6.501576900482178,,,,
40460,40460,6.4496049880981445,,,,
40461,40461,6.450338363647461,,,,
40462,40462,6.435127258300781,,,,
40463,40463,6.446488857269287,,,,
40464,40464,6.392447471618652,,,,
40465,40465,6.39434289932251,,,,
40466,40466,6.446337699890137,,,,
40467,40467,6.406570911407471,,,,
40468,40468,6.403971195220947,,,,
40469,40469,,6.386836051940918,,,
40469,40469,6.386836051940918,,,,
40470,40470,6.34959602355957,,,,
40471,40471,6.317020893096924,,,,
40472,40472,6.322977066040039,,,,
40473,40473,6.312189102172852,,,,
40474,40474,6.291393280029297,,,,
40475,40475,6.292876243591309,,,,
40476,40476,6.270264625549316,,,,
40477,40477,6.246494770050049,,,,
40478,40478,6.217674255371094,,,,
40479,40479,,6.172093391418457,,,
40479,40479,6.172093391418457,,,,
40480,40480,6.164834022521973,,,,
40481,40481,6.122389793395996,,,,
40482,40482,6.098111629486084,,,,
40483,40483,6.1172943115234375,,,,
40484,40484,6.130649089813232,,,,
40485,40485,6.117226600646973,,,,
40486,40486,6.099451541900635,,,,
40487,40487,6.065321445465088,,,,
40488,40488,6.041446208953857,,,,
40489,40489,,6.002249717712402,,,
40489,40489,6.002249717712402,,,,
40490,40490,5.98868465423584,,,,
40491,40491,5.967686653137207,,,,
40492,40492,5.903304100036621,,,,
40493,40493,5.910731792449951,,,,
40494,40494,5.910400390625,,,,
40495,40495,5.867289066314697,,,,
40496,40496,5.856772422790527,,,,
40497,40497,5.847849369049072,,,,
40498,40498,5.830354690551758,,,,
40499,40499,,5.845175266265869,,,
40499,40499,,,0.19417238235473633,230.60365295410156,96.73773956298828
40499,40499,5.845175266265869,,,,
40500,40500,5.798895835876465,,,,
40501,40501,5.760601997375488,,,,
40502,40502,5.735065460205078,,,,
40503,40503,5.715712547302246,,,,
40504,40504,5.741140842437744,,,,
40505,40505,5.714469909667969,,,,
40506,40506,5.68825626373291,,,,
40507,40507,5.660130977630615,,,,
40508,40508,5.620396614074707,,,,
40509,40509,,5.576281547546387,,,
40509,40509,5.576281547546387,,,,
40510,40510,5.55831241607666,,,,
40511,40511,5.550004482269287,,,,
40512,40512,5.5714216232299805,,,,
40513,40513,5.537511348724365,,,,
40514,40514,5.473257064819336,,,,
40515,40515,5.452989101409912,,,,
40516,40516,5.438470363616943,,,,
40517,40517,5.4652419090271,,,,
40518,40518,5.445409297943115,,,,
40519,40519,,5.444090366363525,,,
40519,40519,5.444090366363525,,,,
40520,40520,5.38870096206665,,,,
40521,40521,5.3673505783081055,,,,
40522,40522,5.388279438018799,,,,
40523,40523,5.378398895263672,,,,
40524,40524,5.387980937957764,,,,
40525,40525,5.371880531311035,,,,
40526,40526,5.390605926513672,,,,
40527,40527,5.396517276763916,,,,
40528,40528,5.392377853393555,,,,
40529,40529,,5.358279705047607,,,
40529,40529,5.358279705047607,,,,
40530,40530,5.3390092849731445,,,,
40531,40531,5.317386150360107,,,,
40532,40532,5.29019021987915,,,,
40533,40533,5.278952598571777,,,,
40534,40534,5.233036518096924,,,,
40535,40535,5.213956356048584,,,,
40536,40536,5.186977386474609,,,,
40537,40537,5.176324844360352,,,,
40538,40538,5.154700756072998,,,,
40539,40539,,5.11890983581543,,,
40539,40539,5.11890983581543,,,,
40540,40540,5.107161998748779,,,,
40541,40541,5.127749919891357,,,,
40542,40542,5.090231418609619,,,,
40543,40543,5.066091060638428,,,,
40544,40544,5.02037239074707,,,,
40545,40545,4.971091270446777,,,,
40546,40546,4.930467128753662,,,,
40547,40547,4.907065391540527,,,,
40548,40548,4.9283294677734375,,,,
40549,40549,,4.953396797180176,,,
40549,40549,4.953396797180176,,,,
40550,40550,4.921151638031006,,,,
40551,40551,4.910045623779297,,,,
40552,40552,4.852996349334717,,,,
40553,40553,4.856600284576416,,,,
40554,40554,4.869654178619385,,,,
40555,40555,4.85639762878418,,,,
40556,40556,4.799609661102295,,,,
40557,40557,4.782966613769531,,,,
40558,40558,4.77476692199707,,,,
40559,40559,,4.747056484222412,,,
40559,40559,4.747056484222412,,,,
40560,40560,4.73185920715332,,,,
40561,40561,4.725082874298096,,,,
40562,40562,4.695394039154053,,,,
40563,40563,4.681819915771484,,,,
40564,40564,4.634622573852539,,,,
40565,40565,4.62190055847168,,,,
40566,40566,4.618797779083252,,,,
40567,40567,4.606410980224609,,,,
40568,40568,4.592503070831299,,,,
40569,40569,,4.597916603088379,,,
40569,40569,4.597916603088379,,,,
40570,40570,4.576998710632324,,,,
40571,40571,4.556795597076416,,,,
40572,40572,4.54267692565918,,,,
40573,40573,4.570230484008789,,,,
40574,40574,4.56251335144043,,,,
40575,40575,4.553893089294434,,,,
40576,40576,4.533658981323242,,,,
40577,40577,4.546481609344482,,,,
40578,40578,4.497140407562256,,,,
40579,40579,,4.511198043823242,,,
40579,40579,4.511198043823242,,,,
40580,40580,4.450214385986328,,,,
40581,40581,4.419483184814453,,,,
40582,40582,4.382198333740234,,,,
40583,40583,4.373139381408691,,,,
40584,40584,4.3548583984375,,,,
40585,40585,4.3275251388549805,,,,
40586,40586,4.3119659423828125,,,,
40587,40587,4.298830986022949,,,,
40588,40588,4.217601776123047,,,,
40589,40589,,4.214317798614502,,,
40589,40589,4.214317798614502,,,,
40590,40590,4.207254409790039,,,,
40591,40591,4.195952415466309,,,,
40592,40592,4.175395488739014,,,,
40593,40593,4.1599860191345215,,,,
40594,40594,4.154656410217285,,,,
40595,40595,4.1697211265563965,,,,
40596,40596,4.175491809844971,,,,
40597,40597,4.101269721984863,,,,
40598,40598,4.07736349105835,,,,
40599,40599,,4.067046642303467,,,
40599,40599,4.067046642303467,,,,
40600,40600,4.041791915893555,,,,
40601,40601,4.022668361663818,,,,
40602,40602,4.014795303344727,,,,
40603,40603,4.004384994506836,,,,
40604,40604,4.005953311920166,,,,
40605,40605,3.9995028972625732,,,,
40606,40606,3.9819719791412354,,,,
40607,40607,3.969453811645508,,,,
40608,40608,3.951503038406372,,,,
40609,40609,,3.9277327060699463,,,
40609,40609,3.9277327060699463,,,,
40610,40610,3.900563955307007,,,,
40611,40611,3.886322021484375,,,,
40612,40612,3.865941047668457,,,,
40613,40613,3.8771259784698486,,,,
40614,40614,3.8741397857666016,,,,
40615,40615,3.808151960372925,,,,
40616,40616,3.8598215579986572,,,,
40617,40617,3.8349010944366455,,,,
40618,40618,3.7918388843536377,,,,
40619,40619,,3.8061838150024414,,,
40619,40619,3.8061838150024414,,,,
40620,40620,3.838803768157959,,,,
40621,40621,3.759483575820923,,,,
40622,40622,3.7021117210388184,,,,
40623,40623,3.714853525161743,,,,
40624,40624,3.6926095485687256,,,,
40625,40625,3.6619656085968018,,,,
40626,40626,3.6478946208953857,,,,
40627,40627,3.627286672592163,,,,
40628,40628,3.606457233428955,,,,
40629,40629,,3.597503185272217,,,
40629,40629,3.597503185272217,,,,
40630,40630,3.582335948944092,,,,
40631,40631,3.5814719200134277,,,,
40632,40632,3.5653908252716064,,,,
40633,40633,3.554906129837036,,,,
40634,40634,3.5406746864318848,,,,
40635,40635,3.54262113571167,,,,
40636,40636,3.5200035572052,,,,
40637,40637,3.5309202671051025,,,,
40638,40638,3.507810354232788,,,,
40639,40639,,3.4951438903808594,,,
40639,40639,3.4951438903808594,,,,
40640,40640,3.4825263023376465,,,,
40641,40641,3.4599039554595947,,,,
40642,40642,3.4561641216278076,,,,
40643,40643,3.4317572116851807,,,,
40644,40644,3.4037129878997803,,,,
40645,40645,3.392489433288574,,,,
40646,40646,3.3955392837524414,,,,
40647,40647,3.395512580871582,,,,
40648,40648,3.398456335067749,,,,
40649,40649,,3.3771326541900635,,,
40649,40649,3.3771326541900635,,,,
40650,40650,3.3571784496307373,,,,
40651,40651,3.340226888656616,,,,
40652,40652,3.312901258468628,,,,
40653,40653,3.3224711418151855,,,,
40654,40654,3.3022234439849854,,,,
40655,40655,3.30387806892395,,,,
40656,40656,3.2926807403564453,,,,
40657,40657,3.275413990020752,,,,
40658,40658,3.265324115753174,,,,
40659,40659,,3.2625067234039307,,,
40659,40659,3.2625067234039307,,,,
40660,40660,3.2482776641845703,,,,
40661,40661,3.245950698852539,,,,
40662,40662,3.2276909351348877,,,,
40663,40663,3.2137527465820312,,,,
40664,40664,3.224583148956299,,,,
40665,40665,3.2341654300689697,,,,
40666,40666,3.203886032104492,,,,
40667,40667,3.217372179031372,,,,
40668,40668,3.20971941947937,,,,
40669,40669,,3.198420763015747,,,
40669,40669,3.198420763015747,,,,
40670,40670,3.1848080158233643,,,,
40671,40671,3.165242910385132,,,,
40672,40672,3.1722543239593506,,,,
40673,40673,3.1628477573394775,,,,
40674,40674,3.1595258712768555,,,,
40675,40675,3.14691162109375,,,,
40676,40676,3.1418087482452393,,,,
40677,40677,3.1476738452911377,,,,
40678,40678,3.1194663047790527,,,,
40679,40679,,3.0952093601226807,,,
40679,40679,3.0952093601226807,,,,
40680,40680,3.111125946044922,,,,
40681,40681,3.0891926288604736,,,,
40682,40682,3.0705060958862305,,,,
40683,40683,3.072735071182251,,,,
40684,40684,3.064464569091797,,,,
40685,40685,3.045483350753784,,,,
40686,40686,3.0424814224243164,,,,
40687,40687,3.0358080863952637,,,,
40688,40688,3.036813974380493,,,,
40689,40689,,3.024871826171875,,,
40689,40689,3.024871826171875,,,,
40690,40690,3.0231406688690186,,,,
40691,40691,3.0143229961395264,,,,
40692,40692,2.989323377609253,,,,
40693,40693,2.9924063682556152,,,,
40694,40694,2.973919153213501,,,,
40695,40695,2.969146966934204,,,,
40696,40696,2.9704020023345947,,,,
40697,40697,2.9663522243499756,,,,
40698,40698,2.9633185863494873,,,,
40699,40699,,2.955479621887207,,,
40699,40699,2.955479621887207,,,,
40700,40700,2.950305938720703,,,,
40701,40701,2.9539976119995117,,,,
40702,40702,2.9360976219177246,,,,
40703,40703,2.934847116470337,,,,
40704,40704,2.903862237930298,,,,
40705,40705,2.912187099456787,,,,
40706,40706,2.9141385555267334,,,,
40707,40707,2.945714235305786,,,,
40708,40708,2.894984006881714,,,,
40709,40709,,2.8955135345458984,,,
40709,40709,2.8955135345458984,,,,
40710,40710,2.8879034519195557,,,,
40711,40711,2.893907070159912,,,,
40712,40712,2.8818681240081787,,,,
40713,40713,2.8749585151672363,,,,
40714,40714,2.8987483978271484,,,,
40715,40715,2.864044666290283,,,,
40716,40716,2.8598475456237793,,,,
40717,40717,2.8791940212249756,,,,
40718,40718,2.8851189613342285,,,,
40719,40719,,2.8262648582458496,,,
40719,40719,2.8262648582458496,,,,
40720,40720,2.846729278564453,,,,
40721,40721,2.8493287563323975,,,,
40722,40722,2.821500062942505,,,,
40723,40723,2.840693950653076,,,,
40724,40724,2.8413987159729004,,,,
40725,40725,2.8198280334472656,,,,
40726,40726,2.8210675716400146,,,,
40727,40727,2.8085880279541016,,,,
40728,40728,2.8214335441589355,,,,
40729,40729,,2.7934203147888184,,,
40729,40729,2.7934203147888184,,,,
40730,40730,2.80133318901062,,,,
40731,40731,2.7853877544403076,,,,
40732,40732,2.773869037628174,,,,
40733,40733,2.7682323455810547,,,,
40734,40734,2.7669930458068848,,,,
40735,40735,2.7642242908477783,,,,
40736,40736,2.7707581520080566,,,,
40737,40737,2.753183364868164,,,,
40738,40738,2.744018316268921,,,,
40739,40739,,2.7477500438690186,,,
40739,40739,2.7477500438690186,,,,
40740,40740,2.7370944023132324,,,,
40741,40741,2.7236194610595703,,,,
40742,40742,2.717796564102173,,,,
40743,40743,2.7210421562194824,,,,
40744,40744,2.7182602882385254,,,,
40745,40745,2.7194924354553223,,,,
40746,40746,2.714428186416626,,,,
40747,40747,2.7229912281036377,,,,
40748,40748,2.7163829803466797,,,,
40749,40749,,2.726872682571411,,,
40749,40749,2.726872682571411,,,,
40750,40750,2.721681594848633,,,,
40751,40751,2.707355499267578,,,,
40752,40752,2.697596311569214,,,,
40753,40753,2.705759048461914,,,,
40754,40754,2.686875104904175,,,,
40755,40755,2.6901192665100098,,,,
40756,40756,2.685551166534424,,,,
40757,40757,2.6841142177581787,,,,
40758,40758,2.693856716156006,,,,
40759,40759,,2.6914827823638916,,,
40759,40759,2.6914827823638916,,,,
40760,40760,2.680947780609131,,,,
40761,40761,2.6894900798797607,,,,
40762,40762,2.671079397201538,,,,
40763,40763,2.669950246810913,,,,
40764,40764,2.6792728900909424,,,,
40765,40765,2.6566927433013916,,,,
40766,40766,2.65639591217041,,,,
40767,40767,2.653820276260376,,,,
40768,40768,2.648421049118042,,,,
40769,40769,,2.6414482593536377,,,
40769,40769,2.6414482593536377,,,,
40770,40770,2.6150081157684326,,,,
40771,40771,2.630967855453491,,,,
40772,40772,2.628227710723877,,,,
40773,40773,2.6130244731903076,,,,
40774,40774,2.6215133666992188,,,,
40775,40775,2.6041030883789062,,,,
40776,40776,2.60170578956604,,,,
40777,40777,2.5788228511810303,,,,
40778,40778,2.5780088901519775,,,,
40779,40779,,2.565936803817749,,,
40779,40779,2.565936803817749,,,,
40780,40780,2.5677525997161865,,,,
40781,40781,2.577176094055176,,,,
40782,40782,2.5739290714263916,,,,
40783,40783,2.571939468383789,,,,
40784,40784,2.5732717514038086,,,,
40785,40785,2.560788154602051,,,,
40786,40786,2.56075382232666,,,,
40787,40787,2.572864294052124,,,,
40788,40788,2.564265012741089,,,,
40789,40789,,2.5774178504943848,,,
40789,40789,2.5774178504943848,,,,
40790,40790,2.5612874031066895,,,,
40791,40791,2.566765308380127,,,,
40792,40792,2.565298557281494,,,,
40793,40793,2.551135540008545,,,,
40794,40794,2.546354293823242,,,,
40795,40795,2.5432612895965576,,,,
40796,40796,2.533210039138794,,,,
40797,40797,2.5360770225524902,,,,
40798,40798,2.530865430831909,,,,
40799,40799,,2.5296895503997803,,,
40799,40799,2.5296895503997803,,,,
40800,40800,2.5266404151916504,,,,
40801,40801,2.5253684520721436,,,,
40802,40802,2.5225911140441895,,,,
40803,40803,2.5149693489074707,,,,
40804,40804,2.518742561340332,,,,
40805,40805,2.5281894207000732,,,,
40806,40806,2.499202013015747,,,,
40807,40807,2.4967153072357178,,,,
40808,40808,2.4936373233795166,,,,
40809,40809,,2.47977876663208,,,
40809,40809,2.47977876663208,,,,
40810,40810,2.4847211837768555,,,,
40811,40811,2.4758546352386475,,,,
40812,40812,2.475879192352295,,,,
40813,40813,2.4658913612365723,,,,
40814,40814,2.4518041610717773,,,,
40815,40815,2.4503748416900635,,,,
40816,40816,2.4534788131713867,,,,
40817,40817,2.4504356384277344,,,,
40818,40818,2.4450812339782715,,,,
40819,40819,,2.436875104904175,,,
40819,40819,2.436875104904175,,,,
40820,40820,2.427447557449341,,,,
40821,40821,2.4308245182037354,,,,
40822,40822,2.426621913909912,,,,
40823,40823,2.421997308731079,,,,
40824,40824,2.421377658843994,,,,
40825,40825,2.4165589809417725,,,,
40826,40826,2.4146578311920166,,,,
40827,40827,2.4210994243621826,,,,
40828,40828,2.408769130706787,,,,
40829,40829,,2.3959529399871826,,,
40829,40829,2.3959529399871826,,,,
40830,40830,2.3860318660736084,,,,
40831,40831,2.3700103759765625,,,,
40832,40832,2.3732681274414062,,,,
40833,40833,2.373830795288086,,,,
40834,40834,2.3669841289520264,,,,
40835,40835,2.3514628410339355,,,,
40836,40836,2.3545546531677246,,,,
40837,40837,2.358149528503418,,,,
40838,40838,2.3768608570098877,,,,
40839,40839,,2.3645529747009277,,,
40839,40839,2.3645529747009277,,,,
40840,40840,2.3570053577423096,,,,
40841,40841,2.3499233722686768,,,,
40842,40842,2.3546295166015625,,,,
40843,40843,2.367295503616333,,,,
40844,40844,2.337569236755371,,,,
40845,40845,2.3519556522369385,,,,
40846,40846,2.3425710201263428,,,,
40847,40847,2.353015422821045,,,,
40848,40848,2.341813087463379,,,,
40849,40849,,2.3836960792541504,,,
40849,40849,2.3836960792541504,,,,
40850,40850,2.3747317790985107,,,,
40851,40851,2.3786425590515137,,,,
40852,40852,2.337101697921753,,,,
40853,40853,2.3349406719207764,,,,
40854,40854,2.339325189590454,,,,
40855,40855,2.3366434574127197,,,,
40856,40856,2.408031940460205,,,,
40857,40857,2.486590623855591,,,,
40858,40858,2.54117751121521,,,,
40859,40859,,2.7029342651367188,,,
40859,40859,2.7029342651367188,,,,
40860,40860,2.568695306777954,,,,
40861,40861,2.5585901737213135,,,,
40862,40862,2.410224676132202,,,,
40863,40863,2.3421366214752197,,,,
40864,40864,2.323542356491089,,,,
40865,40865,2.314195394515991,,,,
40866,40866,2.308858633041382,,,,
40867,40867,2.337437152862549,,,,
40868,40868,2.430814743041992,,,,
40869,40869,,2.5600130558013916,,,
40869,40869,2.5600130558013916,,,,
40870,40870,2.8135392665863037,,,,
40871,40871,2.5335233211517334,,,,
40872,40872,2.376826286315918,,,,
40873,40873,2.286851644515991,,,,
40874,40874,2.2943806648254395,,,,
40875,40875,2.3433868885040283,,,,
40876,40876,2.3482089042663574,,,,
40877,40877,2.33140230178833,,,,
40878,40878,2.289565086364746,,,,
40879,40879,,2.2677829265594482,,,
40879,40879,2.2677829265594482,,,,
40880,40880,2.2826998233795166,,,,
40881,40881,2.2888031005859375,,,,
40882,40882,2.3244199752807617,,,,
40883,40883,2.2911746501922607,,,,
40884,40884,2.280221700668335,,,,
40885,40885,2.246236562728882,,,,
40886,40886,2.250243902206421,,,,
40887,40887,2.2748119831085205,,,,
40888,40888,2.2775704860687256,,,,
40889,40889,,2.281083822250366,,,
40889,40889,2.281083822250366,,,,
40890,40890,2.257667303085327,,,,
40891,40891,2.225947618484497,,,,
40892,40892,2.2267143726348877,,,,
40893,40893,2.2508137226104736,,,,
40894,40894,2.2479770183563232,,,,
40895,40895,2.248760461807251,,,,
40896,40896,2.2253565788269043,,,,
40897,40897,2.2256221771240234,,,,
40898,40898,2.2240989208221436,,,,
40899,40899,,2.2308826446533203,,,
40899,40899,2.2308826446533203,,,,
40900,40900,2.283855676651001,,,,
40901,40901,2.3334715366363525,,,,
40902,40902,2.538821220397949,,,,
40903,40903,2.8476099967956543,,,,
40904,40904,4.2083868980407715,,,,
40905,40905,3.2132668495178223,,,,
40906,40906,3.466669797897339,,,,
40907,40907,2.494371175765991,,,,
40908,40908,2.245076894760132,,,,
40909,40909,,2.2502336502075195,,,
40909,40909,2.2502336502075195,,,,
40910,40910,2.397327184677124,,,,
40911,40911,2.8504862785339355,,,,
40912,40912,2.9790396690368652,,,,
40913,40913,3.9111263751983643,,,,
40914,40914,2.4768152236938477,,,,
40915,40915,2.2582738399505615,,,,
40916,40916,2.813669443130493,,,,
40917,40917,2.8639373779296875,,,,
40918,40918,3.1791269779205322,,,,
40919,40919,,2.343461513519287,,,
40919,40919,2.343461513519287,,,,
40920,40920,2.2663369178771973,,,,
40921,40921,2.676095724105835,,,,
40922,40922,2.6283156871795654,,,,
40923,40923,2.6506266593933105,,,,
40924,40924,2.2521750926971436,,,,
40925,40925,2.2725021839141846,,,,
40926,40926,2.5626401901245117,,,,
40927,40927,2.4727814197540283,,,,
40928,40928,2.3833136558532715,,,,
40929,40929,,2.2051663398742676,,,
40929,40929,2.2051663398742676,,,,
40930,40930,2.3268957138061523,,,,
40931,40931,2.691006660461426,,,,
40932,40932,2.471811294555664,,,,
40933,40933,2.3039047718048096,,,,
40934,40934,2.2046866416931152,,,,
40935,40935,2.32641339302063,,,,
40936,40936,2.6012871265411377,,,,
40937,40937,2.404866933822632,,,,
40938,40938,2.24811053276062,,,,
40939,40939,,2.2118589878082275,,,
40939,40939,2.2118589878082275,,,,
40940,40940,2.372682571411133,,,,
40941,40941,2.685950756072998,,,,
40942,40942,2.3889405727386475,,,,
40943,40943,2.222625494003296,,,,
40944,40944,2.205540418624878,,,,
40945,40945,2.3190484046936035,,,,
40946,40946,2.495155096054077,,,,
40947,40947,2.3005471229553223,,,,
40948,40948,2.1744132041931152,,,,
40949,40949,,2.264127016067505,,,
40949,40949,2.264127016067505,,,,
40950,40950,2.4078664779663086,,,,
40951,40951,2.659733772277832,,,,
40952,40952,2.3290162086486816,,,,
40953,40953,2.178232192993164,,,,
40954,40954,2.391199827194214,,,,
40955,40955,2.5409183502197266,,,,
40956,40956,2.762660264968872,,,,
40957,40957,2.2755119800567627,,,,
40958,40958,2.3424293994903564,,,,
40959,40959,,2.998964309692383,,,
40959,40959,2.998964309692383,,,,
40960,40960,2.4253287315368652,,,,
40961,40961,2.1992459297180176,,,,
40962,40962,2.3374414443969727,,,,
40963,40963,2.3825623989105225,,,,
40964,40964,2.456590414047241,,,,
40965,40965,2.2091269493103027,,,,
40966,40966,2.2013492584228516,,,,
40967,40967,2.3635098934173584,,,,
40968,40968,2.335052251815796,,,,
40969,40969,,2.3554093837738037,,,
40969,40969,2.3554093837738037,,,,
40970,40970,2.198302984237671,,,,
40971,40971,2.176398515701294,,,,
40972,40972,2.2688019275665283,,,,
40973,40973,2.2802276611328125,,,,
40974,40974,2.354330062866211,,,,
40975,40975,2.2542715072631836,,,,
40976,40976,2.2488155364990234,,,,
40977,40977,2.158414602279663,,,,
40978,40978,2.1925182342529297,,,,
40979,40979,,2.33832049369812,,,
40979,40979,2.33832049369812,,,,
40980,40980,2.336852788925171,,,,
40981,40981,2.3708133697509766,,,,
40982,40982,2.177851676940918,,,,
40983,40983,2.2179388999938965,,,,
40984,40984,2.494704008102417,,,,
40985,40985,2.453348398208618,,,,
40986,40986,2.414985418319702,,,,
40987,40987,2.153268575668335,,,,
40988,40988,2.3726468086242676,,,,
40989,40989,,2.926218032836914,,,
40989,40989,2.926218032836914,,,,
40990,40990,2.4408066272735596,,,,
40991,40991,2.234496593475342,,,,
40992,40992,2.2349905967712402,,,,
40993,40993,2.441112518310547,,,,
40994,40994,2.848033905029297,,,,
40995,40995,2.358029842376709,,,,
40996,40996,2.2124392986297607,,,,
40997,40997,2.2938530445098877,,,,
40998,40998,2.4080469608306885,,,,
40999,40999,,2.5250518321990967,,,
40999,40999,,,0.18737050890922546,214.73052978515625,96.73773956298828
40999,40999,2.5250518321990967,,,,
41000,41000,2.1895389556884766,,,,
41001,41001,2.1932272911071777,,,,
41002,41002,2.4336788654327393,,,,
41003,41003,2.3687973022460938,,,,
41004,41004,2.303687334060669,,,,
41005,41005,2.2076988220214844,,,,
41006,41006,2.217939615249634,,,,
41007,41007,2.477412223815918,,,,
41008,41008,2.353219509124756,,,,
41009,41009,,2.25718355178833,,,
41009,41009,2.25718355178833,,,,
41010,41010,2.188648223876953,,,,
41011,41011,2.23590087890625,,,,
41012,41012,2.4941558837890625,,,,
41013,41013,2.3280837535858154,,,,
41014,41014,2.226487636566162,,,,
41015,41015,2.178607702255249,,,,
41016,41016,2.3074755668640137,,,,
41017,41017,2.607093572616577,,,,
41018,41018,2.240636110305786,,,,
41019,41019,,2.1851000785827637,,,
41019,41019,2.1851000785827637,,,,
41020,41020,2.2488160133361816,,,,
41021,41021,2.311938762664795,,,,
41022,41022,2.3690335750579834,,,,
41023,41023,2.207956075668335,,,,
41024,41024,2.142972469329834,,,,
41025,41025,2.2687714099884033,,,,
41026,41026,2.259701728820801,,,,
41027,41027,2.280250072479248,,,,
41028,41028,2.158864736557007,,,,
41029,41029,,2.213090658187866,,,
41029,41029,2.213090658187866,,,,
41030,41030,2.565084457397461,,,,
41031,41031,2.3227856159210205,,,,
41032,41032,2.1973235607147217,,,,
41033,41033,2.1562387943267822,,,,
41034,41034,2.2684733867645264,,,,
41035,41035,2.5018956661224365,,,,
41036,41036,2.261061191558838,,,,
41037,41037,2.156902313232422,,,,
41038,41038,2.1630091667175293,,,,
41039,41039,,2.218737840652466,,,
41039,41039,2.218737840652466,,,,
41040,41040,2.3184568881988525,,,,
41041,41041,2.23114013671875,,,,
41042,41042,2.12384033203125,,,,
41043,41043,2.1973676681518555,,,,
41044,41044,2.2421247959136963,,,,
41045,41045,2.3663394451141357,,,,
41046,41046,2.229518175125122,,,,
41047,41047,2.1332240104675293,,,,
41048,41048,2.1978111267089844,,,,
41049,41049,,2.214421033859253,,,
41049,41049,2.214421033859253,,,,
41050,41050,2.314070701599121,,,,
41051,41051,2.182753086090088,,,,
41052,41052,2.120314121246338,,,,
41053,41053,2.154792547225952,,,,
41054,41054,2.181654930114746,,,,
41055,41055,2.2137985229492188,,,,
41056,41056,2.1948001384735107,,,,
41057,41057,2.1392974853515625,,,,
41058,41058,2.1186583042144775,,,,
41059,41059,,2.112204074859619,,,
41059,41059,2.112204074859619,,,,
41060,41060,2.143526077270508,,,,
41061,41061,2.1946370601654053,,,,
41062,41062,2.23724102973938,,,,
41063,41063,2.2823758125305176,,,,
41064,41064,2.550978660583496,,,,
41065,41065,2.320909023284912,,,,
41066,41066,2.2449634075164795,,,,
41067,41067,2.1235086917877197,,,,
41068,41068,2.115077257156372,,,,
41069,41069,,2.209372043609619,,,
41069,41069,2.209372043609619,,,,
41070,41070,2.2961246967315674,,,,
41071,41071,2.395982265472412,,,,
41072,41072,2.226125478744507,,,,
41073,41073,2.125974416732788,,,,
41074,41074,2.099151849746704,,,,
41075,41075,2.132068634033203,,,,
41076,41076,2.257413625717163,,,,
41077,41077,2.345001459121704,,,,
41078,41078,2.6962668895721436,,,,
41079,41079,,2.2936766147613525,,,
41079,41079,2.2936766147613525,,,,
41080,41080,2.1276586055755615,,,,
41081,41081,2.097471237182617,,,,
41082,41082,2.1417734622955322,,,,
41083,41083,2.258305788040161,,,,
41084,41084,2.318023920059204,,,,
41085,41085,2.5284266471862793,,,,
41086,41086,2.3262319564819336,,,,
41087,41087,2.2653093338012695,,,,
41088,41088,2.1368248462677,,,,
41089,41089,,2.1313087940216064,,,
41089,41089,2.1313087940216064,,,,
41090,41090,2.3052213191986084,,,,
41091,41091,2.396054267883301,,,,
41092,41092,2.863985300064087,,,,
41093,41093,2.3887100219726562,,,,
41094,41094,2.209974527359009,,,,
41095,41095,2.1019389629364014,,,,
41096,41096,2.114917039871216,,,,
41097,41097,2.164314031600952,,,,
41098,41098,2.1501646041870117,,,,
41099,41099,,2.121457099914551,,,
41099,41099,2.121457099914551,,,,
41100,41100,2.088059425354004,,,,
41101,41101,2.0914361476898193,,,,
41102,41102,2.08524227142334,,,,
41103,41103,2.1186342239379883,,,,
41104,41104,2.142331838607788,,,,
41105,41105,2.1718649864196777,,,,
41106,41106,2.192953586578369,,,,
41107,41107,2.1614913940429688,,,,
41108,41108,2.1045892238616943,,,,
41109,41109,,2.079986333847046,,,
41109,41109,2.079986333847046,,,,
41110,41110,2.0707266330718994,,,,
41111,41111,2.084063768386841,,,,
41112,41112,2.1545872688293457,,,,
41113,41113,2.3299427032470703,,,,
41114,41114,2.3369717597961426,,,,
41115,41115,2.502985954284668,,,,
41116,41116,2.2677366733551025,,,,
41117,41117,2.101388692855835,,,,
41118,41118,2.0768213272094727,,,,
41119,41119,,2.104633331298828,,,
41119,41119,2.104633331298828,,,,
41120,41120,2.18892765045166,,,,
41121,41121,2.2690935134887695,,,,
41122,41122,2.4521336555480957,,,,
41123,41123,2.277020215988159,,,,
41124,41124,2.241645336151123,,,,
41125,41125,2.119753837585449,,,,
41126,41126,2.068751096725464,,,,
41127,41127,2.1160616874694824,,,,
41128,41128,2.173896551132202,,,,
41129,41129,,2.270508050918579,,,
41129,41129,2.270508050918579,,,,
41130,41130,2.204350471496582,,,,
41131,41131,2.1244962215423584,,,,
41132,41132,2.100665807723999,,,,
41133,41133,2.0651333332061768,,,,
41134,41134,2.0867841243743896,,,,
41135,41135,2.0678277015686035,,,,
41136,41136,2.109318494796753,,,,
41137,41137,2.095177173614502,,,,
41138,41138,2.144993305206299,,,,
41139,41139,,2.121328830718994,,,
41139,41139,2.121328830718994,,,,
41140,41140,2.144883632659912,,,,
41141,41141,2.176675319671631,,,,
41142,41142,2.1885297298431396,,,,
41143,41143,2.2748312950134277,,,,
41144,41144,2.2971279621124268,,,,
41145,41145,2.5558040142059326,,,,
41146,41146,2.28737735748291,,,,
41147,41147,2.2288858890533447,,,,
41148,41148,2.1050474643707275,,,,
41149,41149,,2.059983491897583,,,
41149,41149,2.059983491897583,,,,
41150,41150,2.063885450363159,,,,
41151,41151,2.0751845836639404,,,,
41152,41152,2.0673134326934814,,,,
41153,41153,2.059464693069458,,,,
41154,41154,2.053744316101074,,,,
41155,41155,2.050452470779419,,,,
41156,41156,2.0705950260162354,,,,
41157,41157,2.0667505264282227,,,,
41158,41158,2.1424803733825684,,,,
41159,41159,,2.18656063079834,,,
41159,41159,2.18656063079834,,,,
41160,41160,2.2739908695220947,,,,
41161,41161,2.69502854347229,,,,
41162,41162,2.537900447845459,,,,
41163,41163,2.9891719818115234,,,,
41164,41164,2.2740108966827393,,,,
41165,41165,2.0839288234710693,,,,
41166,41166,2.049943447113037,,,,
41167,41167,2.0657131671905518,,,,
41168,41168,2.114060878753662,,,,
41169,41169,,2.1819264888763428,,,
41169,41169,2.1819264888763428,,,,
41170,41170,2.3796579837799072,,,,
41171,41171,2.257777690887451,,,,
41172,41172,2.2854514122009277,,,,
41173,41173,2.090630054473877,,,,
41174,41174,2.028707981109619,,,,
41175,41175,2.0971271991729736,,,,
41176,41176,2.1916985511779785,,,,
41177,41177,2.3488290309906006,,,,
41178,41178,2.210244655609131,,,,
41179,41179,,2.217534065246582,,,
41179,41179,2.217534065246582,,,,
41180,41180,2.103217124938965,,,,
41181,41181,2.032362461090088,,,,
41182,41182,2.0263798236846924,,,,
41183,41183,2.051867961883545,,,,
41184,41184,2.0892832279205322,,,,
41185,41185,2.0807178020477295,,,,
41186,41186,2.0554518699645996,,,,
41187,41187,2.0296244621276855,,,,
41188,41188,2.019507884979248,,,,
41189,41189,,2.02219295501709,,,
41189,41189,2.02219295501709,,,,
41190,41190,2.024264335632324,,,,
41191,41191,2.0287652015686035,,,,
41192,41192,2.0392906665802,,,,
41193,41193,2.0365569591522217,,,,
41194,41194,2.0791759490966797,,,,
41195,41195,2.128416061401367,,,,
41196,41196,2.2403225898742676,,,,
41197,41197,2.7650389671325684,,,,
41198,41198,2.525599241256714,,,,
41199,41199,,2.9292099475860596,,,
41199,41199,2.9292099475860596,,,,
41200,41200,2.203031063079834,,,,
41201,41201,2.024601697921753,,,,
41202,41202,2.1336419582366943,,,,
41203,41203,2.2900984287261963,,,,
41204,41204,2.702409029006958,,,,
41205,41205,2.179309844970703,,,,
41206,41206,2.0309956073760986,,,,
41207,41207,2.0592451095581055,,,,
41208,41208,2.1788458824157715,,,,
41209,41209,,2.478924512863159,,,
41209,41209,2.478924512863159,,,,
41210,41210,2.199880838394165,,,,
41211,41211,2.0154480934143066,,,,
41212,41212,2.0271718502044678,,,,
41213,41213,2.0760953426361084,,,,
41214,41214,2.2322940826416016,,,,
41215,41215,2.237668514251709,,,,
41216,41216,2.3167362213134766,,,,
41217,41217,2.077955722808838,,,,
41218,41218,2.0124359130859375,,,,
41219,41219,,2.0552978515625,,,
41219,41219,2.0552978515625,,,,
41220,41220,2.1770334243774414,,,,
41221,41221,2.2895491123199463,,,,
41222,41222,2.0540599822998047,,,,
41223,41223,2.011245012283325,,,,
41224,41224,2.1004364490509033,,,,
41225,41225,2.1381311416625977,,,,
41226,41226,2.167604923248291,,,,
41227,41227,2.0576605796813965,,,,
41228,41228,1.998023271560669,,,,
41229,41229,,2.0203919410705566,,,
41229,41229,2.0203919410705566,,,,
41230,41230,2.136730670928955,,,,
41231,41231,2.3581409454345703,,,,
41232,41232,2.1242685317993164,,,,
41233,41233,2.0389692783355713,,,,
41234,41234,2.000991106033325,,,,
41235,41235,2.013134241104126,,,,
41236,41236,2.0749950408935547,,,,
41237,41237,2.0964808464050293,,,,
41238,41238,2.1145436763763428,,,,
41239,41239,,2.039031744003296,,,
41239,41239,2.039031744003296,,,,
41240,41240,1.9937694072723389,,,,
41241,41241,1.9878919124603271,,,,
41242,41242,1.989579200744629,,,,
41243,41243,1.9828230142593384,,,,
41244,41244,2.00661301612854,,,,
41245,41245,2.044804811477661,,,,
41246,41246,2.1189193725585938,,,,
41247,41247,2.240690231323242,,,,
41248,41248,2.070258617401123,,,,
41249,41249,,1.970236897468567,,,
41249,41249,1.970236897468567,,,,
41250,41250,1.9924386739730835,,,,
41251,41251,2.111509323120117,,,,
41252,41252,2.379060745239258,,,,
41253,41253,2.2081105709075928,,,,
41254,41254,2.1116063594818115,,,,
41255,41255,1.9992787837982178,,,,
41256,41256,1.981773853302002,,,,
41257,41257,2.024557113647461,,,,
41258,41258,2.1197640895843506,,,,
41259,41259,,2.2351412773132324,,,
41259,41259,2.2351412773132324,,,,
41260,41260,2.0863733291625977,,,,
41261,41261,2.0018270015716553,,,,
41262,41262,1.9639167785644531,,,,
41263,41263,1.9650930166244507,,,,
41264,41264,1.996291160583496,,,,
41265,41265,2.045907974243164,,,,
41266,41266,2.0915019512176514,,,,
41267,41267,2.045567750930786,,,,
41268,41268,2.0191636085510254,,,,
41269,41269,,1.9951152801513672,,,
41269,41269,1.9951152801513672,,,,
41270,41270,1.9597092866897583,,,,
41271,41271,1.965633749961853,,,,
41272,41272,1.9581279754638672,,,,
41273,41273,1.990053415298462,,,,
41274,41274,2.0064334869384766,,,,
41275,41275,2.027129888534546,,,,
41276,41276,2.0655677318573,,,,
41277,41277,2.027705430984497,,,,
41278,41278,2.0126993656158447,,,,
41279,41279,,2.0034353733062744,,,
41279,41279,2.0034353733062744,,,,
41280,41280,1.9805560111999512,,,,
41281,41281,1.9988534450531006,,,,
41282,41282,2.0537517070770264,,,,
41283,41283,2.1045539379119873,,,,
41284,41284,2.2583463191986084,,,,
41285,41285,2.091648578643799,,,,
41286,41286,2.0462586879730225,,,,
41287,41287,1.9785006046295166,,,,
41288,41288,1.9372529983520508,,,,
41289,41289,,1.939447045326233,,,
41289,41289,1.939447045326233,,,,
41290,41290,1.9345154762268066,,,,
41291,41291,1.9486181735992432,,,,
41292,41292,1.9602104425430298,,,,
41293,41293,1.9639970064163208,,,,
41294,41294,1.963258981704712,,,,
41295,41295,1.9742076396942139,,,,
41296,41296,1.9739899635314941,,,,
41297,41297,1.971886157989502,,,,
41298,41298,1.9750077724456787,,,,
41299,41299,,1.9986004829406738,,,
41299,41299,1.9986004829406738,,,,
41300,41300,2.0184617042541504,,,,
41301,41301,2.02122163772583,,,,
41302,41302,2.0073766708374023,,,,
41303,41303,2.005289077758789,,,,
41304,41304,1.9730535745620728,,,,
41305,41305,1.9800035953521729,,,,
41306,41306,1.9796925783157349,,,,
41307,41307,2.011796474456787,,,,
41308,41308,2.0014710426330566,,,,
41309,41309,,2.017178773880005,,,
41309,41309,2.017178773880005,,,,
41310,41310,2.014458179473877,,,,
41311,41311,2.0502731800079346,,,,
41312,41312,2.0542736053466797,,,,
41313,41313,2.1753320693969727,,,,
41314,41314,2.1553688049316406,,,,
41315,41315,2.277670383453369,,,,
41316,41316,2.1051580905914307,,,,
41317,41317,2.0521891117095947,,,,
41318,41318,1.9333710670471191,,,,
41319,41319,,1.908825159072876,,,
41319,41319,1.908825159072876,,,,
41320,41320,1.9490978717803955,,,,
41321,41321,2.0269317626953125,,,,
41322,41322,2.181401014328003,,,,
41323,41323,2.15366268157959,,,,
41324,41324,2.250607967376709,,,,
41325,41325,2.028015375137329,,,,
41326,41326,1.936732530593872,,,,
41327,41327,1.905510663986206,,,,
41328,41328,1.9094783067703247,,,,
41329,41329,,1.958735704421997,,,
41329,41329,1.958735704421997,,,,
41330,41330,1.9906221628189087,,,,
41331,41331,2.027902364730835,,,,
41332,41332,1.9743237495422363,,,,
41333,41333,1.9593682289123535,,,,
41334,41334,1.9205906391143799,,,,
41335,41335,1.9080524444580078,,,,
41336,41336,1.8920385837554932,,,,
41337,41337,1.898824691772461,,,,
41338,41338,1.9260408878326416,,,,
41339,41339,,1.9796746969223022,,,
41339,41339,1.9796746969223022,,,,
41340,41340,2.100151777267456,,,,
41341,41341,2.144251823425293,,,,
41342,41342,2.426844835281372,,,,
41343,41343,2.2127685546875,,,,
41344,41344,2.3509790897369385,,,,
41345,41345,2.024967670440674,,,,
41346,41346,1.9251409769058228,,,,
41347,41347,1.9002549648284912,,,,
41348,41348,2.031564712524414,,,,
41349,41349,,2.187429666519165,,,
41349,41349,2.187429666519165,,,,
41350,41350,2.1569502353668213,,,,
41351,41351,2.1154816150665283,,,,
41352,41352,1.9513832330703735,,,,
41353,41353,1.8935829401016235,,,,
41354,41354,1.9906903505325317,,,,
41355,41355,2.001957893371582,,,,
41356,41356,2.0400795936584473,,,,
41357,41357,1.9301058053970337,,,,
41358,41358,1.8882184028625488,,,,
41359,41359,,1.8870588541030884,,,
41359,41359,1.8870588541030884,,,,
41360,41360,1.913596272468567,,,,
41361,41361,1.9849590063095093,,,,
41362,41362,1.9718304872512817,,,,
41363,41363,1.985452651977539,,,,
41364,41364,1.9291150569915771,,,,
41365,41365,1.8943161964416504,,,,
41366,41366,1.8776863813400269,,,,
41367,41367,1.9075047969818115,,,,
41368,41368,1.9559755325317383,,,,
41369,41369,,2.006037950515747,,,
41369,41369,2.006037950515747,,,,
41370,41370,2.1037750244140625,,,,
41371,41371,2.0629210472106934,,,,
41372,41372,2.077749013900757,,,,
41373,41373,1.9544252157211304,,,,
41374,41374,1.888749599456787,,,,
41375,41375,1.8700740337371826,,,,
41376,41376,1.8656411170959473,,,,
41377,41377,1.8797314167022705,,,,
41378,41378,1.875410795211792,,,,
41379,41379,,1.878011703491211,,,
41379,41379,1.878011703491211,,,,
41380,41380,1.9042295217514038,,,,
41381,41381,1.929412841796875,,,,
41382,41382,2.0291380882263184,,,,
41383,41383,2.1315784454345703,,,,
41384,41384,2.7692389488220215,,,,
41385,41385,2.4079678058624268,,,,
41386,41386,3.0661463737487793,,,,
41387,41387,2.1352646350860596,,,,
41388,41388,1.9047738313674927,,,,
41389,41389,,1.9415843486785889,,,
41389,41389,1.9415843486785889,,,,
41390,41390,2.164667844772339,,,,
41391,41391,2.850951671600342,,,,
41392,41392,2.134111166000366,,,,
41393,41393,1.885640025138855,,,,
41394,41394,2.1000678539276123,,,,
41395,41395,2.094975233078003,,,,
41396,41396,2.1911933422088623,,,,
41397,41397,1.9179184436798096,,,,
41398,41398,1.9177688360214233,,,,
41399,41399,,2.010719060897827,,,
41399,41399,2.010719060897827,,,,
41400,41400,1.9965338706970215,,,,
41401,41401,1.9780645370483398,,,,
41402,41402,1.8825870752334595,,,,
41403,41403,1.909808874130249,,,,
41404,41404,1.9642457962036133,,,,
41405,41405,1.9942495822906494,,,,
41406,41406,1.9680410623550415,,,,
41407,41407,1.921122670173645,,,,
41408,41408,1.8487939834594727,,,,
41409,41409,,1.886877179145813,,,
41409,41409,1.886877179145813,,,,
41410,41410,1.8959181308746338,,,,
41411,41411,1.9672954082489014,,,,
41412,41412,1.936369776725769,,,,
41413,41413,1.9462459087371826,,,,
41414,41414,1.8882642984390259,,,,
41415,41415,1.8675239086151123,,,,
41416,41416,1.8494075536727905,,,,
41417,41417,1.8569012880325317,,,,
41418,41418,1.8871827125549316,,,,
41419,41419,,1.9202264547348022,,,
41419,41419,1.9202264547348022,,,,
41420,41420,1.988040566444397,,,,
41421,41421,1.96353018283844,,,,
41422,41422,1.9970085620880127,,,,
41423,41423,1.8989925384521484,,,,
41424,41424,1.8576747179031372,,,,
41425,41425,1.8485594987869263,,,,
41426,41426,1.8464199304580688,,,,
41427,41427,1.8394819498062134,,,,
41428,41428,1.8428255319595337,,,,
41429,41429,,1.8460736274719238,,,
41429,41429,1.8460736274719238,,,,
41430,41430,1.863315463066101,,,,
41431,41431,1.863112449645996,,,,
41432,41432,1.8931268453598022,,,,
41433,41433,1.910056710243225,,,,
41434,41434,2.035402536392212,,,,
41435,41435,2.1249940395355225,,,,
41436,41436,2.826247215270996,,,,
41437,41437,2.1949455738067627,,,,
41438,41438,2.1203455924987793,,,,
41439,41439,,1.889725685119629,,,
41439,41439,1.889725685119629,,,,
41440,41440,1.839746117591858,,,,
41441,41441,1.85202157497406,,,,
41442,41442,1.8883233070373535,,,,
41443,41443,2.109633684158325,,,,
41444,41444,2.1951935291290283,,,,
41445,41445,2.89906644821167,,,,
41446,41446,1.9997522830963135,,,,
41447,41447,1.963629961013794,,,,
41448,41448,2.73750376701355,,,,
41449,41449,,2.21437931060791,,,
41449,41449,2.21437931060791,,,,
41450,41450,2.0560953617095947,,,,
41451,41451,1.8469094038009644,,,,
41452,41452,2.0653886795043945,,,,
41453,41453,2.476698398590088,,,,
41454,41454,2.029273271560669,,,,
41455,41455,1.940027117729187,,,,
41456,41456,2.567453384399414,,,,
41457,41457,2.124758005142212,,,,
41458,41458,2.0604517459869385,,,,
41459,41459,,1.8381403684616089,,,
41459,41459,1.8381403684616089,,,,
41460,41460,2.063113212585449,,,,
41461,41461,2.208209991455078,,,,
41462,41462,2.024247884750366,,,,
41463,41463,1.8374794721603394,,,,
41464,41464,2.175981283187866,,,,
41465,41465,2.010411262512207,,,,
41466,41466,2.158093214035034,,,,
41467,41467,1.8500970602035522,,,,
41468,41468,2.008605718612671,,,,
41469,41469,,2.3195488452911377,,,
41469,41469,2.3195488452911377,,,,
41470,41470,2.076517105102539,,,,
41471,41471,1.827373743057251,,,,
41472,41472,2.1675543785095215,,,,
41473,41473,2.1682822704315186,,,,
41474,41474,2.5916237831115723,,,,
41475,41475,1.843762993812561,,,,
41476,41476,3.0960028171539307,,,,
41477,41477,7.903194904327393,,,,
41478,41478,4.021295070648193,,,,
41479,41479,,18.024478912353516,,,
41479,41479,18.024478912353516,,,,
41480,41480,89.58009338378906,,,,
41481,41481,141.6568603515625,,,,
41482,41482,163.0150909423828,,,,
41483,41483,164.78323364257812,,,,
41484,41484,152.953125,,,,
41485,41485,131.44529724121094,,,,
41486,41486,103.6579360961914,,,,
41487,41487,72.83518981933594,,,,
41488,41488,42.466102600097656,,,,
41489,41489,,18.64236068725586,,,
41489,41489,18.64236068725586,,,,
41490,41490,47.739402770996094,,,,
41491,41491,54.108882904052734,,,,
41492,41492,51.167240142822266,,,,
41493,41493,46.33984375,,,,
41494,41494,43.832244873046875,,,,
41495,41495,44.0826301574707,,,,
41496,41496,38.6226921081543,,,,
41497,41497,26.880714416503906,,,,
41498,41498,20.943986892700195,,,,
41499,41499,,23.237150192260742,,,
41499,41499,,,0.15796922147274017,152.62875366210938,96.73773956298828
41499,41499,23.237150192260742,,,,
41500,41500,27.257862091064453,,,,
41501,41501,30.460378646850586,,,,
41502,41502,31.940778732299805,,,,
41503,41503,31.802425384521484,,,,
41504,41504,30.13785171508789,,,,
41505,41505,27.573869705200195,,,,
41506,41506,24.779897689819336,,,,
41507,41507,22.988018035888672,,,,
41508,41508,23.14756202697754,,,,
41509,41509,,25.21660041809082,,,
41509,41509,25.21660041809082,,,,
41510,41510,26.83943748474121,,,,
41511,41511,26.8374080657959,,,,
41512,41512,25.32006072998047,,,,
41513,41513,23.304962158203125,,,,
41514,41514,22.150474548339844,,,,
41515,41515,22.389902114868164,,,,
41516,41516,23.092681884765625,,,,
41517,41517,23.59638786315918,,,,
41518,41518,23.563785552978516,,,,
41519,41519,,22.94144058227539,,,
41519,41519,22.94144058227539,,,,
41520,41520,21.97422981262207,,,,
41521,41521,21.0399169921875,,,,
41522,41522,20.66266441345215,,,,
41523,41523,20.949007034301758,,,,
41524,41524,21.332983016967773,,,,
41525,41525,21.14274787902832,,,,
41526,41526,20.392868041992188,,,,
41527,41527,19.789186477661133,,,,
41528,41528,19.66808319091797,,,,
41529,41529,,19.825767517089844,,,
41529,41529,19.825767517089844,,,,
41530,41530,19.956932067871094,,,,
41531,41531,19.6876277923584,,,,
41532,41532,19.221773147583008,,,,
41533,41533,18.861331939697266,,,,
41534,41534,18.772754669189453,,,,
41535,41535,18.862279891967773,,,,
41536,41536,18.83796501159668,,,,
41537,41537,18.53436851501465,,,,
41538,41538,18.15384292602539,,,,
41539,41539,,18.101900100708008,,,
41539,41539,18.101900100708008,,,,
41540,41540,18.106382369995117,,,,
41541,41541,18.079296112060547,,,,
41542,41542,17.82488441467285,,,,
41543,41543,17.580440521240234,,,,
41544,41544,17.33580207824707,,,,
41545,41545,17.367448806762695,,,,
41546,41546,17.263830184936523,,,,
41547,41547,17.078760147094727,,,,
41548,41548,16.886104583740234,,,,
41549,41549,,16.742477416992188,,,
41549,41549,16.742477416992188,,,,
41550,41550,16.800058364868164,,,,
41551,41551,16.622243881225586,,,,
41552,41552,16.51090431213379,,,,
41553,41553,16.329490661621094,,,,
41554,41554,16.25421905517578,,,,
41555,41555,16.18739891052246,,,,
41556,41556,16.02197265625,,,,
41557,41557,15.877758979797363,,,,
41558,41558,15.82114028930664,,,,
41559,41559,,15.721986770629883,,,
41559,41559,15.721986770629883,,,,
41560,41560,15.66911506652832,,,,
41561,41561,15.571022033691406,,,,
41562,41562,15.495388984680176,,,,
41563,41563,15.29539680480957,,,,
41564,41564,15.203531265258789,,,,
41565,41565,15.140106201171875,,,,
41566,41566,15.051794052124023,,,,
41567,41567,14.960558891296387,,,,
41568,41568,14.861845016479492,,,,
41569,41569,,14.78299617767334,,,
41569,41569,14.78299617767334,,,,
41570,41570,14.732954978942871,,,,
41571,41571,14.612808227539062,,,,
41572,41572,14.500473976135254,,,,
41573,41573,14.449604034423828,,,,
41574,41574,14.384530067443848,,,,
41575,41575,14.281981468200684,,,,
41576,41576,14.13930892944336,,,,
41577,41577,14.107780456542969,,,,
41578,41578,14.04694652557373,,,,
41579,41579,,13.93777847290039,,,
41579,41579,13.93777847290039,,,,
41580,41580,13.844295501708984,,,,
41581,41581,13.718892097473145,,,,
41582,41582,13.607314109802246,,,,
41583,41583,13.571022987365723,,,,
41584,41584,13.511758804321289,,,,
41585,41585,13.36995792388916,,,,
41586,41586,13.287104606628418,,,,
41587,41587,13.19467830657959,,,,
41588,41588,13.192511558532715,,,,
41589,41589,,13.13751220703125,,,
41589,41589,13.13751220703125,,,,
41590,41590,13.126485824584961,,,,
41591,41591,12.967375755310059,,,,
41592,41592,12.870427131652832,,,,
41593,41593,12.722620964050293,,,,
41594,41594,12.619284629821777,,,,
41595,41595,12.562125205993652,,,,
41596,41596,12.504911422729492,,,,
41597,41597,12.447370529174805,,,,
41598,41598,12.419114112854004,,,,
41599,41599,,12.40278434753418,,,
41599,41599,12.40278434753418,,,,
41600,41600,12.323622703552246,,,,
41601,41601,12.250778198242188,,,,
41602,41602,12.11220932006836,,,,
41603,41603,12.096808433532715,,,,
41604,41604,12.080840110778809,,,,
41605,41605,12.050722122192383,,,,
41606,41606,12.002847671508789,,,,
41607,41607,11.944826126098633,,,,
41608,41608,11.930668830871582,,,,
41609,41609,,11.888588905334473,,,
41609,41609,11.888588905334473,,,,
41610,41610,11.836915016174316,,,,
41611,41611,11.765904426574707,,,,
41612,41612,11.760055541992188,,,,
41613,41613,11.692631721496582,,,,
41614,41614,11.627168655395508,,,,
41615,41615,11.5458345413208,,,,
41616,41616,11.510887145996094,,,,
41617,41617,11.467066764831543,,,,
41618,41618,11.429539680480957,,,,
41619,41619,,11.356758117675781,,,
41619,41619,11.356758117675781,,,,
41620,41620,11.281631469726562,,,,
41621,41621,11.286726951599121,,,,
41622,41622,11.268702507019043,,,,
41623,41623,11.308698654174805,,,,
41624,41624,11.266307830810547,,,,
41625,41625,11.192634582519531,,,,
41626,41626,11.165452003479004,,,,
41627,41627,11.081385612487793,,,,
41628,41628,11.031723022460938,,,,
41629,41629,,11.001306533813477,,,
41629,41629,11.001306533813477,,,,
41630,41630,11.015351295471191,,,,
41631,41631,10.958837509155273,,,,
41632,41632,10.909313201904297,,,,
41633,41633,10.858821868896484,,,,
41634,41634,10.822482109069824,,,,
41635,41635,10.760456085205078,,,,
41636,41636,10.73941421508789,,,,
41637,41637,10.753399848937988,,,,
41638,41638,10.671613693237305,,,,
41639,41639,,10.600577354431152,,,
41639,41639,10.600577354431152,,,,
41640,41640,10.564772605895996,,,,
41641,41641,10.558889389038086,,,,
41642,41642,10.5000581741333,,,,
41643,41643,10.479756355285645,,,,
41644,41644,10.322792053222656,,,,
41645,41645,10.363907814025879,,,,
41646,41646,10.376730918884277,,,,
41647,41647,10.359660148620605,,,,
41648,41648,10.391763687133789,,,,
41649,41649,,10.287249565124512,,,
41649,41649,10.287249565124512,,,,
41650,41650,10.218878746032715,,,,
41651,41651,10.125446319580078,,,,
41652,41652,10.162409782409668,,,,
41653,41653,10.151887893676758,,,,
41654,41654,10.105720520019531,,,,
41655,41655,9.997583389282227,,,,
41656,41656,9.96091365814209,,,,
41657,41657,9.937432289123535,,,,
41658,41658,9.958381652832031,,,,
41659,41659,,9.88891887664795,,,
41659,41659,9.88891887664795,,,,
41660,41660,9.862481117248535,,,,
41661,41661,9.721485137939453,,,,
41662,41662,9.649619102478027,,,,
41663,41663,9.666388511657715,,,,
41664,41664,9.676196098327637,,,,
41665,41665,9.686079025268555,,,,
41666,41666,9.630187034606934,,,,
41667,41667,9.554500579833984,,,,
41668,41668,9.506038665771484,,,,
41669,41669,,9.456177711486816,,,
41669,41669,9.456177711486816,,,,
41670,41670,9.429389953613281,,,,
41671,41671,9.437141418457031,,,,
41672,41672,9.421749114990234,,,,
41673,41673,9.412939071655273,,,,
41674,41674,9.348129272460938,,,,
41675,41675,9.36452865600586,,,,
41676,41676,9.353212356567383,,,,
41677,41677,9.345521926879883,,,,
41678,41678,9.287398338317871,,,,
41679,41679,,9.29055118560791,,,
41679,41679,9.29055118560791,,,,
41680,41680,9.221820831298828,,,,
41681,41681,9.16862964630127,,,,
41682,41682,9.1243896484375,,,,
41683,41683,9.098774909973145,,,,
41684,41684,9.118804931640625,,,,
41685,41685,9.081408500671387,,,,
41686,41686,9.057246208190918,,,,
41687,41687,9.026623725891113,,,,
41688,41688,9.09816837310791,,,,
41689,41689,,9.101012229919434,,,
41689,41689,9.101012229919434,,,,
41690,41690,9.079200744628906,,,,
41691,41691,9.097105026245117,,,,
41692,41692,9.129583358764648,,,,
41693,41693,9.054024696350098,,,,
41694,41694,9.036633491516113,,,,
41695,41695,8.960400581359863,,,,
41696,41696,8.96374797821045,,,,
41697,41697,8.941414833068848,,,,
41698,41698,8.923250198364258,,,,
41699,41699,,8.901837348937988,,,
41699,41699,8.901837348937988,,,,
41700,41700,8.842901229858398,,,,
41701,41701,8.807409286499023,,,,
41702,41702,8.763102531433105,,,,
41703,41703,8.72896671295166,,,,
41704,41704,8.71723747253418,,,,
41705,41705,8.711569786071777,,,,
41706,41706,8.70182991027832,,,,
41707,41707,8.695157051086426,,,,
41708,41708,8.690425872802734,,,,
41709,41709,,8.642674446105957,,,
41709,41709,8.642674446105957,,,,
41710,41710,8.601075172424316,,,,
41711,41711,8.628790855407715,,,,
41712,41712,8.64688491821289,,,,
41713,41713,8.617396354675293,,,,
41714,41714,8.607770919799805,,,,
41715,41715,8.550007820129395,,,,
41716,41716,8.500258445739746,,,,
41717,41717,8.495768547058105,,,,
41718,41718,8.447998046875,,,,
41719,41719,,8.446695327758789,,,
41719,41719,8.446695327758789,,,,
41720,41720,8.400930404663086,,,,
41721,41721,8.429855346679688,,,,
41722,41722,8.408564567565918,,,,
41723,41723,8.342620849609375,,,,
41724,41724,8.33929443359375,,,,
41725,41725,8.306678771972656,,,,
41726,41726,8.33659839630127,,,,
41727,41727,8.316746711730957,,,,
41728,41728,8.201408386230469,,,,
41729,41729,,8.171659469604492,,,
41729,41729,8.171659469604492,,,,
41730,41730,8.149923324584961,,,,
41731,41731,8.111218452453613,,,,
41732,41732,8.009845733642578,,,,
41733,41733,7.947417259216309,,,,
41734,41734,7.901218414306641,,,,
41735,41735,7.81626558303833,,,,
41736,41736,7.781970024108887,,,,
41737,41737,7.712093353271484,,,,
41738,41738,7.690975189208984,,,,
41739,41739,,7.660851955413818,,,
41739,41739,7.660851955413818,,,,
41740,41740,7.578333377838135,,,,
41741,41741,7.5505571365356445,,,,
41742,41742,7.484853744506836,,,,
41743,41743,7.459179401397705,,,,
41744,41744,7.520813465118408,,,,
41745,41745,7.427273750305176,,,,
41746,41746,7.310654640197754,,,,
41747,41747,7.219907760620117,,,,
41748,41748,7.162744998931885,,,,
41749,41749,,7.011855602264404,,,
41749,41749,7.011855602264404,,,,
41750,41750,6.969151973724365,,,,
41751,41751,6.944517612457275,,,,
41752,41752,6.839123725891113,,,,
41753,41753,6.796757698059082,,,,
41754,41754,6.635321617126465,,,,
41755,41755,6.442295074462891,,,,
41756,41756,6.3607964515686035,,,,
41757,41757,6.355853080749512,,,,
41758,41758,6.376095771789551,,,,
41759,41759,,6.196523666381836,,,
41759,41759,6.196523666381836,,,,
41760,41760,6.107656002044678,,,,
41761,41761,6.050697326660156,,,,
41762,41762,5.90844202041626,,,,
41763,41763,5.761075973510742,,,,
41764,41764,5.590782642364502,,,,
41765,41765,5.609315872192383,,,,
41766,41766,5.539740085601807,,,,
41767,41767,5.486647129058838,,,,
41768,41768,5.381593704223633,,,,
41769,41769,,5.284774303436279,,,
41769,41769,5.284774303436279,,,,
41770,41770,5.15609884262085,,,,
41771,41771,5.081662178039551,,,,
41772,41772,4.981036186218262,,,,
41773,41773,4.902421474456787,,,,
41774,41774,4.863465309143066,,,,
41775,41775,4.804476737976074,,,,
41776,41776,4.778017997741699,,,,
41777,41777,4.744256973266602,,,,
41778,41778,4.704556465148926,,,,
41779,41779,,4.653522491455078,,,
41779,41779,4.653522491455078,,,,
41780,41780,4.643932819366455,,,,
41781,41781,4.595747470855713,,,,
41782,41782,4.54529333114624,,,,
41783,41783,4.516603469848633,,,,
41784,41784,4.476451873779297,,,,
41785,41785,4.472325325012207,,,,
41786,41786,4.4485321044921875,,,,
41787,41787,4.4214301109313965,,,,
41788,41788,4.389657974243164,,,,
41789,41789,,4.342926025390625,,,
41789,41789,4.342926025390625,,,,
41790,41790,4.319642543792725,,,,
41791,41791,4.317956924438477,,,,
41792,41792,4.276845932006836,,,,
41793,41793,4.226665019989014,,,,
41794,41794,4.223247051239014,,,,
41795,41795,4.226593017578125,,,,
41796,41796,4.189143657684326,,,,
41797,41797,4.1667866706848145,,,,
41798,41798,4.178124904632568,,,,
41799,41799,,4.158691883087158,,,
41799,41799,4.158691883087158,,,,
41800,41800,4.14933967590332,,,,
41801,41801,4.1141862869262695,,,,
41802,41802,4.115639686584473,,,,
41803,41803,4.107727527618408,,,,
41804,41804,4.096146106719971,,,,
41805,41805,4.114105224609375,,,,
41806,41806,4.092044830322266,,,,
41807,41807,4.068569183349609,,,,
41808,41808,4.045131206512451,,,,
41809,41809,,4.0606842041015625,,,
41809,41809,4.0606842041015625,,,,
41810,41810,4.034776210784912,,,,
41811,41811,3.9882640838623047,,,,
41812,41812,3.9768879413604736,,,,
41813,41813,3.9594662189483643,,,,
41814,41814,3.9484636783599854,,,,
41815,41815,3.939729928970337,,,,
41816,41816,3.9550325870513916,,,,
41817,41817,3.9407193660736084,,,,
41818,41818,3.9202394485473633,,,,
41819,41819,,3.955629587173462,,,
41819,41819,3.955629587173462,,,,
41820,41820,3.9048147201538086,,,,
41821,41821,3.9234702587127686,,,,
41822,41822,3.9281444549560547,,,,
41823,41823,3.913892984390259,,,,
41824,41824,3.9044978618621826,,,,
41825,41825,3.889443874359131,,,,
41826,41826,3.8541247844696045,,,,
41827,41827,3.835378885269165,,,,
41828,41828,3.839062213897705,,,,
41829,41829,,3.849154472351074,,,
41829,41829,3.849154472351074,,,,
41830,41830,3.832698106765747,,,,
41831,41831,3.839395046234131,,,,
41832,41832,3.805215358734131,,,,
41833,41833,3.82987904548645,,,,
41834,41834,3.7710628509521484,,,,
41835,41835,3.800034999847412,,,,
41836,41836,3.782787799835205,,,,
41837,41837,3.781116485595703,,,,
41838,41838,3.7625503540039062,,,,
41839,41839,,3.7468483448028564,,,
41839,41839,3.7468483448028564,,,,
41840,41840,3.73715877532959,,,,
41841,41841,3.719655752182007,,,,
41842,41842,3.741013288497925,,,,
41843,41843,3.7097866535186768,,,,
41844,41844,3.7314414978027344,,,,
41845,41845,3.7028861045837402,,,,
41846,41846,3.6946728229522705,,,,
41847,41847,3.7027246952056885,,,,
41848,41848,3.69223952293396,,,,
41849,41849,,3.6973750591278076,,,
41849,41849,3.6973750591278076,,,,
41850,41850,3.667057514190674,,,,
41851,41851,3.648580312728882,,,,
41852,41852,3.6452319622039795,,,,
41853,41853,3.65152645111084,,,,
41854,41854,3.639803886413574,,,,
41855,41855,3.6271440982818604,,,,
41856,41856,3.5733423233032227,,,,
41857,41857,3.529874324798584,,,,
41858,41858,3.565328598022461,,,,
41859,41859,,3.5097403526306152,,,
41859,41859,3.5097403526306152,,,,
41860,41860,3.5337793827056885,,,,
41861,41861,3.5209298133850098,,,,
41862,41862,3.4933125972747803,,,,
41863,41863,3.477085828781128,,,,
41864,41864,3.485056161880493,,,,
41865,41865,3.438305139541626,,,,
41866,41866,3.4387831687927246,,,,
41867,41867,3.439028263092041,,,,
41868,41868,3.4292986392974854,,,,
41869,41869,,3.4343366622924805,,,
41869,41869,3.4343366622924805,,,,
41870,41870,3.419853687286377,,,,
41871,41871,3.408855438232422,,,,
41872,41872,3.3910579681396484,,,,
41873,41873,3.3965909481048584,,,,
41874,41874,3.419060230255127,,,,
41875,41875,3.3742356300354004,,,,
41876,41876,3.382880687713623,,,,
41877,41877,3.3738670349121094,,,,
41878,41878,3.327012300491333,,,,
41879,41879,,3.3556442260742188,,,
41879,41879,3.3556442260742188,,,,
41880,41880,3.314861536026001,,,,
41881,41881,3.323976755142212,,,,
41882,41882,3.334569215774536,,,,
41883,41883,3.2823233604431152,,,,
41884,41884,3.270761013031006,,,,
41885,41885,3.30436110496521,,,,
41886,41886,3.295915365219116,,,,
41887,41887,3.2727458477020264,,,,
41888,41888,3.2699921131134033,,,,
41889,41889,,3.2928285598754883,,,
41889,41889,3.2928285598754883,,,,
41890,41890,3.279526472091675,,,,
41891,41891,3.2639434337615967,,,,
41892,41892,3.2851145267486572,,,,
41893,41893,3.2438931465148926,,,,
41894,41894,3.241696357727051,,,,
41895,41895,3.2634999752044678,,,,
41896,41896,3.2398664951324463,,,,
41897,41897,3.234680652618408,,,,
41898,41898,3.256521463394165,,,,
41899,41899,,3.2438101768493652,,,
41899,41899,3.2438101768493652,,,,
41900,41900,3.205717086791992,,,,
41901,41901,3.236176013946533,,,,
41902,41902,3.2260501384735107,,,,
41903,41903,3.2197651863098145,,,,
41904,41904,3.19184947013855,,,,
41905,41905,3.1976280212402344,,,,
41906,41906,3.186523199081421,,,,
41907,41907,3.1817166805267334,,,,
41908,41908,3.175313711166382,,,,
41909,41909,,3.1694860458374023,,,
41909,41909,3.1694860458374023,,,,
41910,41910,3.170374631881714,,,,
41911,41911,3.162961483001709,,,,
41912,41912,3.1791062355041504,,,,
41913,41913,3.1435725688934326,,,,
41914,41914,3.156604528427124,,,,
41915,41915,3.170989513397217,,,,
41916,41916,3.145240306854248,,,,
41917,41917,3.148124933242798,,,,
41918,41918,3.148946523666382,,,,
41919,41919,,3.1344475746154785,,,
41919,41919,3.1344475746154785,,,,
41920,41920,3.1371989250183105,,,,
41921,41921,3.1135153770446777,,,,
41922,41922,3.114955186843872,,,,
41923,41923,3.113675594329834,,,,
41924,41924,3.099290132522583,,,,
41925,41925,3.096039056777954,,,,
41926,41926,3.1056878566741943,,,,
41927,41927,3.100360631942749,,,,
41928,41928,3.0961270332336426,,,,
41929,41929,,3.1080150604248047,,,
41929,41929,3.1080150604248047,,,,
41930,41930,3.0908076763153076,,,,
41931,41931,3.087657928466797,,,,
41932,41932,3.0962846279144287,,,,
41933,41933,3.065225839614868,,,,
41934,41934,3.057678461074829,,,,
41935,41935,3.0665414333343506,,,,
41936,41936,3.0500099658966064,,,,
41937,41937,3.0461602210998535,,,,
41938,41938,3.0429041385650635,,,,
41939,41939,,3.0279550552368164,,,
41939,41939,3.0279550552368164,,,,
41940,41940,3.0206422805786133,,,,
41941,41941,3.0172619819641113,,,,
41942,41942,3.0317094326019287,,,,
41943,41943,3.0210325717926025,,,,
41944,41944,3.0230987071990967,,,,
41945,41945,3.0105950832366943,,,,
41946,41946,3.02803897857666,,,,
41947,41947,2.9831814765930176,,,,
41948,41948,3.028409481048584,,,,
41949,41949,,2.9782297611236572,,,
41949,41949,2.9782297611236572,,,,
41950,41950,3.046562910079956,,,,
41951,41951,2.967532157897949,,,,
41952,41952,3.0831713676452637,,,,
41953,41953,2.9574358463287354,,,,
41954,41954,3.019874095916748,,,,
41955,41955,2.9640743732452393,,,,
41956,41956,2.9573264122009277,,,,
41957,41957,3.0006442070007324,,,,
41958,41958,2.9818241596221924,,,,
41959,41959,,3.2248735427856445,,,
41959,41959,3.2248735427856445,,,,
41960,41960,3.098598003387451,,,,
41961,41961,3.4573981761932373,,,,
41962,41962,3.160283327102661,,,,
41963,41963,3.381456136703491,,,,
41964,41964,3.0527610778808594,,,,
41965,41965,3.1706411838531494,,,,
41966,41966,2.9255359172821045,,,,
41967,41967,2.9534478187561035,,,,
41968,41968,2.845426082611084,,,,
41969,41969,,2.8888731002807617,,,
41969,41969,2.8888731002807617,,,,
41970,41970,2.820680618286133,,,,
41971,41971,2.8338353633880615,,,,
41972,41972,2.8116161823272705,,,,
41973,41973,2.818669319152832,,,,
41974,41974,2.8129239082336426,,,,
41975,41975,2.8107855319976807,,,,
41976,41976,2.814394235610962,,,,
41977,41977,2.799809217453003,,,,
41978,41978,2.7967336177825928,,,,
41979,41979,,2.7770841121673584,,,
41979,41979,2.7770841121673584,,,,
41980,41980,2.776729106903076,,,,
41981,41981,2.7744133472442627,,,,
41982,41982,2.755969524383545,,,,
41983,41983,2.770785093307495,,,,
41984,41984,2.746976375579834,,,,
41985,41985,2.7408018112182617,,,,
41986,41986,2.745213747024536,,,,
41987,41987,2.7413907051086426,,,,
41988,41988,2.726452350616455,,,,
41989,41989,,2.7295613288879395,,,
41989,41989,2.7295613288879395,,,,
41990,41990,2.7285215854644775,,,,
41991,41991,2.726043939590454,,,,
41992,41992,2.7329578399658203,,,,
41993,41993,2.71378493309021,,,,
41994,41994,2.723489284515381,,,,
41995,41995,2.700972557067871,,,,
41996,41996,2.7072179317474365,,,,
41997,41997,2.6997733116149902,,,,
41998,41998,2.6937854290008545,,,,
41999,41999,,2.684390068054199,,,
41999,41999,,,0.1904260665178299,221.7911376953125,96.73773956298828
41999,41999,2.684390068054199,,,,
42000,42000,2.677157402038574,,,,
42001,42001,2.6651816368103027,,,,
42002,42002,2.6734001636505127,,,,
42003,42003,2.6563501358032227,,,,
42004,42004,2.6394574642181396,,,,
42005,42005,2.6264848709106445,,,,
42006,42006,2.60673189163208,,,,
42007,42007,2.642270803451538,,,,
42008,42008,2.632398843765259,,,,
42009,42009,,2.6248939037323,,,
42009,42009,2.6248939037323,,,,
42010,42010,2.596158742904663,,,,
42011,42011,2.604424238204956,,,,
42012,42012,2.591482400894165,,,,
42013,42013,2.599174737930298,,,,
42014,42014,2.5928537845611572,,,,
42015,42015,2.589402437210083,,,,
42016,42016,2.578111410140991,,,,
42017,42017,2.59401798248291,,,,
42018,42018,2.581456422805786,,,,
42019,42019,,2.566723585128784,,,
42019,42019,2.566723585128784,,,,
42020,42020,2.5746982097625732,,,,
42021,42021,2.5690605640411377,,,,
42022,42022,2.5747406482696533,,,,
42023,42023,2.558586597442627,,,,
42024,42024,2.5591068267822266,,,,
42025,42025,2.559399366378784,,,,
42026,42026,2.5545856952667236,,,,
42027,42027,2.545689105987549,,,,
42028,42028,2.5327816009521484,,,,
42029,42029,,2.5430004596710205,,,
42029,42029,2.5430004596710205,,,,
42030,42030,2.542553186416626,,,,
42031,42031,2.5218307971954346,,,,
42032,42032,2.5549819469451904,,,,
42033,42033,2.4934980869293213,,,,
42034,42034,2.483718156814575,,,,
42035,42035,2.4836440086364746,,,,
42036,42036,2.4799563884735107,,,,
42037,42037,2.4729490280151367,,,,
42038,42038,2.4470765590667725,,,,
42039,42039,,2.444627523422241,,,
42039,42039,2.444627523422241,,,,
42040,42040,2.462951898574829,,,,
42041,42041,2.4484822750091553,,,,
42042,42042,2.4501147270202637,,,,
42043,42043,2.437854051589966,,,,
42044,42044,2.4354746341705322,,,,
42045,42045,2.4115207195281982,,,,
42046,42046,2.430936098098755,,,,
42047,42047,2.4065709114074707,,,,
42048,42048,2.403536796569824,,,,
42049,42049,,2.4124748706817627,,,
42049,42049,2.4124748706817627,,,,
42050,42050,2.378026008605957,,,,
42051,42051,2.3995003700256348,,,,
42052,42052,2.3763844966888428,,,,
42053,42053,2.38962721824646,,,,
42054,42054,2.35516095161438,,,,
42055,42055,2.3340322971343994,,,,
42056,42056,2.3546245098114014,,,,
42057,42057,2.3732407093048096,,,,
42058,42058,2.3667123317718506,,,,
42059,42059,,2.3548531532287598,,,
42059,42059,2.3548531532287598,,,,
42060,42060,2.324101448059082,,,,
42061,42061,2.3125903606414795,,,,
42062,42062,2.3113367557525635,,,,
42063,42063,2.3365983963012695,,,,
42064,42064,2.333118200302124,,,,
42065,42065,2.3133437633514404,,,,
42066,42066,2.2962520122528076,,,,
42067,42067,2.2765939235687256,,,,
42068,42068,2.2879223823547363,,,,
42069,42069,,2.2934226989746094,,,
42069,42069,2.2934226989746094,,,,
42070,42070,2.2883641719818115,,,,
42071,42071,2.307831287384033,,,,
42072,42072,2.2858803272247314,,,,
42073,42073,2.299051284790039,,,,
42074,42074,2.265986204147339,,,,
42075,42075,2.2577552795410156,,,,
42076,42076,2.2652621269226074,,,,
42077,42077,2.2535648345947266,,,,
42078,42078,2.2574143409729004,,,,
42079,42079,,2.257704973220825,,,
42079,42079,2.257704973220825,,,,
42080,42080,2.2460381984710693,,,,
42081,42081,2.2548980712890625,,,,
42082,42082,2.2356553077697754,,,,
42083,42083,2.2807230949401855,,,,
42084,42084,2.3424689769744873,,,,
42085,42085,2.452585458755493,,,,
42086,42086,2.920088529586792,,,,
42087,42087,3.4333267211914062,,,,
42088,42088,6.178970813751221,,,,
42089,42089,,3.1298258304595947,,,
42089,42089,3.1298258304595947,,,,
42090,42090,2.3138506412506104,,,,
42091,42091,2.3356499671936035,,,,
42092,42092,3.1480822563171387,,,,
42093,42093,5.749095439910889,,,,
42094,42094,3.2213547229766846,,,,
42095,42095,2.374662160873413,,,,
42096,42096,2.2494921684265137,,,,
42097,42097,2.7455296516418457,,,,
42098,42098,3.964453935623169,,,,
42099,42099,,2.908564329147339,,,
42099,42099,2.908564329147339,,,,
42100,42100,2.3761682510375977,,,,
42101,42101,2.213059902191162,,,,
42102,42102,2.7473573684692383,,,,
42103,42103,4.076482772827148,,,,
42104,42104,2.7042996883392334,,,,
42105,42105,2.2276008129119873,,,,
42106,42106,2.339226245880127,,,,
42107,42107,2.7817747592926025,,,,
42108,42108,3.720489025115967,,,,
42109,42109,,2.5391287803649902,,,
42109,42109,2.5391287803649902,,,,
42110,42110,2.189661741256714,,,,
42111,42111,2.251490354537964,,,,
42112,42112,2.3837966918945312,,,,
42113,42113,2.424433708190918,,,,
42114,42114,2.313572406768799,,,,
42115,42115,2.2139363288879395,,,,
42116,42116,2.1872153282165527,,,,
42117,42117,2.1640944480895996,,,,
42118,42118,2.2019472122192383,,,,
42119,42119,,2.2673592567443848,,,
42119,42119,2.2673592567443848,,,,
42120,42120,2.3212637901306152,,,,
42121,42121,2.296757459640503,,,,
42122,42122,2.309481143951416,,,,
42123,42123,2.215946912765503,,,,
42124,42124,2.20560359954834,,,,
42125,42125,2.17510986328125,,,,
42126,42126,2.13546085357666,,,,
42127,42127,2.1588590145111084,,,,
42128,42128,2.1348893642425537,,,,
42129,42129,,2.1339824199676514,,,
42129,42129,2.1339824199676514,,,,
42130,42130,2.1390631198883057,,,,
42131,42131,2.153564214706421,,,,
42132,42132,2.1527483463287354,,,,
42133,42133,2.175884962081909,,,,
42134,42134,2.1461615562438965,,,,
42135,42135,2.1192429065704346,,,,
42136,42136,2.0723657608032227,,,,
42137,42137,2.073840618133545,,,,
42138,42138,2.045332908630371,,,,
42139,42139,,2.081629753112793,,,
42139,42139,2.081629753112793,,,,
42140,42140,2.05134654045105,,,,
42141,42141,2.0572478771209717,,,,
42142,42142,2.038925886154175,,,,
42143,42143,2.0447044372558594,,,,
42144,42144,2.0441508293151855,,,,
42145,42145,2.050903797149658,,,,
42146,42146,2.053926706314087,,,,
42147,42147,2.0605177879333496,,,,
42148,42148,2.041773796081543,,,,
42149,42149,,2.0558688640594482,,,
42149,42149,2.0558688640594482,,,,
42150,42150,2.0268211364746094,,,,
42151,42151,2.041517734527588,,,,
42152,42152,2.024916648864746,,,,
42153,42153,2.062974691390991,,,,
42154,42154,2.1676926612854004,,,,
42155,42155,2.6225969791412354,,,,
42156,42156,5.220896244049072,,,,
42157,42157,4.347241401672363,,,,
42158,42158,9.317951202392578,,,,
42159,42159,,2.2969956398010254,,,
42159,42159,2.2969956398010254,,,,
42160,42160,22.546527862548828,,,,
42161,42161,121.71623992919922,,,,
42162,42162,185.23394775390625,,,,
42163,42163,211.12039184570312,,,,
42164,42164,211.5340576171875,,,,
42165,42165,193.17282104492188,,,,
42166,42166,161.61204528808594,,,,
42167,42167,121.27108764648438,,,,
42168,42168,76.81504821777344,,,,
42169,42169,,29.500261306762695,,,
42169,42169,29.500261306762695,,,,
42170,42170,89.39824676513672,,,,
42171,42171,26.524715423583984,,,,
42172,42172,25.908567428588867,,,,
42173,42173,36.63008117675781,,,,
42174,42174,41.011234283447266,,,,
42175,42175,40.013954162597656,,,,
42176,42176,35.172996520996094,,,,
42177,42177,27.9888973236084,,,,
42178,42178,21.44879722595215,,,,
42179,42179,,21.484512329101562,,,
42179,42179,21.484512329101562,,,,
42180,42180,28.532981872558594,,,,
42181,42181,29.806276321411133,,,,
42182,42182,24.498199462890625,,,,
42183,42183,20.844593048095703,,,,
42184,42184,22.510761260986328,,,,
42185,42185,24.716100692749023,,,,
42186,42186,25.870548248291016,,,,
42187,42187,25.98432159423828,,,,
42188,42188,25.047565460205078,,,,
42189,42189,,23.511940002441406,,,
42189,42189,23.511940002441406,,,,
42190,42190,21.91082191467285,,,,
42191,42191,21.1695613861084,,,,
42192,42192,22.51981544494629,,,,
42193,42193,23.4746150970459,,,,
42194,42194,22.8737850189209,,,,
42195,42195,21.17814064025879,,,,
42196,42196,20.408918380737305,,,,
42197,42197,20.837900161743164,,,,
42198,42198,21.384521484375,,,,
42199,42199,,21.299394607543945,,,
42199,42199,21.299394607543945,,,,
42200,42200,20.54681968688965,,,,
42201,42201,19.611032485961914,,,,
42202,42202,19.300508499145508,,,,
42203,42203,19.760087966918945,,,,
42204,42204,19.862411499023438,,,,
42205,42205,19.07392692565918,,,,
42206,42206,18.456981658935547,,,,
42207,42207,18.47547721862793,,,,
42208,42208,18.617633819580078,,,,
42209,42209,,18.355138778686523,,,
42209,42209,18.355138778686523,,,,
42210,42210,17.841318130493164,,,,
42211,42211,17.60228157043457,,,,
42212,42212,17.77043342590332,,,,
42213,42213,17.672019958496094,,,,
42214,42214,17.219974517822266,,,,
42215,42215,16.92325782775879,,,,
42216,42216,16.935930252075195,,,,
42217,42217,16.835731506347656,,,,
42218,42218,16.43892478942871,,,,
42219,42219,,16.1531982421875,,,
42219,42219,16.1531982421875,,,,
42220,42220,16.13380241394043,,,,
42221,42221,15.982587814331055,,,,
42222,42222,15.699319839477539,,,,
42223,42223,15.492931365966797,,,,
42224,42224,15.502947807312012,,,,
42225,42225,15.312139511108398,,,,
42226,42226,15.089279174804688,,,,
42227,42227,14.945416450500488,,,,
42228,42228,14.827532768249512,,,,
42229,42229,,14.635346412658691,,,
42229,42229,14.635346412658691,,,,
42230,42230,14.445302963256836,,,,
42231,42231,14.458889961242676,,,,
42232,42232,14.423447608947754,,,,
42233,42233,14.208218574523926,,,,
42234,42234,13.918498039245605,,,,
42235,42235,13.86624526977539,,,,
42236,42236,13.782020568847656,,,,
42237,42237,13.515666961669922,,,,
42238,42238,13.487808227539062,,,,
42239,42239,,13.434147834777832,,,
42239,42239,13.434147834777832,,,,
42240,42240,13.334166526794434,,,,
42241,42241,13.254891395568848,,,,
42242,42242,13.169987678527832,,,,
42243,42243,13.027215003967285,,,,
42244,42244,12.930021286010742,,,,
42245,42245,12.860774993896484,,,,
42246,42246,12.847962379455566,,,,
42247,42247,12.79700756072998,,,,
42248,42248,12.562272071838379,,,,
42249,42249,,12.417594909667969,,,
42249,42249,12.417594909667969,,,,
42250,42250,12.352245330810547,,,,
42251,42251,12.265907287597656,,,,
42252,42252,12.304455757141113,,,,
42253,42253,12.275083541870117,,,,
42254,42254,12.174957275390625,,,,
42255,42255,12.060856819152832,,,,
42256,42256,12.009294509887695,,,,
42257,42257,11.918185234069824,,,,
42258,42258,11.95958137512207,,,,
42259,42259,,11.908705711364746,,,
42259,42259,11.908705711364746,,,,
42260,42260,11.810709953308105,,,,
42261,42261,11.78829574584961,,,,
42262,42262,11.764283180236816,,,,
42263,42263,11.676898002624512,,,,
42264,42264,11.607454299926758,,,,
42265,42265,11.546917915344238,,,,
42266,42266,11.539285659790039,,,,
42267,42267,11.482287406921387,,,,
42268,42268,11.471784591674805,,,,
42269,42269,,11.422985076904297,,,
42269,42269,11.422985076904297,,,,
42270,42270,11.454760551452637,,,,
42271,42271,11.334310531616211,,,,
42272,42272,11.254308700561523,,,,
42273,42273,11.186782836914062,,,,
42274,42274,11.119728088378906,,,,
42275,42275,11.104881286621094,,,,
42276,42276,11.107682228088379,,,,
42277,42277,11.062877655029297,,,,
42278,42278,11.0796480178833,,,,
42279,42279,,11.08560848236084,,,
42279,42279,11.08560848236084,,,,
42280,42280,11.023567199707031,,,,
42281,42281,10.93020248413086,,,,
42282,42282,10.962920188903809,,,,
42283,42283,10.828753471374512,,,,
42284,42284,10.7485990524292,,,,
42285,42285,10.757721900939941,,,,
42286,42286,10.664386749267578,,,,
42287,42287,10.640186309814453,,,,
42288,42288,10.589377403259277,,,,
42289,42289,,10.556994438171387,,,
42289,42289,10.556994438171387,,,,
42290,42290,10.491467475891113,,,,
42291,42291,10.505830764770508,,,,
42292,42292,10.450348854064941,,,,
42293,42293,10.46837329864502,,,,
42294,42294,10.443912506103516,,,,
42295,42295,10.451437950134277,,,,
42296,42296,10.35688304901123,,,,
42297,42297,10.318535804748535,,,,
42298,42298,10.241124153137207,,,,
42299,42299,,10.154683113098145,,,
42299,42299,10.154683113098145,,,,
42300,42300,10.108845710754395,,,,
42301,42301,10.081496238708496,,,,
42302,42302,10.11060905456543,,,,
42303,42303,10.058388710021973,,,,
42304,42304,10.083627700805664,,,,
42305,42305,10.071182250976562,,,,
42306,42306,10.097426414489746,,,,
42307,42307,10.10424518585205,,,,
42308,42308,10.107270240783691,,,,
42309,42309,,10.04614543914795,,,
42309,42309,10.04614543914795,,,,
42310,42310,10.00812816619873,,,,
42311,42311,10.014368057250977,,,,
42312,42312,9.983308792114258,,,,
42313,42313,9.896181106567383,,,,
42314,42314,9.827709197998047,,,,
42315,42315,9.855319023132324,,,,
42316,42316,9.771175384521484,,,,
42317,42317,9.705547332763672,,,,
42318,42318,9.707024574279785,,,,
42319,42319,,9.728123664855957,,,
42319,42319,9.728123664855957,,,,
42320,42320,9.67525577545166,,,,
42321,42321,9.622525215148926,,,,
42322,42322,9.578228950500488,,,,
42323,42323,9.565413475036621,,,,
42324,42324,9.572473526000977,,,,
42325,42325,9.572091102600098,,,,
42326,42326,9.55578327178955,,,,
42327,42327,9.617709159851074,,,,
42328,42328,9.576260566711426,,,,
42329,42329,,9.530518531799316,,,
42329,42329,9.530518531799316,,,,
42330,42330,9.505084991455078,,,,
42331,42331,9.49664306640625,,,,
42332,42332,9.432323455810547,,,,
42333,42333,9.424331665039062,,,,
42334,42334,9.401633262634277,,,,
42335,42335,9.397433280944824,,,,
42336,42336,9.428631782531738,,,,
42337,42337,9.419751167297363,,,,
42338,42338,9.381728172302246,,,,
42339,42339,,9.320131301879883,,,
42339,42339,9.320131301879883,,,,
42340,42340,9.323088645935059,,,,
42341,42341,9.333717346191406,,,,
42342,42342,9.272459983825684,,,,
42343,42343,9.32240104675293,,,,
42344,42344,9.318753242492676,,,,
42345,42345,9.298486709594727,,,,
42346,42346,9.254693031311035,,,,
42347,42347,9.245161056518555,,,,
42348,42348,9.259308815002441,,,,
42349,42349,,9.27037239074707,,,
42349,42349,9.27037239074707,,,,
42350,42350,9.234254837036133,,,,
42351,42351,9.182804107666016,,,,
42352,42352,9.135222434997559,,,,
42353,42353,9.114013671875,,,,
42354,42354,9.022345542907715,,,,
42355,42355,9.114019393920898,,,,
42356,42356,9.058091163635254,,,,
42357,42357,9.077499389648438,,,,
42358,42358,8.966558456420898,,,,
42359,42359,,8.948641777038574,,,
42359,42359,8.948641777038574,,,,
42360,42360,8.892424583435059,,,,
42361,42361,8.943649291992188,,,,
42362,42362,8.947861671447754,,,,
42363,42363,8.916586875915527,,,,
42364,42364,8.890288352966309,,,,
42365,42365,8.880173683166504,,,,
42366,42366,8.870685577392578,,,,
42367,42367,8.811091423034668,,,,
42368,42368,8.860210418701172,,,,
42369,42369,,8.74781322479248,,,
42369,42369,8.74781322479248,,,,
42370,42370,8.717803955078125,,,,
42371,42371,8.797533988952637,,,,
42372,42372,8.676599502563477,,,,
42373,42373,8.690752983093262,,,,
42374,42374,8.636080741882324,,,,
42375,42375,8.654252052307129,,,,
42376,42376,8.559246063232422,,,,
42377,42377,8.562433242797852,,,,
42378,42378,8.532242774963379,,,,
42379,42379,,8.553668975830078,,,
42379,42379,8.553668975830078,,,,
42380,42380,8.54029655456543,,,,
42381,42381,8.44824504852295,,,,
42382,42382,8.418538093566895,,,,
42383,42383,8.374457359313965,,,,
42384,42384,8.402628898620605,,,,
42385,42385,8.333870887756348,,,,
42386,42386,8.247002601623535,,,,
42387,42387,8.211555480957031,,,,
42388,42388,8.231769561767578,,,,
42389,42389,,8.236930847167969,,,
42389,42389,8.236930847167969,,,,
42390,42390,8.2166166305542,,,,
42391,42391,8.237632751464844,,,,
42392,42392,8.228174209594727,,,,
42393,42393,8.188898086547852,,,,
42394,42394,8.150049209594727,,,,
42395,42395,8.15221118927002,,,,
42396,42396,8.118165016174316,,,,
42397,42397,8.11078929901123,,,,
42398,42398,8.054704666137695,,,,
42399,42399,,8.0512056350708,,,
42399,42399,8.0512056350708,,,,
42400,42400,8.006124496459961,,,,
42401,42401,7.938841342926025,,,,
42402,42402,7.892918109893799,,,,
42403,42403,7.91270112991333,,,,
42404,42404,7.84702730178833,,,,
42405,42405,7.835967063903809,,,,
42406,42406,7.791019916534424,,,,
42407,42407,7.743709087371826,,,,
42408,42408,7.745849132537842,,,,
42409,42409,,7.7194366455078125,,,
42409,42409,7.7194366455078125,,,,
42410,42410,7.710528373718262,,,,
42411,42411,7.688811302185059,,,,
42412,42412,7.591636657714844,,,,
42413,42413,7.5693864822387695,,,,
42414,42414,7.565962791442871,,,,
42415,42415,7.611688613891602,,,,
42416,42416,7.520003318786621,,,,
42417,42417,7.508131504058838,,,,
42418,42418,7.566199779510498,,,,
42419,42419,,7.547830104827881,,,
42419,42419,7.547830104827881,,,,
42420,42420,7.528659820556641,,,,
42421,42421,7.460737228393555,,,,
42422,42422,7.404201984405518,,,,
42423,42423,7.267541408538818,,,,
42424,42424,7.216851711273193,,,,
42425,42425,7.184680461883545,,,,
42426,42426,7.054315090179443,,,,
42427,42427,6.9771952629089355,,,,
42428,42428,6.969086170196533,,,,
42429,42429,,6.915321350097656,,,
42429,42429,6.915321350097656,,,,
42430,42430,6.88511323928833,,,,
42431,42431,6.85690450668335,,,,
42432,42432,6.840577602386475,,,,
42433,42433,6.763754367828369,,,,
42434,42434,6.691798210144043,,,,
42435,42435,6.617079734802246,,,,
42436,42436,6.571782112121582,,,,
42437,42437,6.5539422035217285,,,,
42438,42438,6.576327800750732,,,,
42439,42439,,6.636539936065674,,,
42439,42439,6.636539936065674,,,,
42440,42440,6.573486328125,,,,
42441,42441,6.531352519989014,,,,
42442,42442,6.454662322998047,,,,
42443,42443,6.418586730957031,,,,
42444,42444,6.273715019226074,,,,
42445,42445,6.192873477935791,,,,
42446,42446,6.126336574554443,,,,
42447,42447,6.027284622192383,,,,
42448,42448,5.946342945098877,,,,
42449,42449,,5.9467549324035645,,,
42449,42449,5.9467549324035645,,,,
42450,42450,5.869186878204346,,,,
42451,42451,5.770793437957764,,,,
42452,42452,5.717408180236816,,,,
42453,42453,5.6152472496032715,,,,
42454,42454,5.556668281555176,,,,
42455,42455,5.484881401062012,,,,
42456,42456,5.479078769683838,,,,
42457,42457,5.317002296447754,,,,
42458,42458,5.28141450881958,,,,
42459,42459,,5.176934719085693,,,
42459,42459,5.176934719085693,,,,
42460,42460,5.077746868133545,,,,
42461,42461,4.9946208000183105,,,,
42462,42462,4.971165180206299,,,,
42463,42463,4.832285404205322,,,,
42464,42464,4.819478511810303,,,,
42465,42465,4.784542083740234,,,,
42466,42466,4.7002105712890625,,,,
42467,42467,4.653092384338379,,,,
42468,42468,4.554815292358398,,,,
42469,42469,,4.560661315917969,,,
42469,42469,4.560661315917969,,,,
42470,42470,4.448111534118652,,,,
42471,42471,4.437549114227295,,,,
42472,42472,4.292578220367432,,,,
42473,42473,4.294179439544678,,,,
42474,42474,4.1805419921875,,,,
42475,42475,4.118486404418945,,,,
42476,42476,4.137714385986328,,,,
42477,42477,4.072576522827148,,,,
42478,42478,4.015323638916016,,,,
42479,42479,,3.962839365005493,,,
42479,42479,3.962839365005493,,,,
42480,42480,3.932377338409424,,,,
42481,42481,3.8898262977600098,,,,
42482,42482,3.8469078540802,,,,
42483,42483,3.918186902999878,,,,
42484,42484,3.878431558609009,,,,
42485,42485,3.807048797607422,,,,
42486,42486,3.821868658065796,,,,
42487,42487,3.7580389976501465,,,,
42488,42488,3.749814033508301,,,,
42489,42489,,3.6557416915893555,,,
42489,42489,3.6557416915893555,,,,
42490,42490,3.6710667610168457,,,,
42491,42491,3.596144914627075,,,,
42492,42492,3.65164852142334,,,,
42493,42493,3.5409812927246094,,,,
42494,42494,3.6469056606292725,,,,
42495,42495,3.55987811088562,,,,
42496,42496,3.6043474674224854,,,,
42497,42497,3.5259830951690674,,,,
42498,42498,3.6710360050201416,,,,
42499,42499,,3.615382194519043,,,
42499,42499,,,0.19509157538414001,232.79217529296875,96.73773956298828
42499,42499,3.615382194519043,,,,
42500,42500,3.782966136932373,,,,
42501,42501,3.715643882751465,,,,
42502,42502,4.168795108795166,,,,
42503,42503,3.8940048217773438,,,,
42504,42504,4.233983993530273,,,,
42505,42505,3.8593645095825195,,,,
42506,42506,4.121159076690674,,,,
42507,42507,3.8369052410125732,,,,
42508,42508,4.223957061767578,,,,
42509,42509,,3.8531365394592285,,,
42509,42509,3.8531365394592285,,,,
42510,42510,4.267915725708008,,,,
42511,42511,3.901907444000244,,,,
42512,42512,4.3800177574157715,,,,
42513,42513,3.8606739044189453,,,,
42514,42514,3.9257051944732666,,,,
42515,42515,3.4872641563415527,,,,
42516,42516,3.1988699436187744,,,,
42517,42517,3.0828254222869873,,,,
42518,42518,3.1045846939086914,,,,
42519,42519,,3.184490919113159,,,
42519,42519,3.184490919113159,,,,
42520,42520,3.2489936351776123,,,,
42521,42521,3.2675888538360596,,,,
42522,42522,3.0868735313415527,,,,
42523,42523,2.980001211166382,,,,
42524,42524,2.9285902976989746,,,,
42525,42525,3.000387191772461,,,,
42526,42526,3.04730486869812,,,,
42527,42527,3.051025390625,,,,
42528,42528,3.1038804054260254,,,,
42529,42529,,2.982403039932251,,,
42529,42529,2.982403039932251,,,,
42530,42530,2.958033323287964,,,,
42531,42531,2.9124867916107178,,,,
42532,42532,2.8982789516448975,,,,
42533,42533,2.9270668029785156,,,,
42534,42534,2.9599692821502686,,,,
42535,42535,2.9764835834503174,,,,
42536,42536,2.9011423587799072,,,,
42537,42537,2.820091485977173,,,,
42538,42538,2.8083887100219727,,,,
42539,42539,,2.8853049278259277,,,
42539,42539,2.8853049278259277,,,,
42540,42540,2.9097697734832764,,,,
42541,42541,2.871917724609375,,,,
42542,42542,2.8265209197998047,,,,
42543,42543,2.731703996658325,,,,
42544,42544,2.7061164379119873,,,,
42545,42545,2.7578186988830566,,,,
42546,42546,2.7960968017578125,,,,
42547,42547,2.7181270122528076,,,,
42548,42548,2.6448962688446045,,,,
42549,42549,,2.696699619293213,,,
42549,42549,2.696699619293213,,,,
42550,42550,2.7822623252868652,,,,
42551,42551,2.826092481613159,,,,
42552,42552,2.98156476020813,,,,
42553,42553,2.900449275970459,,,,
42554,42554,3.0118091106414795,,,,
42555,42555,2.8755548000335693,,,,
42556,42556,3.1017088890075684,,,,
42557,42557,2.8739163875579834,,,,
42558,42558,2.994420289993286,,,,
42559,42559,,2.831390619277954,,,
42559,42559,2.831390619277954,,,,
42560,42560,2.942218780517578,,,,
42561,42561,2.758934259414673,,,,
42562,42562,2.785083532333374,,,,
42563,42563,2.6202306747436523,,,,
42564,42564,2.5461552143096924,,,,
42565,42565,2.5872387886047363,,,,
42566,42566,2.708320140838623,,,,
42567,42567,2.93149471282959,,,,
42568,42568,2.86458158493042,,,,
42569,42569,,2.99118709564209,,,
42569,42569,2.99118709564209,,,,
42570,42570,2.653444290161133,,,,
42571,42571,2.5119521617889404,,,,
42572,42572,2.502645969390869,,,,
42573,42573,2.6035053730010986,,,,
42574,42574,2.9567794799804688,,,,
42575,42575,2.8553104400634766,,,,
42576,42576,2.955578565597534,,,,
42577,42577,2.5769855976104736,,,,
42578,42578,2.4378578662872314,,,,
42579,42579,,2.4323625564575195,,,
42579,42579,2.4323625564575195,,,,
42580,42580,2.5325255393981934,,,,
42581,42581,2.752634286880493,,,,
42582,42582,2.651808738708496,,,,
42583,42583,2.536423683166504,,,,
42584,42584,2.3854851722717285,,,,
42585,42585,2.3844125270843506,,,,
42586,42586,2.548652410507202,,,,
42587,42587,2.6149826049804688,,,,
42588,42588,2.586906671524048,,,,
42589,42589,,2.43472957611084,,,
42589,42589,2.43472957611084,,,,
42590,42590,2.341996192932129,,,,
42591,42591,2.3457212448120117,,,,
42592,42592,2.3966546058654785,,,,
42593,42593,2.440581798553467,,,,
42594,42594,2.4984850883483887,,,,
42595,42595,2.407933473587036,,,,
42596,42596,2.3672029972076416,,,,
42597,42597,2.3090310096740723,,,,
42598,42598,2.3134686946868896,,,,
42599,42599,,2.302985906600952,,,
42599,42599,2.302985906600952,,,,
42600,42600,2.304316520690918,,,,
42601,42601,2.3598175048828125,,,,
42602,42602,2.314284086227417,,,,
42603,42603,2.3256442546844482,,,,
42604,42604,2.294020891189575,,,,
42605,42605,2.276632070541382,,,,
42606,42606,2.269012212753296,,,,
42607,42607,2.296304941177368,,,,
42608,42608,2.2922756671905518,,,,
42609,42609,,2.285820722579956,,,
42609,42609,2.285820722579956,,,,
42610,42610,2.265482187271118,,,,
42611,42611,2.259389877319336,,,,
42612,42612,2.266554594039917,,,,
42613,42613,2.2495768070220947,,,,
42614,42614,2.228199005126953,,,,
42615,42615,2.2481563091278076,,,,
42616,42616,2.2900390625,,,,
42617,42617,2.253016948699951,,,,
42618,42618,2.2605390548706055,,,,
42619,42619,,2.2084462642669678,,,
42619,42619,2.2084462642669678,,,,
42620,42620,2.21425461769104,,,,
42621,42621,2.269897222518921,,,,
42622,42622,2.2506794929504395,,,,
42623,42623,2.252922773361206,,,,
42624,42624,2.2130401134490967,,,,
42625,42625,2.213200092315674,,,,
42626,42626,2.178133249282837,,,,
42627,42627,2.1653330326080322,,,,
42628,42628,2.189011335372925,,,,
42629,42629,,2.159045696258545,,,
42629,42629,2.159045696258545,,,,
42630,42630,2.182634115219116,,,,
42631,42631,2.1551320552825928,,,,
42632,42632,2.1664907932281494,,,,
42633,42633,2.1453564167022705,,,,
42634,42634,2.1405351161956787,,,,
42635,42635,2.138848066329956,,,,
42636,42636,2.140606164932251,,,,
42637,42637,2.159632921218872,,,,
42638,42638,2.2242512702941895,,,,
42639,42639,,2.2504866123199463,,,
42639,42639,2.2504866123199463,,,,
42640,42640,2.4204206466674805,,,,
42641,42641,2.3703057765960693,,,,
42642,42642,2.4748902320861816,,,,
42643,42643,2.32775616645813,,,,
42644,42644,2.351083517074585,,,,
42645,42645,2.261029005050659,,,,
42646,42646,2.1648378372192383,,,,
42647,42647,2.1319422721862793,,,,
42648,42648,2.0960686206817627,,,,
42649,42649,,2.0833892822265625,,,
42649,42649,2.0833892822265625,,,,
42650,42650,2.079343557357788,,,,
42651,42651,2.0913872718811035,,,,
42652,42652,2.083239793777466,,,,
42653,42653,2.0892772674560547,,,,
42654,42654,2.093488931655884,,,,
42655,42655,2.153804302215576,,,,
42656,42656,2.2290070056915283,,,,
42657,42657,2.528170108795166,,,,
42658,42658,2.58686900138855,,,,
42659,42659,,3.059823513031006,,,
42659,42659,3.059823513031006,,,,
42660,42660,2.7250730991363525,,,,
42661,42661,2.8238487243652344,,,,
42662,42662,2.3900694847106934,,,,
42663,42663,2.259073495864868,,,,
42664,42664,2.2034573554992676,,,,
42665,42665,2.280787467956543,,,,
42666,42666,2.4185969829559326,,,,
42667,42667,2.7729170322418213,,,,
42668,42668,2.9651710987091064,,,,
42669,42669,,3.5744080543518066,,,
42669,42669,3.5744080543518066,,,,
42670,42670,3.0505211353302,,,,
42671,42671,2.0926547050476074,,,,
42672,42672,2.6966772079467773,,,,
42673,42673,2.0475926399230957,,,,
42674,42674,2.4839460849761963,,,,
42675,42675,2.2511465549468994,,,,
42676,42676,2.251561164855957,,,,
42677,42677,2.390089511871338,,,,
42678,42678,2.207493543624878,,,,
42679,42679,,2.321950674057007,,,
42679,42679,2.321950674057007,,,,
42680,42680,2.07492733001709,,,,
42681,42681,2.158198356628418,,,,
42682,42682,2.1924216747283936,,,,
42683,42683,2.484574794769287,,,,
42684,42684,3.027533531188965,,,,
42685,42685,2.411764621734619,,,,
42686,42686,2.2459874153137207,,,,
42687,42687,2.0295114517211914,,,,
42688,42688,2.073531150817871,,,,
42689,42689,,2.3483171463012695,,,
42689,42689,2.3483171463012695,,,,
42690,42690,2.46124005317688,,,,
42691,42691,2.9268271923065186,,,,
42692,42692,2.365147352218628,,,,
42693,42693,2.125499963760376,,,,
42694,42694,2.052532434463501,,,,
42695,42695,2.1416244506835938,,,,
42696,42696,2.7424652576446533,,,,
42697,42697,2.6631016731262207,,,,
42698,42698,3.212933301925659,,,,
42699,42699,,2.3327252864837646,,,
42699,42699,2.3327252864837646,,,,
42700,42700,2.090029716491699,,,,
42701,42701,2.5088276863098145,,,,
42702,42702,2.679912805557251,,,,
42703,42703,3.636608123779297,,,,
42704,42704,2.5547056198120117,,,,
42705,42705,2.1441726684570312,,,,
42706,42706,2.1846771240234375,,,,
42707,42707,2.178846597671509,,,,
42708,42708,2.520437717437744,,,,
42709,42709,,2.3052866458892822,,,
42709,42709,2.3052866458892822,,,,
42710,42710,2.1219990253448486,,,,
42711,42711,2.058723211288452,,,,
42712,42712,2.03938889503479,,,,
42713,42713,2.1800787448883057,,,,
42714,42714,2.1035993099212646,,,,
42715,42715,2.03548264503479,,,,
42716,42716,2.08243465423584,,,,
42717,42717,1.9806525707244873,,,,
42718,42718,2.021085023880005,,,,
42719,42719,,1.9893913269042969,,,
42719,42719,1.9893913269042969,,,,
42720,42720,1.992855191230774,,,,
42721,42721,2.0024452209472656,,,,
42722,42722,1.9710180759429932,,,,
42723,42723,2.0007643699645996,,,,
42724,42724,1.9923840761184692,,,,
42725,42725,2.0030677318573,,,,
42726,42726,1.9748470783233643,,,,
42727,42727,2.0362417697906494,,,,
42728,42728,1.9955542087554932,,,,
42729,42729,,2.0354537963867188,,,
42729,42729,2.0354537963867188,,,,
42730,42730,2.0363543033599854,,,,
42731,42731,2.245272159576416,,,,
42732,42732,2.311439037322998,,,,
42733,42733,3.005499839782715,,,,
42734,42734,2.4865288734436035,,,,
42735,42735,2.812908411026001,,,,
42736,42736,2.167790174484253,,,,
42737,42737,2.0159261226654053,,,,
42738,42738,1.9407495260238647,,,,
42739,42739,,1.9681106805801392,,,
42739,42739,1.9681106805801392,,,,
42740,42740,2.242147922515869,,,,
42741,42741,2.348379611968994,,,,
42742,42742,3.187380313873291,,,,
42743,42743,2.215991497039795,,,,
42744,42744,1.9556788206100464,,,,
42745,42745,1.9650027751922607,,,,
42746,42746,2.144970178604126,,,,
42747,42747,2.7754693031311035,,,,
42748,42748,2.506002187728882,,,,
42749,42749,,3.1305456161499023,,,
42749,42749,3.1305456161499023,,,,
42750,42750,2.1525189876556396,,,,
42751,42751,1.9646364450454712,,,,
42752,42752,2.3341851234436035,,,,
42753,42753,2.407421112060547,,,,
42754,42754,3.1748340129852295,,,,
42755,42755,2.2907633781433105,,,,
42756,42756,2.1666924953460693,,,,
42757,42757,1.9242597818374634,,,,
42758,42758,2.020336627960205,,,,
42759,42759,,2.4154531955718994,,,
42759,42759,2.4154531955718994,,,,
42760,42760,2.3429887294769287,,,,
42761,42761,2.819567918777466,,,,
42762,42762,2.136401414871216,,,,
42763,42763,1.9966785907745361,,,,
42764,42764,2.0038909912109375,,,,
42765,42765,2.1864821910858154,,,,
42766,42766,2.9282639026641846,,,,
42767,42767,2.3244917392730713,,,,
42768,42768,2.328470230102539,,,,
42769,42769,,2.0071699619293213,,,
42769,42769,2.0071699619293213,,,,
42770,42770,1.9057300090789795,,,,
42771,42771,2.0625851154327393,,,,
42772,42772,2.18312668800354,,,,
42773,42773,2.580486536026001,,,,
42774,42774,2.242358922958374,,,,
42775,42775,2.36423659324646,,,,
42776,42776,2.0031540393829346,,,,
42777,42777,1.8937695026397705,,,,
42778,42778,2.157987356185913,,,,
42779,42779,,2.325967788696289,,,
42779,42779,2.325967788696289,,,,
42780,42780,3.156954526901245,,,,
42781,42781,2.1857240200042725,,,,
42782,42782,1.9372690916061401,,,,
42783,42783,2.0348212718963623,,,,
42784,42784,2.1543917655944824,,,,
42785,42785,2.7040581703186035,,,,
42786,42786,2.2840166091918945,,,,
42787,42787,2.4019088745117188,,,,
42788,42788,1.9785634279251099,,,,
42789,42789,,1.9783340692520142,,,
42789,42789,1.9783340692520142,,,,
42790,42790,2.2873122692108154,,,,
42791,42791,2.134154796600342,,,,
42792,42792,2.190958023071289,,,,
42793,42793,1.9086185693740845,,,,
42794,42794,1.8577619791030884,,,,
42795,42795,1.975512981414795,,,,
42796,42796,1.9957033395767212,,,,
42797,42797,2.0027544498443604,,,,
42798,42798,1.8632200956344604,,,,
42799,42799,,1.8634085655212402,,,
42799,42799,1.8634085655212402,,,,
42800,42800,1.885866403579712,,,,
42801,42801,1.8666205406188965,,,,
42802,42802,1.8738954067230225,,,,
42803,42803,1.8299939632415771,,,,
42804,42804,1.8329263925552368,,,,
42805,42805,1.8954112529754639,,,,
42806,42806,1.8529127836227417,,,,
42807,42807,1.8750280141830444,,,,
42808,42808,1.8296842575073242,,,,
42809,42809,,1.8352545499801636,,,
42809,42809,1.8352545499801636,,,,
42810,42810,1.8623331785202026,,,,
42811,42811,1.8132587671279907,,,,
42812,42812,1.910399317741394,,,,
42813,42813,1.856163740158081,,,,
42814,42814,2.012178659439087,,,,
42815,42815,1.9568873643875122,,,,
42816,42816,2.3717966079711914,,,,
42817,42817,2.201732873916626,,,,
42818,42818,2.9404706954956055,,,,
42819,42819,,2.0752434730529785,,,
42819,42819,2.0752434730529785,,,,
42820,42820,2.0187084674835205,,,,
42821,42821,1.8201773166656494,,,,
42822,42822,1.8736933469772339,,,,
42823,42823,1.8480230569839478,,,,
42824,42824,1.7995282411575317,,,,
42825,42825,1.8973524570465088,,,,
42826,42826,1.9005149602890015,,,,
42827,42827,2.1567790508270264,,,,
42828,42828,2.093994617462158,,,,
42829,42829,,2.7789695262908936,,,
42829,42829,2.7789695262908936,,,,
42830,42830,2.159560441970825,,,,
42831,42831,2.3812670707702637,,,,
42832,42832,1.9390264749526978,,,,
42833,42833,1.923709511756897,,,,
42834,42834,1.813186764717102,,,,
42835,42835,1.842918038368225,,,,
42836,42836,1.8250055313110352,,,,
42837,42837,1.7743349075317383,,,,
42838,42838,1.8474640846252441,,,,
42839,42839,,1.8165397644042969,,,
42839,42839,1.8165397644042969,,,,
42840,42840,2.041813373565674,,,,
42841,42841,2.038680076599121,,,,
42842,42842,2.6762406826019287,,,,
42843,42843,2.2389745712280273,,,,
42844,42844,2.849417209625244,,,,
42845,42845,2.011282444000244,,,,
42846,42846,1.8755764961242676,,,,
42847,42847,1.8350998163223267,,,,
42848,42848,1.9124573469161987,,,,
42849,42849,,2.379997491836548,,,
42849,42849,2.379997491836548,,,,
42850,42850,2.1509339809417725,,,,
42851,42851,2.5323925018310547,,,,
42852,42852,1.9215444326400757,,,,
42853,42853,1.7923580408096313,,,,
42854,42854,2.118807077407837,,,,
42855,42855,2.2345197200775146,,,,
42856,42856,3.28430438041687,,,,
42857,42857,2.1005332469940186,,,,
42858,42858,1.8795620203018188,,,,
42859,42859,,1.8772696256637573,,,
42859,42859,1.8772696256637573,,,,
42860,42860,2.01351261138916,,,,
42861,42861,2.4266021251678467,,,,
42862,42862,2.0290675163269043,,,,
42863,42863,1.9841744899749756,,,,
42864,42864,1.8257298469543457,,,,
42865,42865,1.7852118015289307,,,,
42866,42866,1.9795470237731934,,,,
42867,42867,1.9567382335662842,,,,
42868,42868,2.228027582168579,,,,
42869,42869,,1.9837359189987183,,,
42869,42869,1.9837359189987183,,,,
42870,42870,2.0926766395568848,,,,
42871,42871,1.8585801124572754,,,,
42872,42872,1.8585823774337769,,,,
42873,42873,1.792177438735962,,,,
42874,42874,1.807174563407898,,,,
42875,42875,1.8218412399291992,,,,
42876,42876,1.8829431533813477,,,,
42877,42877,2.226931571960449,,,,
42878,42878,2.1313605308532715,,,,
42879,42879,,2.794609546661377,,,
42879,42879,2.794609546661377,,,,
42880,42880,2.0784614086151123,,,,
42881,42881,2.007016181945801,,,,
42882,42882,1.82009756565094,,,,
42883,42883,1.775397777557373,,,,
42884,42884,1.8295725584030151,,,,
42885,42885,1.8626652956008911,,,,
42886,42886,2.295483350753784,,,,
42887,42887,2.116401433944702,,,,
42888,42888,2.506237745285034,,,,
42889,42889,,1.8997693061828613,,,
42889,42889,1.8997693061828613,,,,
42890,42890,1.816293716430664,,,,
42891,42891,1.763537883758545,,,,
42892,42892,1.910212516784668,,,,
42893,42893,2.338686943054199,,,,
42894,42894,2.1047496795654297,,,,
42895,42895,2.4435431957244873,,,,
42896,42896,1.8605116605758667,,,,
42897,42897,1.7655525207519531,,,,
42898,42898,1.779693365097046,,,,
42899,42899,,1.8529424667358398,,,
42899,42899,1.8529424667358398,,,,
42900,42900,1.9646705389022827,,,,
42901,42901,1.8776299953460693,,,,
42902,42902,2.063227891921997,,,,
42903,42903,1.833561897277832,,,,
42904,42904,1.813077688217163,,,,
42905,42905,1.7634068727493286,,,,
42906,42906,1.756359338760376,,,,
42907,42907,1.7495100498199463,,,,
42908,42908,1.7729270458221436,,,,
42909,42909,,1.8093881607055664,,,
42909,42909,1.8093881607055664,,,,
42910,42910,1.7966585159301758,,,,
